                    1     2.5000000000000001E-003     1.3280023935180738     
                    2     7.4999999999999997E-003     1.3222928501984625     
                    3     1.2500000000000001E-002     1.3165667483233063     
                    4     1.7500000000000002E-002     1.3108239132619111     
                    5     2.2499999999999999E-002     1.3050641782016448     
                    6     2.7500000000000000E-002     1.2992873623731078     
                    7     3.2500000000000001E-002     1.2934932928550693     
                    8     3.7500000000000006E-002     1.2876817824257558     
                    9     4.2499999999999996E-002     1.2818526517372955     
                   10     4.7500000000000001E-002     1.2760057067807546     
                   11     5.2500000000000005E-002     1.2701407614418838     
                   12     5.7499999999999996E-002     1.2642576145669115     
                   13     6.2500000000000000E-002     1.2583560729119339     
                   14     6.7500000000000004E-002     1.2524359277958181     
                   15     7.2500000000000009E-002     1.2464969784561630     
                   16     7.7499999999999999E-002     1.2405390082749528     
                   17     8.2500000000000004E-002     1.2345618085546315     
                   18     8.7499999999999994E-002     1.2285651543013998     
                   19     9.2499999999999999E-002     1.2225488284356036     
                   20     9.7500000000000003E-002     1.2165125971167474     
                   21    0.10250000000000001          1.2104562344031002     
                   22    0.10750000000000000          1.2043794971016304     
                   23    0.11250000000000000          1.1982821498924738     
                   24    0.11749999999999999          1.1921639396860582     
                   25    0.12250000000000000          1.1860246212288708     
                   26    0.12750000000000000          1.1798639309490297     
                   27    0.13250000000000001          1.1736816130606331     
                   28    0.13750000000000001          1.1674773928779485     
                   29    0.14250000000000002          1.1612510034365227     
                   30    0.14749999999999999          1.1550021582549872     
                   31    0.15250000000000000          1.1487305784920641     
                   32    0.15750000000000000          1.1424359651337155     
                   33    0.16250000000000001          1.1361180267062081     
                   34    0.16750000000000001          1.1297764508649535     
                   35    0.17250000000000001          1.1234109326848842     
                   36    0.17749999999999999          1.1170211456258443     
                   37    0.18250000000000000          1.1106067704226923     
                   38    0.18750000000000000          1.1041674654004749     
                   39    0.19250000000000000          1.0977028959879247     
                   40    0.19750000000000001          1.0912127043538755     
                   41    0.20250000000000001          1.0846965395691535     
                   42    0.20750000000000002          1.0781540265337630     
                   43    0.21249999999999999          1.0715847968136007     
                   44    0.21750000000000000          1.0649884568258186     
                   45    0.22250000000000000          1.0583646193783154     
                   46    0.22750000000000001          1.0517128710783672     
                   47    0.23250000000000001          1.0450328046044861     
                   48    0.23749999999999999          1.0383239853008526     
                   49    0.24249999999999999          1.0315859842128798     
                   50    0.24750000000000000          1.0248183438271701     
                   51    0.25250000000000000          1.0180206119039987     
                   52    0.25750000000000001          1.0111923063194022     
                   53    0.26250000000000001          1.0043329497297981     
                   54    0.26750000000000002         0.99744203346936278     
                   55    0.27250000000000002         0.99051905308415011     
                   56    0.27750000000000002         0.98356347123407595     
                   57    0.28250000000000003         0.97657475413619244     
                   58    0.28749999999999998         0.96955233341631053     
                   59    0.29249999999999998         0.96249564350352712     
                   60    0.29749999999999999         0.95540408237172703     
                   61    0.30249999999999999         0.94827704993006079     
                   62    0.30750000000000000         0.94111390758917324     
                   63    0.31250000000000000         0.93391401769509796     
                   64    0.31750000000000000         0.92667670184897244     
                   65    0.32250000000000001         0.91940128143473920     
                   66    0.32750000000000001         0.91208703461421536     
                   67    0.33250000000000002         0.90473323800206806     
                   68    0.33750000000000002         0.89733912225025292     
                   69    0.34250000000000003         0.88990391492695542     
                   70    0.34750000000000003         0.88242679459543039     
                   71    0.35250000000000004         0.87490693495693472     
                   72    0.35749999999999998         0.86734345731866869     
                   73    0.36249999999999999         0.85973547606413958     
                   74    0.36749999999999999         0.85208204939295773     
                   75    0.37250000000000000         0.84438222618548764     
                   76    0.37750000000000000         0.83663499488335025     
                   77    0.38250000000000001         0.82883933181855629     
                   78    0.38750000000000001         0.82099414808728177     
                   79    0.39250000000000002         0.81309833941678122     
                   80    0.39750000000000002         0.80515073086580102     
                   81    0.40250000000000002         0.79715012830523801     
                   82    0.40750000000000003         0.78909526075573255     
                   83    0.41250000000000003         0.78098483355995896     
                   84    0.41749999999999998         0.77281746814059837     
                   85    0.42249999999999999         0.76459175694288639     
                   86    0.42749999999999999         0.75630620036311647     
                   87    0.43250000000000000         0.74795926353897968     
                   88    0.43750000000000000         0.73954931015842562     
                   89    0.44250000000000000         0.73107466117148356     
                   90    0.44750000000000001         0.72253352513959213     
                   91    0.45250000000000001         0.71392405893463584     
                   92    0.45750000000000002         0.70524429422687707     
                   93    0.46250000000000002         0.69649220022288649     
                   94    0.46750000000000003         0.68766560581200897     
                   95    0.47250000000000003         0.67876226437176779     
                   96    0.47750000000000004         0.66977977099282993     
                   97    0.48249999999999998         0.66071562934393124     
                   98    0.48749999999999999         0.65156716326569020     
                   99    0.49249999999999999         0.64233158563051029     
                  100    0.49750000000000000         0.63300590342492358     
                  101    0.50249999999999995         0.62358698845314664     
                  102    0.50750000000000006         0.61407147479912005     
                  103    0.51249999999999996         0.60445583108971501     
                  104    0.51750000000000007         0.59473624891602883     
                  105    0.52249999999999996         0.58490871616887508     
                  106    0.52750000000000008         0.57496889456542100     
                  107    0.53249999999999997         0.56491219325571795     
                  108    0.53750000000000009         0.55473363298442657     
                  109    0.54249999999999998         0.54442791867736029     
                  110    0.54750000000000010         0.53398928687033553     
                  111    0.55249999999999999         0.52341157520900417     
                  112    0.55750000000000011         0.51268804843406324     
                  113    0.56250000000000000         0.50181146147585720     
                  114    0.56750000000000012         0.49077385721617067     
                  115    0.57250000000000001         0.47956661779194354     
                  116    0.57750000000000001         0.46818022405820114     
                  117    0.58250000000000002         0.45660428620547372     
                  118    0.58749999999999991         0.44482724939779428     
                  119    0.59250000000000003         0.43283638864717378     
                  120    0.59749999999999992         0.42061743569016485     
                  121    0.60250000000000004         0.40815451180507223     
                  122    0.60749999999999993         0.39542963391472224     
                  123    0.61250000000000004         0.38242253744368515     
                  124    0.61749999999999994         0.36910998678238854     
                  125    0.62250000000000005         0.35546539636843721     
                  126    0.62749999999999995         0.34145780285096777     
                  127    0.63250000000000006         0.32705109649050662     
                  128    0.63749999999999996         0.31220235989110989     
                  129    0.64250000000000007         0.29686029120385593     
                  130    0.64749999999999996         0.28096223204758575     
                  131    0.65250000000000008         0.26443073972240516     
                  132    0.65749999999999997         0.24716752167457906     
                  133    0.66250000000000009         0.22904512304934249     
                  134    0.66749999999999998         0.20989208899743389     
                  135    0.67250000000000010         0.18946867865945144     
                  136    0.67749999999999999         0.16741903915081358     
                  137    0.68250000000000011         0.14317186074240298     
                  138    0.68750000000000000         0.11568472786286391     
                  139    0.69250000000000012          8.2562924506826757E-002
                  140    0.69750000000000001          3.2084116974932769E-002
