1 1.24863952287557100000 4 -0.0398683 0.388381
1 1.18888199535471500000 6 -0.0316726 1.44176
1 1.15928432668818800000 5 -0.0353747 0.187148
1 1.13046038456798400000 3 -0.0345687 0.0664368
1 1.11713183804870300000 7 -0.021353 1.89931
1 1.11372155450424200000 9 -0.0206871 2
1 1.11115405693562700000 9 -0.0198833 1.71116
1 1.11010645316069900000 11 -0.0171901 1.61335
1 1.10979161415761200000 4 -0.0131459 2
1 1.10911127074461200000 8 -0.0195549 1.82244
1 1.10800842070104400000 16 -0.0194716 1.92902
1 1.10592360560091700000 16 -0.0190797 2
1 1.10160227532561100000 7 -0.0145135 2
1 1.09998893457928600000 9 -0.0163218 1.96494
1 1.09902278802331000000 14 -0.0160681 2
1 1.09902238324165200000 5 -0.0160438 2
1 1.09902237562646100000 5 -0.0160454 2
1 1.09902237362489600000 15 -0.0160462 2
1 1.09902237290274800000 13 -0.0160474 2
1 1.09902237282943200000 16 -0.0160471 2
1 1.09902237282290300000 14 -0.0160472 2
