                    1     0.0000000000000000          2.3496772577421252     
                    2     5.0000000000000001E-003     2.3396416784500191     
                    3     1.0000000000000000E-002     2.3295674534109132     
                    4     1.4999999999999999E-002     2.3194734878132564     
                    5     2.0000000000000000E-002     2.3093402600307398     
                    6     2.5000000000000001E-002     2.2991867034128504     
                    7     2.9999999999999999E-002     2.2889932464953393     
                    8     3.5000000000000003E-002     2.2787788509093447     
                    9     4.0000000000000001E-002     2.2685238941240726     
                   10     4.4999999999999998E-002     2.2582473661580478     
                   11     5.0000000000000003E-002     2.2479295921255869     
                   12     5.5000000000000000E-002     2.2375895905214476     
                   13     5.9999999999999998E-002     2.2272076327527119     
                   14     6.5000000000000002E-002     2.2168027658600788     
                   15     7.0000000000000007E-002     2.2063552061223941     
                   16     7.4999999999999997E-002     2.1958840291743478     
                   17     8.0000000000000002E-002     2.1853693946717994     
                   18     8.5000000000000006E-002     2.1748304068669926     
                   19     8.9999999999999997E-002     2.1642471672187167     
                   20     9.5000000000000001E-002     2.1536388085926705     
                   21    0.10000000000000001          2.1429853725910251     
                   22    0.10500000000000000          2.1323060206576079     
                   23    0.11000000000000000          2.1215807327862204     
                   24    0.11500000000000000          2.1108286989282461     
                   25    0.12000000000000000          2.1000298356177303     
                   26    0.12500000000000000          2.0892033612032703     
                   27    0.13000000000000000          2.0783291267999413     
                   28    0.13500000000000001          2.0674263789983343     
                   29    0.14000000000000001          2.0564749014184431     
                   30    0.14499999999999999          2.0454939686869897     
                   31    0.14999999999999999          2.0344632947258323     
                   32    0.15500000000000000          2.0234021819347912     
                   33    0.16000000000000000          2.0122902721964340     
                   34    0.16500000000000001          2.0011468953560834     
                   35    0.17000000000000001          1.9899516187653552     
                   36    0.17500000000000002          1.9787237993145126     
                   37    0.17999999999999999          1.9674429271682092     
                   38    0.18500000000000000          1.9561283857785845     
                   39    0.19000000000000000          1.9447595852874986     
                   40    0.19500000000000001          1.9333559351325216     
                   41    0.20000000000000001          1.9218967623997461     
                   42    0.20500000000000002          1.9104015018299356     
                   43    0.20999999999999999          1.8988493942038345     
                   44    0.21500000000000000          1.8872598987631788     
                   45    0.22000000000000000          1.8756121664952714     
                   46    0.22500000000000001          1.8639256802043505     
                   47    0.23000000000000001          1.8521794973329448     
                   48    0.23500000000000001          1.8403931231543882     
                   49    0.23999999999999999          1.8285455175238725     
                   50    0.24500000000000000          1.8166562069139778     
                   51    0.25000000000000000          1.8047040492269943     
                   52    0.25500000000000000          1.7927085906636322     
                   53    0.26000000000000001          1.7806485824485452     
                   54    0.26500000000000001          1.7685435888094623     
                   55    0.27000000000000002          1.7563722491681921     
                   56    0.27500000000000002          1.7441541438150479     
                   57    0.28000000000000003          1.7318677947959897     
                   58    0.28500000000000003          1.7195327961973750     
                   59    0.28999999999999998          1.7071275466141280     
                   60    0.29499999999999998          1.6946716513147353     
                   61    0.29999999999999999          1.6821433788029683     
                   62    0.30499999999999999          1.6695623425151542     
                   63    0.31000000000000000          1.6569066735862263     
                   64    0.31500000000000000          1.6441959901434247     
                   65    0.32000000000000001          1.6314082779531600     
                   66    0.32500000000000001          1.6185631558206091     
                   67    0.33000000000000002          1.6056384553234579     
                   68    0.33500000000000002          1.5926537913089247     
                   69    0.34000000000000002          1.5795868314097974     
                   70    0.34500000000000003          1.5664571811533061     
                   71    0.35000000000000003          1.5532423333992946     
                   72    0.35499999999999998          1.5399618781437030     
                   73    0.35999999999999999          1.5265931214127888     
                   74    0.36499999999999999          1.5131556304630591     
                   75    0.37000000000000000          1.4996265110029336     
                   76    0.37500000000000000          1.4860252991668230     
                   77    0.38000000000000000          1.4723288852092353     
                   78    0.38500000000000001          1.4585567643703041     
                   79    0.39000000000000001          1.4446855943885786     
                   80    0.39500000000000002          1.4307348181866653     
                   81    0.40000000000000002          1.4166808416678593     
                   82    0.40500000000000003          1.4025430420429408     
                   83    0.41000000000000003          1.3882975514006168     
                   84    0.41500000000000004          1.3739636654806491     
                   85    0.41999999999999998          1.3595172174248036     
                   86    0.42499999999999999          1.3449774028898520     
                   87    0.42999999999999999          1.3303197271776146     
                   88    0.43500000000000000          1.3155632637885428     
                   89    0.44000000000000000          1.3006831567762802     
                   90    0.44500000000000001          1.2856983311854822     
                   91    0.45000000000000001          1.2705835309535369     
                   92    0.45500000000000002          1.2553575011749016     
                   93    0.46000000000000002          1.2399945401500183     
                   94    0.46500000000000002          1.2245131750960336     
                   95    0.47000000000000003          1.2088872049830062     
                   96    0.47500000000000003          1.1931348931946848     
                   97    0.47999999999999998          1.1772294755477128     
                   98    0.48499999999999999          1.1611888955279597     
                   99    0.48999999999999999          1.1449857492995568     
                  100    0.49500000000000000          1.1286375915389215     
                  101    0.50000000000000000          1.1121162862294940     
                  102    0.50500000000000000          1.0954389138291605     
                  103    0.51000000000000001          1.0785764931113042     
                  104    0.51500000000000001          1.0615455234788151     
                  105    0.52000000000000002          1.0443160389152968     
                  106    0.52500000000000002          1.0269038227502281     
                  107    0.53000000000000003          1.0092777497373560     
                  108    0.53500000000000003         0.99145271452901618     
                  109    0.54000000000000004         0.97339621173588275     
                  110    0.54500000000000004         0.95512202381914313     
                  111    0.55000000000000004         0.93659598132011945     
                  112    0.55500000000000005         0.91783046082497566     
                  113    0.56000000000000005         0.89878925780198060     
                  114    0.56500000000000006         0.87948295064422644     
                  115    0.57000000000000006         0.85987280580417758     
                  116    0.57500000000000007         0.83996706938638799     
                  117    0.57999999999999996         0.81972380702778946     
                  118    0.58499999999999996         0.79914818936665111     
                  119    0.58999999999999997         0.77819414480041527     
                  120    0.59499999999999997         0.75686270769195907     
                  121    0.59999999999999998         0.73510232601572112     
                  122    0.60499999999999998         0.71290833742252802     
                  123    0.60999999999999999         0.69022171659864395     
                  124    0.61499999999999999         0.66702972494681256     
                  125    0.62000000000000000         0.64326278464556541     
                  126    0.62500000000000000         0.61889628961595045     
                  127    0.63000000000000000         0.59384510947697799     
                  128    0.63500000000000001         0.56806639159804795     
                  129    0.64000000000000001         0.54145081186494048     
                  130    0.64500000000000002         0.51392576275255331     
                  131    0.65000000000000002         0.48534153763387405     
                  132    0.65500000000000003         0.45557300349025281     
                  133    0.66000000000000003         0.42439625059843022     
                  134    0.66500000000000004         0.39158238889855806     
                  135    0.67000000000000004         0.35675070229084177     
                  136    0.67500000000000004         0.31942883619244716     
                  137    0.68000000000000005         0.27882128240956205     
                  138    0.68500000000000005         0.23368467109368257     
                  139    0.69000000000000006         0.18153146247498878     
                  140    0.69500000000000006         0.11622826304283629     
                  141    0.70000000000000007          0.0000000000000000     
