0.00E+00							0.00E+00
5.00E+00							-0.00E+00
1.00E+01							-0.00E+00
1.60E+01							-0.00E+00
2.10E+01							-0.00E+00
2.60E+01							-0.00E+00
3.10E+01							-0.00E+00
3.70E+01							-0.00E+00
4.20E+01							-0.00E+00
4.80E+01							-0.00E+00
5.30E+01							-0.00E+00
5.80E+01							-0.00E+00
6.40E+01							-0.00E+00
6.90E+01							-0.00E+00
7.40E+01							-0.00E+00
8.00E+01							-0.00E+00
8.50E+01							-0.00E+00
9.00E+01							-0.00E+00
9.50E+01							-0.00E+00
1.00E+02							-0.00E+00
1.06E+02							-1.33E-06
1.11E+02							-1.18E-05
1.16E+02							-1.76E-05
1.22E+02							-1.23E-05
1.27E+02							-1.58E-05
1.32E+02							-1.38E-05
1.38E+02							-8.50E-06
1.43E+02							-1.28E-05
1.48E+02							-1.38E-05
1.53E+02							-1.32E-05
1.59E+02							-1.08E-05
1.64E+02							-1.50E-05
1.69E+02							-1.46E-05
1.74E+02							-1.44E-05
1.80E+02							-1.20E-05
1.85E+02							-1.74E-05
1.91E+02							-1.00E-05
1.96E+02							-1.56E-05
2.01E+02							-1.90E-05
2.06E+02							-1.46E-05
2.11E+02							-1.60E-05
2.17E+02							-1.27E-05
2.22E+02							-1.56E-05
2.27E+02							-1.48E-05
2.33E+02							-1.15E-05
2.38E+02							-1.40E-05
2.43E+02							-1.24E-05
2.49E+02							-1.57E-05
2.54E+02							-1.54E-05
2.59E+02							-1.26E-05
2.64E+02							-1.64E-05
2.69E+02							-1.60E-05
2.75E+02							-1.52E-05
2.80E+02							-1.60E-05
2.85E+02							-1.20E-05
2.90E+02							-1.64E-05
2.96E+02							-1.28E-05
3.01E+02							-1.58E-05
3.06E+02							-1.54E-05
3.11E+02							-1.64E-05
3.16E+02							-1.60E-05
3.22E+02							-1.33E-05
3.27E+02							-1.56E-05
3.32E+02							-2.00E-05
3.37E+02							-1.64E-05
3.43E+02							-1.32E-05
3.48E+02							-1.58E-05
3.53E+02							-1.62E-05
3.58E+02							-1.58E-05
3.64E+02							-1.43E-05
3.69E+02							-1.22E-05
3.74E+02							-1.56E-05
3.80E+02							-1.63E-05
3.85E+02							-1.62E-05
3.91E+02							-1.30E-05
3.96E+02							-1.56E-05
4.02E+02							-1.35E-05
4.07E+02							-1.24E-05
4.13E+02							-1.57E-05
4.18E+02							-1.52E-05
4.23E+02							-1.60E-05
4.28E+02							-1.56E-05
4.34E+02							-1.28E-05
4.40E+02							-1.33E-05
4.45E+02							-1.54E-05
4.50E+02							-1.58E-05
4.55E+02							-1.76E-05
4.61E+02							-1.32E-05
4.66E+02							-1.52E-05
4.71E+02							-1.28E-05
4.77E+02							-1.40E-05
4.83E+02							-1.33E-05
4.88E+02							-1.18E-05
4.93E+02							-1.58E-05
4.99E+02							-1.63E-05
5.04E+02							-1.52E-05
5.09E+02							-1.62E-05
5.14E+02							-1.98E-05
5.20E+02							-1.35E-05
5.25E+02							-1.60E-05
5.30E+02							-1.72E-05
5.36E+02							-1.30E-05
5.41E+02							-1.64E-05
5.46E+02							-1.60E-05
5.51E+02							-1.56E-05
5.57E+02							-1.28E-05
5.62E+02							-1.66E-05
5.68E+02							-1.45E-05
5.73E+02							-1.66E-05
5.79E+02							-1.30E-05
5.84E+02							-1.62E-05
5.90E+02							-1.35E-05
5.95E+02							-1.66E-05
6.01E+02							-1.38E-05
6.06E+02							-1.82E-05
6.11E+02							-1.66E-05
6.17E+02							-1.38E-05
6.22E+02							-1.54E-05
6.28E+02							-1.52E-05
6.33E+02							-1.64E-05
6.38E+02							-1.64E-05
6.44E+02							-1.37E-05
6.49E+02							-1.64E-05
6.55E+02							-1.37E-05
6.60E+02							-1.72E-05
6.66E+02							-1.47E-05
6.72E+02							-1.37E-05
6.77E+02							-1.54E-05
6.82E+02							-1.80E-05
6.88E+02							-1.40E-05
6.93E+02							-1.60E-05
6.98E+02							-1.58E-05
7.03E+02							-1.62E-05
7.08E+02							-1.58E-05
7.14E+02							-1.25E-05
7.19E+02							-1.96E-05
7.24E+02							-1.62E-05
7.30E+02							-1.22E-05
7.35E+02							-1.96E-05
7.41E+02							-1.33E-05
7.46E+02							-1.58E-05
7.51E+02							-1.54E-05
7.57E+02							-1.28E-05
7.62E+02							-1.58E-05
7.68E+02							-1.35E-05
7.73E+02							-1.70E-05
7.79E+02							-1.37E-05
7.84E+02							-1.78E-05
7.90E+02							-1.52E-05
7.95E+02							-1.58E-05
8.01E+02							-1.40E-05
8.06E+02							-1.64E-05
8.11E+02							-1.58E-05
8.16E+02							-1.66E-05
8.22E+02							-1.43E-05
8.27E+02							-1.82E-05
8.32E+02							-1.70E-05
8.38E+02							-1.35E-05
8.43E+02							-1.36E-05
8.48E+02							-2.02E-05
8.54E+02							-1.32E-05
8.59E+02							-1.54E-05
8.65E+02							-1.40E-05
8.70E+02							-1.66E-05
8.75E+02							-1.66E-05
8.81E+02							-1.75E-05
8.86E+02							-1.56E-05
8.91E+02							-1.88E-05
8.97E+02							-1.77E-05
9.02E+02							-1.56E-05
9.07E+02							-1.64E-05
9.13E+02							-1.35E-05
9.18E+02							-1.66E-05
9.24E+02							-1.35E-05
9.29E+02							-1.74E-05
9.35E+02							-1.42E-05
9.40E+02							-1.54E-05
9.46E+02							-1.40E-05
9.51E+02							-1.68E-05
9.56E+02							-1.60E-05
9.61E+02							-1.54E-05
9.67E+02							-1.38E-05
9.72E+02							-1.62E-05
9.77E+02							-1.64E-05
9.83E+02							-1.38E-05
9.88E+02							-1.50E-05
9.93E+02							-2.04E-05
9.98E+02							-1.56E-05
1.00E+03							-1.25E-05
1.01E+03							-1.66E-05
1.02E+03							-1.33E-05
1.02E+03							-1.40E-05
1.03E+03							-1.62E-05
1.03E+03							-1.32E-05
1.04E+03							-1.94E-05
1.04E+03							-1.58E-05
1.05E+03							-1.35E-05
1.05E+03							-1.14E-05
1.06E+03							-1.86E-05
1.06E+03							-1.60E-05
1.07E+03							-1.35E-05
1.07E+03							-1.54E-05
1.08E+03							-1.60E-05
1.09E+03							-1.37E-05
1.09E+03							-1.32E-05
1.10E+03							-1.72E-05
1.10E+03							-1.48E-05
1.11E+03							-1.38E-05
1.11E+03							-1.68E-05
1.12E+03							-1.40E-05
1.12E+03							-1.68E-05
1.13E+03							-1.43E-05
1.14E+03							-1.37E-05
1.14E+03							-1.37E-05
1.15E+03							-1.66E-05
1.15E+03							-1.74E-05
1.16E+03							-1.72E-05
1.16E+03							-1.74E-05
1.17E+03							-1.38E-05
1.17E+03							-1.76E-05
1.18E+03							-2.06E-05
1.19E+03							-1.38E-05
1.19E+03							-1.15E-05
1.20E+03							-1.48E-05
1.20E+03							-1.68E-05
1.21E+03							-1.40E-05
1.21E+03							-1.68E-05
1.22E+03							-1.64E-05
1.23E+03							-1.28E-05
1.23E+03							-1.32E-05
1.24E+03							-1.60E-05
1.24E+03							-1.75E-05
1.25E+03							-1.64E-05
1.25E+03							-1.42E-05
1.26E+03							-1.72E-05
1.26E+03							-1.78E-05
1.27E+03							-1.48E-05
1.28E+03							-1.33E-05
1.28E+03							-1.56E-05
1.29E+03							-1.74E-05
1.29E+03							-1.32E-05
1.30E+03							-1.74E-05
1.30E+03							-1.72E-05
1.31E+03							-1.88E-05
1.31E+03							-1.40E-05
1.32E+03							-1.50E-05
1.33E+03							-1.58E-05
1.33E+03							-1.37E-05
1.34E+03							-1.62E-05
1.34E+03							-1.47E-05
1.35E+03							-1.42E-05
1.35E+03							-2.10E-05
1.36E+03							-1.68E-05
1.36E+03							-1.42E-05
1.37E+03							-1.86E-05
1.38E+03							-1.48E-05
1.38E+03							-1.74E-05
1.39E+03							-1.45E-05
1.39E+03							-1.76E-05
1.40E+03							-2.08E-05
1.40E+03							-1.20E-05
1.41E+03							-2.12E-05
1.41E+03							-1.70E-05
1.42E+03							-2.12E-05
1.42E+03							-1.45E-05
1.43E+03							-1.28E-05
1.43E+03							-2.04E-05
1.44E+03							-1.84E-05
1.44E+03							-1.32E-05
1.45E+03							-1.52E-05
1.45E+03							-1.68E-05
1.46E+03							-1.45E-05
1.47E+03							-1.64E-05
1.47E+03							-1.53E-05
1.48E+03							-1.78E-05
1.48E+03							-1.45E-05
1.49E+03							-1.64E-05
1.49E+03							-1.76E-05
1.50E+03							-1.64E-05
1.50E+03							-1.38E-05
1.51E+03							-1.62E-05
1.51E+03							-1.63E-05
1.52E+03							-1.58E-05
1.52E+03							-1.66E-05
1.53E+03							-1.42E-05
1.54E+03							-1.32E-05
1.54E+03							-1.64E-05
1.55E+03							-1.66E-05
1.55E+03							-1.96E-05
1.56E+03							-1.45E-05
1.56E+03							-1.68E-05
1.57E+03							-1.58E-05
1.57E+03							-1.62E-05
1.58E+03							-1.33E-05
1.58E+03							-1.54E-05
1.59E+03							-1.62E-05
1.59E+03							-1.40E-05
1.60E+03							-1.66E-05
1.60E+03							-1.66E-05
1.61E+03							-1.47E-05
1.62E+03							-1.32E-05
1.62E+03							-1.47E-05
1.63E+03							-2.26E-05
1.63E+03							-1.76E-05
1.64E+03							-1.43E-05
1.64E+03							-1.64E-05
1.65E+03							-1.74E-05
1.65E+03							-1.48E-05
1.66E+03							-1.74E-05
1.66E+03							-1.46E-05
1.67E+03							-1.47E-05
1.67E+03							-1.92E-05
1.68E+03							-2.04E-05
1.68E+03							-1.96E-05
1.69E+03							-1.53E-05
1.70E+03							-1.84E-05
1.70E+03							-1.82E-05
1.71E+03							-1.82E-05
1.71E+03							-1.78E-05
1.72E+03							-1.43E-05
1.72E+03							-1.64E-05
1.73E+03							-1.70E-05
1.73E+03							-1.52E-05
1.74E+03							-1.76E-05
1.74E+03							-1.20E-05
1.75E+03							-1.68E-05
1.75E+03							-1.62E-05
1.76E+03							-1.70E-05
1.76E+03							-1.64E-05
1.77E+03							-1.66E-05
1.77E+03							-1.62E-05
1.78E+03							-1.75E-05
1.79E+03							-1.64E-05
1.79E+03							-1.62E-05
1.80E+03							-1.37E-05
1.80E+03							-1.38E-05
1.81E+03							-1.74E-05
1.81E+03							-1.88E-05
1.82E+03							-1.43E-05
1.82E+03							-1.80E-05
1.83E+03							-1.94E-05
1.83E+03							-1.74E-05
1.84E+03							-1.38E-05
1.84E+03							-1.68E-05
1.85E+03							-1.46E-05
1.85E+03							-1.86E-05
1.86E+03							-1.42E-05
1.87E+03							-1.28E-05
1.87E+03							-1.62E-05
1.88E+03							-1.70E-05
1.88E+03							-1.50E-05
1.89E+03							-1.55E-05
1.89E+03							-1.72E-05
1.90E+03							-1.08E-05
1.90E+03							-1.58E-05
1.91E+03							-1.76E-05
1.91E+03							-1.66E-05
1.92E+03							-1.24E-05
1.93E+03							-1.76E-05
1.93E+03							-1.82E-05
1.94E+03							-1.64E-05
1.94E+03							-1.40E-05
1.95E+03							-1.62E-05
1.95E+03							-1.40E-05
1.96E+03							-1.68E-05
1.96E+03							-1.66E-05
1.97E+03							-1.70E-05
1.97E+03							-1.58E-05
1.98E+03							-1.86E-05
1.98E+03							-1.78E-05
1.99E+03							-1.36E-05
1.99E+03							-1.82E-05
2.00E+03							-1.53E-05
2.00E+03							-1.66E-05
2.01E+03							-2.02E-05
2.01E+03							-1.74E-05
2.02E+03							-1.76E-05
2.03E+03							-1.53E-05
2.03E+03							-1.80E-05
2.04E+03							-1.38E-05
2.04E+03							-1.74E-05
2.05E+03							-1.54E-05
2.05E+03							-1.37E-05
2.06E+03							-2.06E-05
2.06E+03							-1.37E-05
2.07E+03							-1.82E-05
2.07E+03							-1.42E-05
2.08E+03							-1.37E-05
2.09E+03							-1.67E-05
2.09E+03							-1.66E-05
2.10E+03							-1.45E-05
2.10E+03							-1.74E-05
2.11E+03							-1.90E-05
2.11E+03							-9.00E-06
2.12E+03							-1.92E-05
2.12E+03							-1.52E-05
2.13E+03							-1.62E-05
2.13E+03							-2.18E-05
2.14E+03							-1.48E-05
2.15E+03							-1.62E-05
2.15E+03							-1.78E-05
2.16E+03							-1.47E-05
2.16E+03							-1.72E-05
2.17E+03							-1.43E-05
2.17E+03							-1.67E-05
2.18E+03							-1.70E-05
2.18E+03							-1.66E-05
2.19E+03							-1.80E-05
2.19E+03							-1.80E-05
2.20E+03							-1.47E-05
2.20E+03							-1.82E-05
2.21E+03							-1.74E-05
2.22E+03							-1.34E-05
2.22E+03							-1.68E-05
2.23E+03							-1.68E-05
2.23E+03							-1.68E-05
2.24E+03							-1.12E-05
2.24E+03							-1.98E-05
2.25E+03							-1.44E-05
2.25E+03							-2.00E-05
2.26E+03							-1.42E-05
2.26E+03							-1.66E-05
2.27E+03							-1.50E-05
2.27E+03							-1.74E-05
2.28E+03							-1.66E-05
2.28E+03							-1.66E-05
2.29E+03							-1.42E-05
2.30E+03							-1.80E-05
2.30E+03							-1.42E-05
2.31E+03							-1.58E-05
2.31E+03							-1.60E-05
2.32E+03							-2.08E-05
2.32E+03							-1.43E-05
2.33E+03							-1.72E-05
2.33E+03							-1.78E-05
2.34E+03							-1.64E-05
2.34E+03							-1.68E-05
2.35E+03							-1.60E-05
2.35E+03							-1.35E-05
2.36E+03							-1.34E-05
2.36E+03							-1.76E-05
2.37E+03							-1.35E-05
2.38E+03							-1.72E-05
2.38E+03							-1.40E-05
2.39E+03							-1.82E-05
2.39E+03							-1.55E-05
2.40E+03							-1.80E-05
2.40E+03							-1.42E-05
2.41E+03							-1.76E-05
2.41E+03							-1.76E-05
2.42E+03							-1.82E-05
2.42E+03							-1.62E-05
2.43E+03							-1.66E-05
2.44E+03							-1.42E-05
2.44E+03							-1.64E-05
2.45E+03							-1.10E-05
2.45E+03							-2.12E-05
2.46E+03							-1.34E-05
2.46E+03							-1.68E-05
2.47E+03							-1.48E-05
2.47E+03							-1.90E-05
2.48E+03							-1.64E-05
2.48E+03							-1.35E-05
2.49E+03							-1.62E-05
2.49E+03							-1.64E-05
2.50E+03							-2.10E-05
2.50E+03							-1.00E-05
2.51E+03							-2.06E-05
2.51E+03							-1.64E-05
2.52E+03							-1.38E-05
2.53E+03							-1.76E-05
2.53E+03							-1.37E-05
2.54E+03							-1.74E-05
2.54E+03							-1.72E-05
2.55E+03							-1.40E-05
2.55E+03							-1.64E-05
2.56E+03							-1.66E-05
2.56E+03							-1.50E-05
2.57E+03							-1.68E-05
2.57E+03							-1.68E-05
2.58E+03							-1.64E-05
2.58E+03							-1.42E-05
2.59E+03							-1.58E-05
2.59E+03							-2.18E-05
2.60E+03							-1.26E-05
2.61E+03							-1.55E-05
2.61E+03							-1.50E-05
2.62E+03							-1.84E-05
2.62E+03							-1.68E-05
2.63E+03							-1.37E-05
2.63E+03							-1.64E-05
2.64E+03							-1.64E-05
2.64E+03							-1.48E-05
2.65E+03							-2.08E-05
2.65E+03							-1.70E-05
2.66E+03							-1.72E-05
2.66E+03							-1.38E-05
2.67E+03							-1.70E-05
2.68E+03							-1.20E-05
2.68E+03							-1.45E-05
2.69E+03							-1.64E-05
2.69E+03							-1.70E-05
2.70E+03							-1.38E-05
2.70E+03							-2.08E-05
2.71E+03							-1.70E-05
2.71E+03							-1.42E-05
2.72E+03							-1.45E-05
2.73E+03							-1.55E-05
2.73E+03							-1.76E-05
2.74E+03							-1.13E-05
2.74E+03							-1.40E-05
2.75E+03							-1.18E-05
2.75E+03							-1.32E-05
2.76E+03							-2.16E-05
2.76E+03							-1.62E-05
2.77E+03							-1.42E-05
2.77E+03							-1.66E-05
2.78E+03							-1.84E-05
2.79E+03							-1.60E-05
2.79E+03							-1.76E-05
2.80E+03							-1.78E-05
2.80E+03							-1.37E-05
2.81E+03							-1.78E-05
2.81E+03							-1.62E-05
2.82E+03							-1.37E-05
2.82E+03							-1.64E-05
2.83E+03							-1.48E-05
2.83E+03							-1.70E-05
2.84E+03							-1.70E-05
2.84E+03							-1.64E-05
2.85E+03							-1.37E-05
2.85E+03							-1.68E-05
2.86E+03							-1.68E-05
2.86E+03							-1.78E-05
2.87E+03							-1.45E-05
2.88E+03							-1.80E-05
2.88E+03							-1.60E-05
2.89E+03							-1.70E-05
2.89E+03							-1.42E-05
2.90E+03							-1.58E-05
2.90E+03							-1.82E-05
2.91E+03							-1.43E-05
2.91E+03							-1.80E-05
2.92E+03							-1.64E-05
2.92E+03							-1.40E-05
2.93E+03							-1.68E-05
2.93E+03							-1.66E-05
2.94E+03							-1.37E-05
2.95E+03							-1.68E-05
2.95E+03							-1.40E-05
2.96E+03							-1.92E-05
2.96E+03							-1.42E-05
2.97E+03							-1.86E-05
2.97E+03							-2.18E-05
2.98E+03							-1.37E-05
2.98E+03							-1.38E-05
2.99E+03							-1.82E-05
2.99E+03							-1.34E-05
3.00E+03							-1.53E-05
3.01E+03							-1.64E-05
3.01E+03							-1.05E-05
3.02E+03							-1.80E-05
3.02E+03							-1.72E-05
3.03E+03							-1.40E-05
3.03E+03							-1.64E-05
3.04E+03							-1.47E-05
3.04E+03							-1.66E-05
3.05E+03							-1.64E-05
3.05E+03							-1.64E-05
3.06E+03							-1.53E-05
3.07E+03							-1.82E-05
3.07E+03							-1.68E-05
3.08E+03							-1.80E-05
3.08E+03							-1.50E-05
3.09E+03							-1.74E-05
3.09E+03							-1.78E-05
3.10E+03							-1.42E-05
3.10E+03							-1.90E-05
3.11E+03							-1.64E-05
3.11E+03							-1.28E-05
3.12E+03							-1.64E-05
3.12E+03							-1.38E-05
3.13E+03							-1.66E-05
3.13E+03							-1.72E-05
3.14E+03							-1.34E-05
3.14E+03							-2.18E-05
3.15E+03							-1.68E-05
3.16E+03							-1.42E-05
3.16E+03							-1.68E-05
3.17E+03							-1.37E-05
3.17E+03							-1.84E-05
3.18E+03							-1.38E-05
3.18E+03							-1.72E-05
3.19E+03							-1.80E-05
3.19E+03							-1.47E-05
3.20E+03							-1.68E-05
3.20E+03							-1.75E-05
3.21E+03							-1.70E-05
3.21E+03							-1.80E-05
3.22E+03							-1.37E-05
3.23E+03							-1.45E-05
3.23E+03							-1.90E-05
3.24E+03							-1.82E-05
3.24E+03							-1.28E-05
3.25E+03							-1.42E-05
3.25E+03							-1.68E-05
3.26E+03							-1.42E-05
3.26E+03							-1.64E-05
3.27E+03							-1.74E-05
3.27E+03							-1.52E-05
3.28E+03							-1.68E-05
3.28E+03							-2.12E-05
3.29E+03							-1.53E-05
3.30E+03							-1.74E-05
3.30E+03							-1.12E-05
3.31E+03							-1.75E-05
3.31E+03							-1.66E-05
3.32E+03							-1.55E-05
3.32E+03							-1.66E-05
3.33E+03							-1.73E-05
3.33E+03							-1.74E-05
3.34E+03							-1.38E-05
3.35E+03							-1.17E-05
3.35E+03							-1.68E-05
3.36E+03							-2.06E-05
3.36E+03							-1.37E-05
3.37E+03							-2.08E-05
3.37E+03							-1.37E-05
3.38E+03							-1.64E-05
3.38E+03							-1.73E-05
3.39E+03							-1.64E-05
3.39E+03							-1.64E-05
3.40E+03							-1.35E-05
3.41E+03							-1.32E-05
3.41E+03							-2.10E-05
3.42E+03							-1.43E-05
3.42E+03							-1.58E-05
3.43E+03							-1.48E-05
3.43E+03							-1.72E-05
3.44E+03							-1.66E-05
3.44E+03							-1.37E-05
3.45E+03							-1.76E-05
3.45E+03							-1.78E-05
3.46E+03							-1.58E-05
3.46E+03							-1.43E-05
3.47E+03							-1.80E-05
3.47E+03							-1.80E-05
3.48E+03							-1.48E-05
3.49E+03							-1.70E-05
3.49E+03							-1.66E-05
3.50E+03							-1.43E-05
3.50E+03							-1.72E-05
3.51E+03							-1.72E-05
3.51E+03							-1.76E-05
3.52E+03							-1.74E-05
3.52E+03							-1.43E-05
3.53E+03							-1.76E-05
3.53E+03							-1.74E-05
3.54E+03							-1.68E-05
3.54E+03							-1.53E-05
3.55E+03							-1.38E-05
3.55E+03							-1.72E-05
3.56E+03							-2.30E-05
3.56E+03							-1.38E-05
3.57E+03							-1.98E-05
3.58E+03							-1.62E-05
3.58E+03							-1.48E-05
3.59E+03							-1.52E-05
3.59E+03							-1.92E-05
3.60E+03							-1.45E-05
3.60E+03							-1.90E-05
3.61E+03							-1.48E-05
3.61E+03							-1.76E-05
3.62E+03							-1.48E-05
3.62E+03							-1.72E-05
3.63E+03							-2.00E-05
3.63E+03							-1.42E-05
3.64E+03							-1.34E-05
3.64E+03							-1.88E-05
