                    1     0.0000000000000000          1.0744253076378449     
                    2     5.0000000000000001E-003     1.0698444272753875     
                    3     1.0000000000000000E-002     1.0652454966963074     
                    4     1.4999999999999999E-002     1.0606376075447828     
                    5     2.0000000000000000E-002     1.0560113841676837     
                    6     2.5000000000000001E-002     1.0513759306943977     
                    7     2.9999999999999999E-002     1.0467218490061199     
                    8     3.5000000000000003E-002     1.0420582557681437     
                    9     4.0000000000000001E-002     1.0373757298355579     
                   10     4.4999999999999998E-002     1.0326834004532521     
                   11     5.0000000000000003E-002     1.0279718228624763     
                   12     5.5000000000000000E-002     1.0232501389234669     
                   13     5.9999999999999998E-002     1.0185088796466555     
                   14     6.5000000000000002E-002     1.0137571995343939     
                   15     7.0000000000000007E-002     1.0089856047179366     
                   16     7.4999999999999997E-002     1.0042032623583703     
                   17     8.0000000000000002E-002    0.99940065302570524     
                   18     8.5000000000000006E-002    0.99458695654491924     
                   19     8.9999999999999997E-002    0.98975262720645174     
                   20     9.5000000000000001E-002    0.98490685749139539     
                   21    0.10000000000000001         0.98004007465322629     
                   22    0.10500000000000000         0.97516148380679168     
                   23    0.11000000000000000         0.97026148436906279     
                   24    0.11500000000000000         0.96534929404983683     
                   25    0.12000000000000000         0.96041528358449235     
                   26    0.12500000000000000         0.95546868322043288     
                   27    0.13000000000000000         0.95049983411706140     
                   28    0.13500000000000001         0.94551797898114387     
                   29    0.14000000000000001         0.94051342844827979     
                   30    0.14499999999999999         0.93549543758278653     
                   31    0.14999999999999999         0.93045428549059384     
                   32    0.15500000000000000         0.92539923946517322     
                   33    0.16000000000000000         0.92032054601377500     
                   34    0.16500000000000001         0.91522748450062563     
                   35    0.17000000000000001         0.91011026769646597     
                   36    0.17500000000000002         0.90497818684399589     
                   37    0.17999999999999999         0.89982141976446361     
                   38    0.18500000000000000         0.89464926934846967     
                   39    0.19000000000000000         0.88945187717255758     
                   40    0.19500000000000001         0.88423855750134384     
                   41    0.20000000000000001         0.87899941428129635     
                   42    0.20500000000000002         0.87374377282812232     
                   43    0.20999999999999999         0.86846169797378248     
                   44    0.21500000000000000         0.86316252570655749     
                   45    0.22000000000000000         0.85783628015038527     
                   46    0.22500000000000001         0.85249230752450655     
                   47    0.23000000000000001         0.84712058953092062     
                   48    0.23500000000000001         0.84173048210650137     
                   49    0.23999999999999999         0.83631192268418653     
                   50    0.24500000000000000         0.83087427632352506     
                   51    0.25000000000000000         0.82540743419352536     
                   52    0.25500000000000000         0.81992076978837658     
                   53    0.26000000000000001         0.81440412585399580     
                   54    0.26500000000000001         0.80886688352486014     
                   55    0.27000000000000002         0.80329883478143838     
                   56    0.27500000000000002         0.79770936748247157     
                   57    0.28000000000000003         0.79208822029577453     
                   58    0.28500000000000003         0.78644478674878715     
                   59    0.28999999999999998         0.78076874941972707     
                   60    0.29499999999999998         0.77506950628878235     
                   61    0.29999999999999999         0.76933668080917972     
                   62    0.30499999999999999         0.76357967401311444     
                   63    0.31000000000000000         0.75778804690173762     
                   64    0.31500000000000000         0.75197120194505862     
                   65    0.32000000000000001         0.74611863403474210     
                   66    0.32500000000000001         0.74023974521718128     
                   67    0.33000000000000002         0.73432396024173552     
                   68    0.33500000000000002         0.72838067858254396     
                   69    0.34000000000000002         0.72239925038559971     
                   70    0.34500000000000003         0.71638907006946417     
                   71    0.35000000000000003         0.71033940822527475     
                   72    0.35499999999999998         0.70425965134137447     
                   73    0.35999999999999999         0.69813898493858062     
                   74    0.36499999999999999         0.69198678424120796     
                   75    0.37000000000000000         0.68579214353290952     
                   76    0.37500000000000000         0.67956442289931995     
                   77    0.38000000000000000         0.67329261846427901     
                   78    0.38500000000000001         0.66698607066043769     
                   79    0.39000000000000001         0.66063366964792802     
                   80    0.39500000000000002         0.65424473093228952     
                   81    0.40000000000000002         0.64780802987323238     
                   82    0.40500000000000003         0.64133285086824465     
                   83    0.41000000000000003         0.63480784442279359     
                   84    0.41500000000000004         0.62824225655769328     
                   85    0.41999999999999998         0.62162460142769449     
                   86    0.42499999999999999         0.61496407809662335     
                   87    0.42999999999999999         0.60824905115140915     
                   88    0.43500000000000000         0.60148866252752775     
                   89    0.44000000000000000         0.59467111196116273     
                   90    0.44500000000000001         0.58780547214606116     
                   91    0.45000000000000001         0.58087976018682175     
                   92    0.45500000000000002         0.57390296503559157     
                   93    0.46000000000000002         0.56686290034107245     
                   94    0.46500000000000002         0.55976845385970020     
                   95    0.47000000000000003         0.55260721122125833     
                   96    0.47500000000000003         0.54538793784614059     
                   97    0.47999999999999998         0.53809796214860361     
                   98    0.48499999999999999         0.53074590143316958     
                   99    0.48999999999999999         0.52331879190398523     
                  100    0.49500000000000000         0.51582507107521636     
                  101    0.50000000000000000         0.50825144061534588     
                  102    0.50500000000000000         0.50060611900652618     
                  103    0.51000000000000001         0.49287542168069876     
                  104    0.51500000000000001         0.48506729902112666     
                  105    0.52000000000000002         0.47716761638215599     
                  106    0.52500000000000002         0.46918399406324302     
                  107    0.53000000000000003         0.46110176756238808     
                  108    0.53500000000000003         0.45292814788803992     
                  109    0.54000000000000004         0.44464783965962951     
                  110    0.54500000000000004         0.43626754206799712     
                  111    0.55000000000000004         0.42777119903306149     
                  112    0.55500000000000005         0.41916486327274011     
                  113    0.56000000000000005         0.41043154839826262     
                  114    0.56500000000000006         0.40157648085634734     
                  115    0.57000000000000006         0.39258151817987974     
                  116    0.57500000000000007         0.38345081588615854     
                  117    0.57999999999999996         0.37416476843572893     
                  118    0.58499999999999996         0.36472612015396133     
                  119    0.58999999999999997         0.35511337462637843     
                  120    0.59499999999999997         0.34532737956161053     
                  121    0.59999999999999998         0.33534413424365433     
                  122    0.60499999999999998         0.32516187613656200     
                  123    0.60999999999999999         0.31475319045545835     
                  124    0.61499999999999999         0.30411261692012836     
                  125    0.62000000000000000         0.29320792166939641     
                  126    0.62500000000000000         0.28202821531429834     
                  127    0.63000000000000000         0.27053416486167042     
                  128    0.63500000000000001         0.25870654122632752     
                  129    0.64000000000000001         0.24649497493019515     
                  130    0.64500000000000002         0.23386665188670888     
                  131    0.65000000000000002         0.22075279725176591     
                  132    0.65500000000000003         0.20709664754583171     
                  133    0.66000000000000003         0.19279564946254787     
                  134    0.66500000000000004         0.17774581382581878     
                  135    0.67000000000000004         0.16177333838211774     
                  136    0.67500000000000004         0.14466370588170990     
                  137    0.68000000000000005         0.12605523065602703     
                  138    0.68500000000000005         0.10538497047948782     
                  139    0.69000000000000006          8.1530008220471059E-002
                  140    0.69500000000000006          5.1745927481384027E-002
                  141    0.70000000000000007          0.0000000000000000     
