				
#				
#	OBS.	POINT	head	cm]
#				
#				
#				
#	Time	Obs		
0.1	-754	-878	0	
5	-807	-862	0	
10	-819	-859	0.003537318712	
15	-826	-859	0.007074637425	
20	-828	-860	0.007074637425	
25	-776	-861	0.01414927485	
30	-86.8	-861	0.01414927485	
35	-33.4	-862	0.01768659356	
40	-23.2	-862	0.01768659356	
45	-19.1	-863	0.02122391227	
50	-17.1	-863	0.02476123099	
55	-16	-863	0.0282985497	
60	-15.4	-863	0.0282985497	
65	-17.9	-863	0.0282985497	
70	-14	-863	0.03183586841	
75	-13.5	-863	0.03183586841	
80	-12.9	-863	0.03537318712	
85	-12.6	-863	0.03537318712	
90	-12.4	-863	0.03537318712	
95	-12.3	-864	0.03891050584	
100	-12	-864	0.04244782455	
105	-11.9	-863	0.04598514326	
110	-11.6	-851	0.04598514326	
115	-9.77	-795	0.04598514326	
120	-10.8	-62	0.04952246197	
125	-10.6	-38.3	0.04952246197	
130	-10.1	-32.9	0.04952246197	
135	-9.72	-29.5	0.05305978069	
140	-9.57	-26.7	0.05305978069	
145	-9.62	-24.9	0.05305978069	
150	-9.1	-23.2	0.05305978069	
155	-8.4	-21.9	0.0565970994	
160	-8.68	-21	0.0565970994	
165	-8.55	-20	0.0565970994	
170	-8.38	-19.1	0.0565970994	
175	-8.43	-18.3	0.0565970994	
180	-8.25	-17.6	0.06013441811	
185	-7.96	-16.9	0.06013441811	
190	-7.43	-16	0.06013441811	
195	-7.24	-15.3	0.06367173682	
200	-7.21	-14.9	0.06367173682	
205	-7.04	-14.4	0.06367173682	
210	-7.06	-14.2	0.06367173682	
215	-6.66	-13.5	0.06367173682	
220	-6.34	-13.5	0.06720905554	
225	-6.29	-13.2	0.06720905554	
230	-6.39	-13	0.06720905554	
235	-6.59	-13	0.06720905554	
240	-6.32	-12.4	0.06720905554	
245	-5.79	-12.2	0.06720905554	
250	-5.77	-11.8	0.06720905554	
255	-5.42	-11.1	0.06720905554	
260	-4.8	-10.3	0.06720905554	
265	1.83	-3.24	0.06720905554	
270	-15.2	72.4	0.06720905554	
275	-21.9	-21.7	0.07074637425	
280	-24.3	-22.4	0.09197028652	
285	-24.7	-22.3	0.208701804	
290	1.78	0.863	0.3148213654	
295	0.9	0.266	0.4209409268	
300	-1.87	-3.66	0.5270604881	
305	-7.19	-8.26	0.6331800495	
310	-10.3	-11.6	0.7392996109	
315	-12.3	-14.1	0.8454191723	
320	-13.2	-15.2	0.9515387336	
325	-13.6	-15.8	1.057658295	
330	-13	-15.3	1.163777856	
335	-13.4	-16	1.269897418	
340	-13.5	-16.1	1.376016979	
345	-13.5	-16.2	1.482136541	
350	-13.5	-16.4	1.588256102	
355	-13.6	-16.1	1.694375663	
360	-13.5	-16.1	1.800495225	
365	-13.6	-16.1	1.906614786	
370	-13.3	-16.1	2.012734347	
375	-13.6	-16.2	2.118853909	
380	-13.8	-16.2	2.22497347	
385	-13.8	-16.3	2.331093031	
390	-13.7	-16.4	2.437212593	
395	-13.7	-16.6	2.543332154	
400	-13.6	-16.7	2.649451716	
405	-13.8	-16.4	2.755571277	
410	-13.8	-16.2	2.861690838	
415	-12.8	-16	2.9678104	
420	-13.5	-16.3	3.073929961	
425	-13.7	-16.3	3.180049522	
430	-13.6	-16.3	3.286169084	
435	-13.7	-16.4	3.392288645	
440	-13.8	-16.7	3.498408207	
445	-14.1	-17.2	3.604527768	
450	-14.2	-17	3.710647329	
455	-14.3	-17	3.816766891	
460	-14.3	-17	3.922886452	
465	-14.4	-17	4.029006013	
470	-14.3	-17.1	4.135125575	
475	-14.3	-17.1	4.241245136	
480	-14.3	-17.2	4.347364698	
485	-14.6	-17.5	4.453484259	
490	-14.6	-17.4	4.55960382	
495	-14.4	-17.1	4.665723382	
500	-13.8	-17.3	4.771842943	
505	-14.5	-17.3	4.877962504	
510	-14.6	-17.2	4.984082066	
515	-13.9	-17.1	5.090201627	
520	-14.6	-17.3	5.196321189	
525	-14.7	-17.6	5.30244075	
530	-13.6	-17.1	5.408560311	
535	-14.6	-17.4	5.514679873	
540	-14.8	-17.2	5.620799434	
545	-14.7	-17.4	5.726918995	
550	-14.3	-17.3	5.833038557	
555	-14.6	-17.3	5.939158118	
560	-14.4	-17.3	6.04527768	
565	-14.6	-17.5	6.151397241	
570	-14.5	-17.6	6.257516802	
575	-13.9	-17.3	6.363636364	
580	-14.6	-17.3	6.469755925	
585	-14.8	-17.4	6.575875486	
590	-14.9	-17.4	6.681995048	
595	-14.7	-17.3	6.788114609	
600	-14.7	-17.3	6.89423417	
605	-14.5	-17.5	7.000353732	
610	-14.4	-17.5	7.106473293	
615	-13.7	-17.1	7.212592855	
620	-14.1	-17.2	7.318712416	
625	-14.3	-17.2	7.424831977	
630	-14.5	-17.3	7.530951539	
635	-14.2	-17.4	7.6370711	
640	-14.9	-17.4	7.743190661	
645	-14.7	-17.3	7.849310223	
650	-14.5	-17.4	7.955429784	
655	-14.2	-17.3	8.061549346	
660	-14.4	-17.1	8.167668907	
665	-14.3	-16.3	8.273788468	
670	-14.3	-16.9	8.37990803	
675	-14.3	-16.8	8.486027591	
680	-14.2	-16.8	8.592147152	
685	-14.1	-16.7	8.698266714	
690	-13.8	-16.7	8.804386275	
695	-14	-16.9	8.910505837	
700	-14	-16.9	9.016625398	
705	-13.9	-16.6	9.122744959	
710	-13.2	-16.3	9.228864521	
715	-13.9	-16.5	9.334984082	
720	-13.9	-16.5	9.441103643	
725	-14	-16.5	9.547223205	
730	-14	-16.5	9.653342766	
735	-13.8	-16.5	9.759462328	
740	-13.7	-16.7	9.865581889	
745	-13.6	-16.5	9.97170145	
750	-13.5	-16.3	10.07782101	
755	-13.3	-16.2	10.18394057	
760	-13.6	-16.2	10.29006013	
765	-13.5	-16.1	10.3961797	
770	-13.4	-16.2	10.50229926	
775	-13.5	-16.2	10.60841882	
780	-13.1	-16.5	10.71453838	
785	-13.3	-16.5	10.82065794	
790	-13.4	-16.3	10.9267775	
795	-13.3	-16.2	11.03289706	
800	-13.3	-16.1	11.13901663	
805	-13.3	-16	11.24513619	
810	-13.2	-16.1	11.35125575	
815	-13	-15.9	11.45737531	
820	-12.8	-15.6	11.56349487	
825	-13.1	-16.1	11.66961443	
830	-13.1	-16.2	11.77573399	
835	-13	-16	11.88185356	
840	-13.1	-16	11.98797312	
845	-13.1	-15.9	12.09409268	
850	-12.3	-15.8	12.20021224	
855	-12.9	-15.9	12.3063318	
860	-12.9	-15.9	12.41245136	
865	-12.9	-15.9	12.51857092	
870	-12.9	-15.9	12.62469048	
875	-12.9	-16	12.73081005	
880	-12.9	-16.2	12.83692961	
885	-13	-16	12.94304917	
890	-13	-15.9	13.04916873	
895	-13	-15.9	13.15528829	
900	-12.9	-15.7	13.26140785	
905	-12.9	-15.8	13.36752741	
910	-12.8	-15.6	13.47364698	
915	-12.9	-15.8	13.57976654	
920	-12.9	-15.9	13.6858861	
925	-12.7	-16.1	13.79200566	
930	-12.9	-16	13.89812522	
935	-12.4	-15.7	14.00424478	
940	-12.8	-15.7	14.11036434	
945	-12.7	-15.5	14.21648391	
950	-11.1	-13.7	14.32260347	
955	-12.5	-16.2	14.42872303	
960	-13	-15.8	14.53484259	
965	-12.9	-15.7	14.64096215	
970	-12.3	-14.8	14.74708171	
975	-12.3	-15.9	14.85320127	
980	-12.6	-15.8	14.95932083	
985	-12.9	-15.7	15.0654404	
990	-12	-15.6	15.17155996	
995	-12.7	-15.5	15.27767952	
1000	-12.2	-15.7	15.38379908	
1010	-12.7	-14.8	15.48991864	
1010	-12.7	-15.7	15.5960382	
1020	-12.5	-15.7	15.70215776	
1020	-12.5	-15.8	15.80827733	
1030	-12.4	-15.6	15.91439689	
1030	-12.5	-15.5	16.02051645	
1040	-12.5	-15.5	16.12663601	
1040	-12.4	-15.5	16.23275557	
1050	-12.4	-15.4	16.33887513	
1050	-12.4	-15.4	16.44499469	
1060	-12.4	-15.4	16.55111426	
1060	-12.4	-15.5	16.65723382	
1070	-11.6	-15.6	16.76335338	
1070	-12.3	-15.5	16.86947294	
1080	-12.4	-15.5	16.9755925	
1080	-12.4	-15.4	17.08171206	
1090	-12.2	-15.3	17.18783162	
1090	-12.2	-15.3	17.29395119	
1100	-12.4	-15.3	17.40007075	
1100	-12.5	-15.6	17.50619031	
1110	-12.5	-15.6	17.61230987	
1110	-12.4	-15.7	17.71842943	
1120	-12.4	-15.8	17.82454899	
1120	-12.4	-16	17.93066855	
1130	-12.4	-15.6	18.03678811	
1130	-12.4	-15.5	18.14290768	
1140	-12.5	-15.5	18.24902724	
1140	-12.4	-15.5	18.3551468	
1150	-12.4	-15.5	18.46126636	
1150	-12.4	-15.5	18.56738592	
1160	-12.4	-15.5	18.67350548	
1160	-12.4	-15.7	18.77962504	
1170	-12.4	-16	18.88574461	
1170	-11.9	-15.9	18.99186417	
1180	-12.6	-15.9	19.09798373	
1180	-12.5	-15.7	19.20410329	
1190	-12.4	-15.5	19.31022285	
1190	-12.3	-15.5	19.41634241	
1200	-11.3	-15.4	19.52246197	
1200	-12.3	-15.2	19.62858154	
1210	-12.4	-15.5	19.7347011	
1210	-12.6	-15.5	19.84082066	
1220	-12.7	-15.9	19.94694022	
1220	-12.6	-16	20.05305978	
1230	-12.4	-15.7	20.15917934	
1230	-12.2	-15.3	20.2652989	
1240	-12.2	-15.2	20.37141846	
1240	-12.2	-15.2	20.47753803	
1250	-12.1	-15.2	20.58365759	
1250	-12.1	-15.2	20.68977715	
1260	-12	-15.2	20.79589671	
1260	-11.9	-15.2	20.90201627	
1270	-12	-15	21.00813583	
1270	-12.3	-15.6	21.11425539	
1280	-12	-15.2	21.22037496	
1280	-11.9	-15.1	21.32649452	
1290	-11.9	-15	21.43261408	
1290	-11.1	-15	21.53873364	
1300	-11.8	-15	21.6448532	
1300	-11.9	-15.3	21.75097276	
1310	-11.9	-14.8	21.85709232	
1310	-11.9	-14.8	21.96321189	
1320	-11.9	-15	22.06933145	
1320	-11.9	-15.2	22.17545101	
1330	-11.9	-15	22.28157057	
1330	-12	-15	22.38769013	
1340	-12.4	-15	22.49380969	
1340	-12.5	-15.5	22.59992925	
1350	-12.5	-15.4	22.70604881	
1350	-12.4	-15.5	22.81216838	
1360	-12.3	-15.5	22.91828794	
1360	-12.2	-15.4	23.0244075	
1370	-12.1	-15.4	23.13052706	
1370	-12.1	-15.7	23.23664662	
1380	-12.1	-15.3	23.34276618	
1380	-12.1	-15.2	23.44888574	
1390	-12	-15	23.55500531	
1390	-11.9	-15.2	23.66112487	
1400	-11.9	-14.9	23.76724443	
1400	-11.9	-15.2	23.87336399	
1410	-11.8	-15.2	23.97948355	
1410	-11.8	-15	24.08560311	
1420	-11.8	-15.2	24.19172267	
1420	-11.8	-15.6	24.29784224	
1430	-11.8	-15.6	24.4039618	
1430	-11.8	-15.4	24.51008136	
1440	-11.7	-14.8	24.61620092	
1440	-12.8	-16.2	24.72232048	
1450	-12.7	-16.3	24.82844004	
1450	-12.7	-16	24.9345596	
1460	-12.6	-15.7	25.04067917	
1460	-11.7	-16.1	25.14679873	
1470	-12.7	-16	25.25291829	
1470	-12.9	-16.3	25.35903785	
1480	-12.7	-16.6	25.46515741	
1480	-12.7	-16.2	25.57127697	
1490	-12.2	-16.1	25.67739653	
1490	-12.6	-15.4	25.78351609	
1500	-12.6	-16.1	25.88963566	
1500	-12.5	-16	25.99575522	
1510	-12.4	-16.3	26.10187478	
1510	-12.3	-15.7	26.20799434	
1520	-12.4	-15.8	26.3141139	
1520	-11.8	-16	26.42023346	
1530	-12.7	-16.3	26.52635302	
1530	-12.6	-15.8	26.63247259	
1540	-12.6	-15.8	26.73859215	
1540	-12.4	-15.5	26.84471171	
1550	-12.3	-15.5	26.95083127	
1550	-12.3	-15.6	27.05695083	
1560	-12.3	-15.7	27.16307039	
1560	-11.9	-15.8	27.26918995	
1570	-12.2	-15.7	27.37530952	
1570	-12.3	-16	27.48142908	
1580	-12.2	-16.1	27.58754864	
1580	-12	-15.7	27.6936682	
1590	-12.1	-15.5	27.79978776	
1590	-12.2	-15.6	27.90590732	
1600	-12.2	-15.6	28.01202688	
1600	-12.1	-15.6	28.11814644	
1610	-12.2	-15.5	28.22426601	
1610	-12	-15.7	28.33038557	
1620	-12	-15.8	28.43650513	
1620	-12	-15.9	28.54262469	
1630	-12	-15.4	28.64874425	
1630	-12	-15.4	28.75486381	
1640	-10.7	-15.5	28.86098337	
1640	-11.7	-14.5	28.96710294	
1650	-12.1	-15.2	29.0732225	
1650	-12.1	-15.5	29.17934206	
1660	-12.1	-15.4	29.28546162	
1660	-12.1	-15.5	29.39158118	
1670	-12.1	-15.6	29.49770074	
1670	-12.1	-15.7	29.6038203	
1680	-12.1	-15.4	29.70993987	
1680	-12.1	-15.2	29.81605943	
1690	-12	-15.3	29.92217899	
1690	-12	-15	30.02829855	
1700	-12	-15.4	30.13441811	
1700	-11.8	-15.3	30.24053767	
1710	-11.9	-15.4	30.34665723	
1710	-11.8	-15.7	30.4527768	
1720	-12.6	-15.6	30.55889636	
1720	-12.5	-16	30.66501592	
1730	-12.7	-16.3	30.77113548	
1730	-12.3	-16.5	30.87725504	
1740	-14	-15.7	30.9833746	
1740	-14.8	-18.7	31.08949416	
1750	-14.8	-18.7	31.19561372	
1750	-14.8	-18.7	31.30173329	
1760	-14.7	-18.7	31.40785285	
1760	-14.6	-18.9	31.51397241	
1770	-14.6	-18.6	31.62009197	
1770	-14.6	-18.4	31.72621153	
1780	-14.5	-18.4	31.83233109	
1780	-14	-18.4	31.93845065	
1790	-14.5	-18.4	32.04457022	
1790	-14.7	-18.2	32.15068978	
1800	-14.7	-18.5	32.25680934	
1800	-14.8	-18.7	32.3629289	
1810	-14.7	-18.9	32.46904846	
1810	-14.7	-18.6	32.57516802	
1820	-14.6	-18.3	32.68128758	
1820	-14.7	-18.4	32.78740715	
1830	-14.7	-18.5	32.89352671	
1830	-14.6	-18.6	32.99964627	
1840	-14.6	-18.4	33.10576583	
1840	-14.5	-18.5	33.21188539	
1850	-14.5	-18.6	33.31800495	
1850	-14.5	-19.1	33.42412451	
1860	-14.5	-18.9	33.53024407	
1860	-14.5	-18.7	33.63636364	
1870	-14.6	-18.3	33.7424832	
1870	-14.5	-18.8	33.84860276	
1880	-14.5	-18.6	33.95472232	
1880	-14.4	-18.4	34.06084188	
1890	-14.4	-18.6	34.16696144	
1890	-14.3	-18.3	34.273081	
1900	-14.4	-18.9	34.37920057	
1900	-14.4	-18.9	34.48532013	
1910	-14.5	-18.7	34.59143969	
1910	-14.3	-18.7	34.69755925	
1920	-14.3	-18.3	34.80367881	
1920	-14.3	-18.5	34.90979837	
1930	-14.4	-18.6	35.01591793	
1930	-14.4	-18.7	35.1220375	
1940	-14.4	-18.7	35.22815706	
1940	-14.4	-19.1	35.33427662	
1950	-14.3	-18.5	35.44039618	
1950	-14.2	-18.2	35.54651574	
1960	-14.4	-18.6	35.6526353	
1960	-14.5	-18.5	35.75875486	
1970	-14.4	-18.8	35.86487443	
1970	-14.4	-18.8	35.97099399	
1980	-14.3	-18.8	36.07711355	
1980	-14.3	-18.8	36.18323311	
1990	-14.3	-19.2	36.28935267	
1990	-14.3	-18.8	36.39547223	
2000	-14.4	-18.8	36.50159179	
2000	-14.4	-18.8	36.60771135	
2010	-14.3	-18.9	36.71383092	
2010	-14.4	-18.6	36.81995048	
2020	-14.4	-18.8	36.92607004	
2020	-14.3	-18.8	37.0321896	
2030	-14.3	-18.9	37.13830916	
2030	-14.2	-19.1	37.24442872	
2040	-14.3	-18.9	37.35054828	
2040	-14.3	-18.7	37.45666785	
2050	-14.3	-18.8	37.56278741	
2050	-14.3	-18.6	37.66890697	
2060	-14.3	-18.7	37.77502653	
2060	-14.5	-18.7	37.88114609	
2070	-14.6	-19.1	37.98726565	
2070	-14.6	-19.2	38.09338521	
2080	-14.6	-19.4	38.19950478	
2080	-14.6	-19.2	38.30562434	
2090	-14.6	-19	38.4117439	
2090	-14.7	-18.8	38.51786346	
2100	-14.6	-18.6	38.62398302	
2100	-14.5	-18.8	38.73010258	
2110	-14.5	-18.9	38.83622214	
2110	-14.3	-18.9	38.9423417	
2120	-14.1	-19	39.04846127	
2120	-14.6	-19.3	39.15458083	
2130	-14.5	-19	39.26070039	
2130	-14.4	-18.6	39.36681995	
2140	-14.3	-18.3	39.47293951	
2140	-14.1	-18.8	39.57905907	
2150	-14.2	-18.4	39.68517863	
2150	-14.1	-18.3	39.7912982	
2160	-14	-18.3	39.89741776	
2160	-14.1	-18.3	40.00353732	
2170	-14	-19	40.10965688	
2170	-14	-18.7	40.21577644	
2180	-14	-18.4	40.321896	
2180	-13.9	-18.5	40.42801556	
2190	-13.6	-18.5	40.53413513	
2190	-13.8	-18.2	40.64025469	
2200	-13.9	-18	40.74637425	
2200	-13.9	-18.5	40.85249381	
2210	-13.8	-18.6	40.95861337	
2210	-13.8	-18.7	41.06473293	
2220	-13.7	-18.4	41.17085249	
2220	-13.6	-18.4	41.27697206	
2230	-13.6	-18.3	41.38309162	
2230	-13.6	-18.1	41.48921118	
2240	-13.6	-17.8	41.59533074	
2240	-13.6	-18.4	41.7014503	
2250	-13.5	-18.3	41.80756986	
2250	-13.5	-18.2	41.91368942	
2260	-13.6	-18.3	42.01980898	
2260	-13.5	-18.4	42.12592855	
2270	-13.5	-18.2	42.23204811	
2270	-13.4	-18.2	42.33816767	
2280	-11.6	-18.2	42.44428723	
2280	-13.1	-17.6	42.55040679	
2290	-13.4	-18.1	42.65652635	
2290	-13.5	-18.2	42.76264591	
2300	-13.5	-18.4	42.86876548	
2300	-13.5	-18.6	42.97488504	
2310	-13.4	-18.3	43.0810046	
2310	-13.2	-18.2	43.18712416	
2320	-13.1	-18.1	43.29324372	
2320	-13.1	-18	43.39936328	
2330	-13.1	-18	43.50548284	
2330	-13.2	-18.1	43.61160241	
2340	-13.2	-18.1	43.71772197	
2340	-13	-18.2	43.82384153	
2350	-13.1	-18.3	43.92996109	
2350	-13.1	-18.2	44.03608065	
2360	-13	-18.2	44.14220021	
2360	-13	-17.6	44.24831977	
2370	-13.1	-18	44.35443933	
2370	-13	-18.1	44.4605589	
2380	-13	-17.9	44.56667846	
2380	-13	-18	44.67279802	
2390	-13	-18	44.77891758	
2390	-12.9	-17.9	44.88503714	
2400	-12.9	-18.2	44.9911567	
2400	-12.7	-18.2	45.09727626	
2410	-12.8	-17.8	45.20339583	
2410	-13	-17.7	45.30951539	
2420	-12.8	-18	45.41563495	
2420	-12.8	-17.8	45.52175451	
2430	-12.8	-17.9	45.62787407	
2430	-12.7	-18	45.73399363	
2440	-12.7	-18.1	45.84011319	
2440	-12.6	-17.9	45.94623276	
2450	-11.6	-17.5	46.05235232	
2450	-12.4	-17.7	46.15847188	
2460	-12.6	-17.8	46.26459144	
2460	-12.6	-17.8	46.370711	
2470	-12.6	-17.7	46.47683056	
2470	-12.7	-17.7	46.58295012	
2480	-12.6	-17.9	46.68906969	
2480	-12.5	-18.1	46.79518925	
2490	-12.7	-17.9	46.90130881	
2490	-12.5	-17.2	47.00742837	
2500	-12.6	-17.7	47.11354793	
2500	-12.3	-17.6	47.21966749	
2510	-12.6	-17.7	47.32578705	
2510	-12.5	-17.7	47.43190661	
2520	-12.4	-17.6	47.53802618	
2520	-12.3	-17.8	47.64414574	
2530	-12.3	-18	47.7502653	
2530	-12.4	-18	47.85638486	
2540	-12.4	-17.8	47.96250442	
2540	-12.4	-17.7	48.06862398	
2550	-12.7	-18.1	48.17474354	
2550	-12.9	-18.3	48.28086311	
2560	-12.7	-18.1	48.38698267	
2560	-12.8	-18.2	48.49310223	
2570	-12.7	-18.1	48.59922179	
2570	-12.7	-18	48.70534135	
2580	-12.8	-18.6	48.81146091	
2580	-12.7	-18.5	48.91758047	
2590	-12.6	-18.1	49.02370004	
2590	-12.6	-18	49.1298196	
2600	-12.5	-17.9	49.23593916	
2600	-12.5	-17.9	49.34205872	
2610	-12.4	-17.9	49.44817828	
2610	-12.3	-17.8	49.55429784	
2620	-12.4	-17.8	49.6604174	
2620	-12.3	-17.9	49.76653696	
2630	-12.3	-18.2	49.87265653	
2630	-12.3	-18.4	49.97877609	
2640	-12.3	-17.6	50.08489565	
2640	-12.2	-17.7	50.19101521	
2650	-12.2	-17.6	50.29713477	
2650	-12.2	-17.6	50.40325433	
2660	-12.1	-17.7	50.50937389	
2660	-12.1	-17.8	50.61549346	
2670	-12.1	-17.8	50.72161302	
2670	-12	-17.8	50.82773258	
2680	-12	-17.9	50.93385214	
2680	-12	-18	51.0399717	
2690	-11.9	-17.8	51.14609126	
2690	-11.9	-17.7	51.25221082	
2700	-11.8	-17.6	51.35833039	
2700	-11.9	-17.5	51.46444995	
2710	-11.9	-17.5	51.57056951	
2710	-11.8	-17.6	51.67668907	
2720	-11.8	-17.6	51.78280863	
2720	-11.7	-17.3	51.88892819	
2730	-11.6	-17.3	51.99504775	
2730	-11.6	-17.5	52.10116732	
2740	-11.5	-17.5	52.20728688	
2740	-11.7	-17.4	52.31340644	
2750	-11.4	-17.1	52.419526	
2750	-11.6	-17.3	52.52564556	
2760	-11.5	-17.3	52.63176512	
2760	-11.4	-16.9	52.73788468	
2770	-11.5	-17.2	52.84400424	
2770	-11.4	-17.2	52.95012381	
2780	-11.3	-17.2	53.05624337	
2780	-11.3	-17.1	53.16236293	
2790	-11.4	-17.5	53.26848249	
2790	-11.3	-17.2	53.37460205	
2800	-11.2	-17	53.48072161	
2800	-11.1	-16.8	53.58684117	
2810	-11.1	-16.6	53.69296074	
2810	-11	-16.5	53.7990803	
2820	-11.1	-17.1	53.90519986	
2820	-11.1	-17	54.01131942	
2830	-9.95	-16.7	54.11743898	
2830	-11	-17.1	54.22355854	
2840	-11.2	-17.2	54.3296781	
2840	-11.3	-17	54.43579767	
2850	-11.2	-16.9	54.54191723	
2850	-11	-16.7	54.64803679	
2860	-11.1	-16.8	54.75415635	
2860	-10.9	-16.8	54.86027591	
2870	-10.9	-16.3	54.96639547	
2870	-11	-16.8	55.07251503	
2880	-10.9	-16.9	55.17863459	
2880	-10.9	-17	55.28475416	
2890	-10.9	-17.2	55.39087372	
2890	-10.9	-16.9	55.49699328	
2900	-10.7	-16.3	55.60311284	
2900	-10.7	-16.4	55.7092324	
2910	-10.7	-16.6	55.81535196	
2910	-10.8	-16.7	55.92147152	
2920	-10.6	-16.5	56.02759109	
2920	-10.6	-16.6	56.13371065	
2930	-10.5	-16.4	56.23983021	
2930	-10.6	-16.8	56.34594977	
2940	-10.4	-16.8	56.45206933	
2940	-10.5	-16.8	56.55818889	
2950	-10.4	-16.6	56.66430845	
2950	-10.4	-16.4	56.77042802	
2960	-10.4	-16.2	56.87654758	
2960	-10.6	-16.4	56.98266714	
2970	-10.5	-16.5	57.0887867	
2970	-10.4	-16.5	57.19490626	
2980	-10.3	-16.4	57.30102582	
2980	-10.3	-16.4	57.40714538	
2990	-10.3	-16.6	57.51326495	
2990	-10.2	-16.6	57.61938451	
3000	-10.2	-16.4	57.72550407	
3000	-10.2	-16.2	57.83162363	
3010	-10.1	-16.2	57.93774319	
3010	-10.1	-16.2	58.04386275	
3020	-10.1	-16.3	58.14998231	
3020	-10.1	-16.2	58.25610187	
3030	-10.1	-16.3	58.36222144	
3030	-10.1	-16.2	58.468341	
3040	-9.95	-16.1	58.57446056	
3040	-9.88	-16.2	58.68058012	
3050	-9.88	-15.9	58.78669968	
3050	-9.88	-15.8	58.89281924	
3060	-9.83	-15.7	58.9989388	
3060	-9.8	-15.7	59.10505837	
3070	-9.8	-15.7	59.21117793	
3070	-9.78	-15.7	59.31729749	
3080	-9.75	-15.9	59.42341705	
3080	-9.7	-16.1	59.52953661	
3090	-9.73	-16.2	59.63565617	
3090	-9.7	-16	59.74177573	
3100	-9.63	-15.8	59.8478953	
3100	-9.65	-15.7	59.95401486	
3110	-9.55	-15.7	60.06013442	
3110	-9.5	-15.7	60.16625398	
3120	-9.5	-15.7	60.27237354	
3120	-9.45	-15.6	60.3784931	
3130	-9.45	-15.8	60.48461266	
3130	-9.43	-16	60.59073222	
3140	-9.43	-16	60.69685179	
3140	-9.38	-15.7	60.80297135	
3150	-8.88	-14	60.90909091	
3150	-8.51	-15.1	61.01521047	
3160	-9.43	-15.5	61.12133003	
3160	-9.45	-15.7	61.22744959	
3170	-9.55	-15.6	61.33356915	
3170	-9.7	-15.8	61.43968872	
3180	-9.7	-15.8	61.54580828	
3180	-9.58	-16	61.65192784	
3190	-9.58	-15.7	61.7580474	
3190	-9.5	-15.5	61.86416696	
3200	-9.38	-15.5	61.97028652	
3200	-9.45	-15.5	62.07640608	
3210	-9.45	-15.4	62.18252565	
3210	-9.35	-15.5	62.28864521	
3220	-9.3	-15.4	62.39476477	
3220	-9.35	-15.6	62.50088433	
3230	-9.28	-15.7	62.60700389	
3230	-9.25	-15.7	62.71312345	
3240	-9.18	-15.4	62.81924301	
3240	-9.16	-15.2	62.92536258	
3250	-9.13	-15.2	63.03148214	
3250	-9.03	-15.2	63.1376017	
3260	-9.06	-15.1	63.24372126	
3260	-9.06	-15.3	63.34984082	
3270	-9.06	-15.3	63.45596038	
3270	-9.03	-15.4	63.56207994	
3280	-8.98	-15.5	63.6681995	
3280	-9.13	-15.4	63.77431907	
3290	-8.88	-15.1	63.88043863	
3290	-8.91	-15.1	63.98655819	
3300	-8.93	-14.8	64.09267775	
3300	-8.83	-15.1	64.19879731	
3310	-8.96	-15.1	64.30491687	
3310	-8.86	-15.1	64.41103643	
3320	-8.91	-15.2	64.517156	
3320	-8.78	-15.3	64.62327556	
3330	-8.78	-15.4	64.72939512	
3330	-8.73	-15.1	64.83551468	
3340	-8.81	-15	64.94163424	
3340	-8.76	-14.9	65.0477538	
3350	-8.78	-15	65.15387336	
3350	-8.71	-14.9	65.25999293	
3360	-8.71	-15	65.36611249	
3360	-8.71	-15	65.47223205	
3370	-8.51	-15	65.57835161	
3370	-8.58	-15.3	65.68447117	
3380	-8.68	-15	65.79059073	
3380	-8.63	-16	65.89671029	
3390	-10.8	-18.2	66.00282985	
3390	-11.4	-14.8	66.10894942	
3400	-9.83	-16.1	66.21506898	
3400	-9.83	-16.2	66.32118854	
3410	-9.68	-16	66.4273081	
3410	-9.75	-16.2	66.53342766	
3420	-9.6	-16.4	66.63954722	
3420	-9.6	-16.4	66.74566678	
3430	-9.55	-15.9	66.85178635	
3430	-9.6	-16	66.95790591	
3440	-9.53	-15.8	67.06402547	
3440	-9.5	-15.9	67.17014503	
3450	-9.45	-15.9	67.27626459	
3450	-9.45	-15.9	67.38238415	
3460	-9.35	-16	67.48850371	
3460	-9.4	-16.3	67.59462328	
3470	-9.48	-16.4	67.70074284	
3470	-9.45	-16.1	67.8068624	
3480	-9.53	-16	67.91298196	
3480	-9.48	-16.1	68.01910152	
3490	-9.53	-16.1	68.12522108	
3490	-9.4	-16.2	68.23134064	
3500	-9.23	-16.2	68.33746021	
3500	-9.75	-16.6	68.44357977	
