p     0.618759    2.08756   0.418602    5130.63
p     0.408045    1.84189   0.216176    314.322
p     0.277933    3.01351    0.73662    3292.34
p     0.389665    2.43533   0.415802    1269.74
p     0.508657    2.15535    0.20001    2.78681
p     0.272665       1.05   0.255604    4135.19
p    0.0153603    3.42774   0.558432    7301.06
p   0.000360168     2.3874   0.240333     617.09
p     0.282619    3.02203   0.797983    1717.71
p     0.272059       1.05   0.256035    4132.32
p     0.302169       1.05        0.2    5504.72
p     0.463552    2.32824   0.485159    5092.31
p     0.361106    1.34828   0.801221    411.684
p    0.0221291    3.11871   0.680265    8573.57
p        1e-05    2.75796   0.363979    2679.24
p     0.206801    1.41631   0.340883       0.01
p     0.275471    2.22394   0.252462    3236.29
p     0.257719    2.31172   0.292125    6409.13
p        1e-05    2.10789        0.2       0.01
p        1e-05    3.25866   0.471432       0.01
p     0.268425     1.0623        0.2     2874.7
p     0.316494    2.34702   0.274866    612.567
p     0.127328    1.88097   0.244451       0.01
p     0.934647    2.54857   0.518492    9174.48
end
