0.282948 3.02146 0.797869 1715.86
0.320584 2.29142 0.241186 187.224
0.000106157 3.84277 0.614652 7624.53
0.455476 1.5467 0.649896 4355.85
0.518269 2.04241 0.336863 8062.03
0.713496 1.91364 0.480911 4709.55
0.557731 1.34259 0.499461 4859.85
0.16779 1.49901 0.744678 6232.53
0.208025 1.88786 0.892852 3600.66
0.209707 3.39511 0.358755 4177.17
0.152056 3.3888 0.471106 7371.76
0.0768431 2.16239 0.268069 5950.99
0.698147 2.75887 0.821506 5736.39
0.757463 1.53 0.73695 1717.55
0.875496 1.59009 0.690451 7272.8
0.762359 2.78611 0.410643 5727.43
0.0789822 1.68891 0.744447 1558.08
0.888646 2.64219 0.500945 8182.03
0.810388 1.59208 0.368343 3681.14
0.851786 2.90055 0.538178 5132.11
0.535218 3.68517 0.434637 3074.81
0.980114 2.61283 0.855598 4522.82
0.593667 3.63132 0.725634 3071.57
0.772269 2.64715 0.858599 552.082
0.208905 2.48072 0.554157 5294.75
0.0710153 2.78897 0.24347 1499.8
0.0338431 1.06049 0.44792 4685.2
0.290198 1.59301 0.368951 3240.25
0.0804603 1.9894 0.711787 953.378
0.279615 3.16473 0.279032 3506.14
0.55602 3.00082 0.743232 2392.06
0.714907 1.21724 0.694816 8826.86
0.124828 1.76758 0.777589 9878.88
0.683192 1.49143 0.560998 1946.68
0.306345 1.56626 0.550415 1123.99
0.434691 1.86435 0.453881 6443.85
0.187635 2.80681 0.754781 4672.35
0.703996 1.39932 0.621008 6098.05
0.462254 2.34093 0.241898 1662.42
0.511483 1.46464 0.667852 466.921
0.810932 1.91068 0.50371 1011.22
0.475833 3.04193 0.497602 6634.55
0.905812 2.71609 0.583737 9059.07
0.270767 1.69218 0.291483 5831.48
0.863071 1.69606 0.628733 719.669
0.312395 3.72107 0.772494 6187.27
0.0148957 3.42882 0.558485 7297.9
0.806062 3.52765 0.41405 3997.24
1 2.14763 0.3886 10000
0.349438 2.42797 0.699235 3692
0.164881 1.9144 0.415451 7519.02
1 1.99202 0.693432 8152.12
0.452417 1.45161 0.481606 5326.73
0.576187 2.14658 0.737352 6214.51
0.0482324 2.78217 0.741266 5539.5
0.223697 3.32948 0.627351 5047.14
0.18336 3.23642 0.527572 1258.18
0.492609 1.6663 0.396182 1939.44
1 1.49212 0.621511 3595.63
0.875151 1.5891 0.690388 7270.56
1e-05 2.27294 0.20043 1118.56
0.860586 2.96212 0.658452 10000
0.778808 3.06963 0.561475 7459.14
0.27223 1.05 0.255864 4134.39
0.434665 1.86472 0.45364 6440.11
1e-05 2.38703 0.24049 620.472
0.789126 1.90109 0.592304 8585.57
0.442887 2.23621 0.792639 2566.17
0.810511 1.91065 0.503638 1010.97
0.627711 2.99073 0.24264 3323.51
0.14816 1.87769 0.283125 0.01
0.508433 2.15528 0.2 0.01
0.193084 2.81206 0.422932 3612.02
0.367101 1.63759 0.560487 8580.77
0.246743 1.84175 0.428641 9154.68
0.342825 2.04959 0.418866 4456.51
0.430441 1.6325 0.496875 4867.9
0.744724 3.31693 0.698284 5347.63
0.190635 1.60933 0.443559 2551.35
0.397119 1.8533 0.493088 6765.73
1 1.27282 0.514118 9503.05
0.278262 3.01247 0.736481 3295.77
0.590921 1.57817 0.620433 4198.39
0.188908 1.86818 0.359581 1443.85
0.888728 2.64101 0.501105 8182.68
0.603661 1.72566 0.571048 4645.5
0.239533 3.46015 0.669623 1137.37
0.389613 2.43499 0.415711 1271.63
0.410398 3.00445 0.639383 6896.49
0.434708 1.86549 0.454078 6445.01
0.077412 1.73658 0.2 114.678
0.290501 1.59201 0.368776 3236.87
0.503271 1.84435 0.410192 6480.78
0.442276 1.84012 0.70371 8959.51
0.176168 2.22953 0.2 0.01
0.147855 1.8767 0.282828 0.01
1e-05 2.10789 0.2 0.01
0.268425 1.0623 0.2 2874.7
0.275471 2.22394 0.252462 3236.29
0.272665 1.05 0.255604 4135.19
0.618759 2.08756 0.418602 5130.63
1e-05 2.75796 0.363979 2679.24
0.257719 2.31172 0.292125 6409.13
0.272059 1.05 0.256035 4132.32
0.316494 2.34702 0.274866 612.567
0.0153603 3.42774 0.558432 7301.06
0.302169 1.05 0.2 5504.72
1e-05 3.25866 0.471432 0.01
0.0221291 3.11871 0.680265 8573.57
0.277933 3.01351 0.73662 3292.34
0.408045 1.84189 0.216176 314.322
0.934647 2.54857 0.518492 9174.48
0.282619 3.02203 0.797983 1717.71
0.389665 2.43533 0.415802 1269.74
0.361106 1.34828 0.801221 411.684
0.000360168 2.3874 0.240333 617.09
0.463552 2.32824 0.485159 5092.31
0.127328 1.88097 0.244451 0.01
0.508657 2.15535 0.20001 2.78681
0.206801 1.41631 0.340883 0.01
