   0.0000000000000000       0.50000000000000000     
  0.50000000000000000       0.50300000000000000     
   1.0030000000000001       0.50601799999999997     
   1.5090180000000002       0.50905410799999995     
   2.0180721080000001       0.51210843264799999     
   2.5301805406480002       0.51518108324388801     
   3.0453616238918881       0.51827216974335133     
   3.5636337936352396       0.52138180276181145     
   4.0850155963970511       0.52451009357838230     
   4.6095256899754338       0.52765715413985259     
   5.1371828441152863       0.53082309706469166     
   5.6680059411799775       0.53400803564707977     
   6.2020139768270575       0.53721208386096220     
   6.7392260606880194       0.54043535636412798     
   7.2796614170521474       0.54367796850231276     
   7.8233393855544602       0.54694003631332666     
   8.3702794218677870       0.55022167653120657     
   8.9205010983989936       0.55352300659039377     
   9.4740241049893879       0.55684414462993614     
   10.030868249619324       0.56018520949771577     
   10.591053459117040       0.56354632075470212     
   11.154599779871742       0.56692759867923037     
   11.721527378550972       0.57032916427130576     
   12.291856542822277       0.57375113925693355     
   12.865607682079210       0.57719364609247514     
   13.442801328171685       0.58065680796902996     
   14.023458136140714       0.58414074881684419     
   14.607598884957559       0.58764559330974531     
   15.195244478267304       0.59117146686960376     
   15.786415945136907       0.59471849567082136     
   16.381134440807728       0.59828680664484624     
   16.979421247452574       0.60187652748471532     
   17.581297774937291       0.60548778664962366     
   18.186785561586913       0.60912071336952145     
   18.795906274956433       0.61277543764973863     
   19.408681712606171       0.61645209027563708     
   20.025133802881808       0.62015080281729085     
   20.645284605699100       0.62387170763419464     
   21.269156313333294       0.62761493787999978     
   21.896771251213295       0.63138062750727975     
   22.528151878720575       0.63516891127232344     
   23.163320789992898       0.63897992473995735     
   23.802300714732855       0.64281380428839707     
   24.445114519021253       0.64667068711412745     
   25.091785206135381       0.65055071123681218     
   25.742335917372191       0.65445401550423310     
   26.396789932876423       0.65838073959725851     
   27.055170672473682       0.66233102403484212     
   27.717501696508524       0.66630501017905119     
   28.383806706687576       0.67030284024012554     
   29.054109546927702       0.67432465728156632     
   29.728434204209268       0.67837060522525572     
   30.406804809434522       0.68244082885660728     
   31.089245638291128       0.68653547382974689     
   31.775781112120875       0.69065468667272534     
   32.466435798793597       0.69479861479276173     
   33.161234413586357       0.69896740648151834     
   33.860201820067871       0.70316121092040740     
   34.563363030988278       0.70738017818592980     
   35.270743209174206       0.71162445925504536     
   35.982367668429255       0.71589420601057563     
   36.698261874439829       0.72018957124663907     
   37.418451445686472       0.72451070867411893     
   38.142962154360589       0.72885777292616361     
   38.871819927286751       0.73323091956372055     
   39.605050846850474       0.73763030508110283     
   40.342681151931579       0.74205608691158942     
   41.084737238843168       0.74650842343305901     
   41.831245662276224       0.75098747397365739     
   42.582233136249883       0.75549339881749933     
   43.337726535067382       0.76002635921040429     
   44.097752894277789       0.76458651736566674     
   44.862339411643454       0.76917403646986071     
   45.631513448113317       0.77378908068867991     
   46.405302528801997       0.77843181517281201     
   47.183734343974805       0.78310240606384884     
   47.966836750038652       0.78780102050023193     
   48.754637770538885       0.79252782662323329     
   49.547165597162120       0.79728299358297272     
   50.344448590745095       0.80206669154447052     
   51.146515282289563       0.80687909169373739     
   51.953394373983301       0.81172036624389987     
   52.765114740227197       0.81659068844136329     
   53.581705428668563       0.82149023257201148     
   54.403195661240574       0.82641917396744358     
   55.229614835208018       0.83137768901124820     
   56.060992524219266       0.83636595514531564     
   56.897358479364584       0.84138415087618756     
   57.738742630240772       0.84643245578144466     
   58.585175086022218       0.85151105051613329     
   59.436686136538349       0.85662011681923012     
   60.293306253357578       0.86175983752014551     
   61.155066090877725       0.86693039654526638     
   62.021996487422989       0.87213197892453798     
   62.894128466347524       0.87736477079808517     
   63.771493237145613       0.88262895942287367     
   64.654122196568480       0.88792473317941090     
   65.542046929747897       0.89325228157848735     
   66.435299211326381       0.89861179526795831     
   67.333911006594334       0.90400346603956605     
   68.237914472633904       0.90942748683580343     
   69.147341959469713       0.91488405175681831     
   70.062226011226528       0.92037335606735926     
   70.982599367293886       0.92589559620376338     
   71.908494963497645       0.93145096978098596     
   72.839945933278628       0.93703967559967183     
   73.776985608878306       0.94266191365326990     
   74.719647522531574       0.94831788513518955     
   75.667965407666770       0.95400779244600065     
   76.621973200112777       0.95973183920067662     
   77.581705039313448       0.96549023023588065     
   78.547195269549334       0.97128317161729594     
   79.518478441166636       0.97711087064699975     
   80.495589311813632       0.98297353587088176     
   81.478562847684515       0.98887137708610706     
   82.467434224770628       0.99480460534862369     
   83.462238830119247        1.0000000000000000     
   84.462238830119247        1.0000000000000000     
   85.462238830119247        1.0000000000000000     
   86.462238830119247        1.0000000000000000     
   87.462238830119247        1.0000000000000000     
   88.462238830119247        1.0000000000000000     
   89.462238830119247        1.0000000000000000     
   90.462238830119247        1.0000000000000000     
   91.462238830119247        1.0000000000000000     
   92.462238830119247        1.0000000000000000     
   93.462238830119247        1.0000000000000000     
   94.462238830119247        1.0000000000000000     
   95.462238830119247        1.0000000000000000     
   96.462238830119247        1.0000000000000000     
   97.462238830119247        1.0000000000000000     
   98.462238830119247        1.0000000000000000     
   99.462238830119247        1.0000000000000000     
   100.46223883011925        1.0000000000000000     
   101.46223883011925        1.0000000000000000     
   102.46223883011925        1.0000000000000000     
   103.46223883011925        1.0000000000000000     
   104.46223883011925        1.0000000000000000     
   105.46223883011925        1.0000000000000000     
   106.46223883011925        1.0000000000000000     
   107.46223883011925        1.0000000000000000     
   108.46223883011925        1.0000000000000000     
   109.46223883011925        1.0000000000000000     
   110.46223883011925        1.0000000000000000     
   111.46223883011925        1.0000000000000000     
   112.46223883011925        1.0000000000000000     
   113.46223883011925        1.0000000000000000     
   114.46223883011925        1.0000000000000000     
   115.46223883011925        1.0000000000000000     
   116.46223883011925        1.0000000000000000     
   117.46223883011925        1.0000000000000000     
   118.46223883011925        1.0000000000000000     
   119.46223883011925        1.0000000000000000     
   120.46223883011925        1.0000000000000000     
   121.46223883011925        1.0000000000000000     
   122.46223883011925        1.0000000000000000     
   123.46223883011925        1.0000000000000000     
   124.46223883011925        1.0000000000000000     
   125.46223883011925        1.0000000000000000     
   126.46223883011925        1.0000000000000000     
   127.46223883011925        1.0000000000000000     
   128.46223883011925        1.0000000000000000     
   129.46223883011925        1.0000000000000000     
   130.46223883011925        1.0000000000000000     
   131.46223883011925        1.0000000000000000     
   132.46223883011925        1.0000000000000000     
   133.46223883011925        1.0000000000000000     
   134.46223883011925        1.0000000000000000     
   135.46223883011925        1.0000000000000000     
   136.46223883011925        1.0000000000000000     
   137.46223883011925        1.0000000000000000     
   138.46223883011925        1.0000000000000000     
   139.46223883011925        1.0000000000000000     
   140.46223883011925        1.0000000000000000     
   141.46223883011925        1.0000000000000000     
   142.46223883011925        1.0000000000000000     
   143.46223883011925        1.0000000000000000     
   144.46223883011925        1.0000000000000000     
   145.46223883011925        1.0000000000000000     
   146.46223883011925        1.0000000000000000     
   147.46223883011925        1.0000000000000000     
   148.46223883011925        1.0000000000000000     
   149.46223883011925        1.0000000000000000     
   150.46223883011925        1.0000000000000000     
   151.46223883011925        1.0000000000000000     
   152.46223883011925        1.0000000000000000     
   153.46223883011925        1.0000000000000000     
   154.46223883011925        1.0000000000000000     
   155.46223883011925        1.0000000000000000     
   156.46223883011925        1.0000000000000000     
   157.46223883011925        1.0000000000000000     
   158.46223883011925        1.0000000000000000     
   159.46223883011925        1.0000000000000000     
   160.46223883011925        1.0000000000000000     
   161.46223883011925        1.0000000000000000     
   162.46223883011925        1.0000000000000000     
   163.46223883011925        1.0000000000000000     
   164.46223883011925        1.0000000000000000     
   165.46223883011925        1.0000000000000000     
   166.46223883011925        1.0000000000000000     
   167.46223883011925        1.0000000000000000     
   168.46223883011925        1.0000000000000000     
   169.46223883011925        1.0000000000000000     
   170.46223883011925        1.0000000000000000     
   171.46223883011925        1.0000000000000000     
   172.46223883011925        1.0000000000000000     
   173.46223883011925        1.0000000000000000     
   174.46223883011925        1.0000000000000000     
   175.46223883011925        1.0000000000000000     
   176.46223883011925        1.0000000000000000     
   177.46223883011925        1.0000000000000000     
   178.46223883011925        1.0000000000000000     
   179.46223883011925        1.0000000000000000     
   180.46223883011925        1.0000000000000000     
   181.46223883011925        1.0000000000000000     
   182.46223883011925        1.0000000000000000     
   183.46223883011925        1.0000000000000000     
   184.46223883011925        1.0000000000000000     
   185.46223883011925        1.0000000000000000     
   186.46223883011925        1.0000000000000000     
   187.46223883011925        1.0000000000000000     
   188.46223883011925        1.0000000000000000     
   189.46223883011925        1.0000000000000000     
   190.46223883011925        1.0000000000000000     
   191.46223883011925        1.0000000000000000     
   192.46223883011925        1.0000000000000000     
   193.46223883011925        1.0000000000000000     
   194.46223883011925        1.0000000000000000     
   195.46223883011925        1.0000000000000000     
   196.46223883011925        1.0000000000000000     
   197.46223883011925        1.0000000000000000     
   198.46223883011925        1.0000000000000000     
   199.46223883011925        1.0000000000000000     
   200.46223883011925        1.0000000000000000     
   201.46223883011925        1.0000000000000000     
   202.46223883011925        1.0000000000000000     
   203.46223883011925        1.0000000000000000     
   204.46223883011925        1.0000000000000000     
   205.46223883011925        1.0000000000000000     
   206.46223883011925        1.0000000000000000     
   207.46223883011925        1.0000000000000000     
   208.46223883011925        1.0000000000000000     
   209.46223883011925        1.0000000000000000     
   210.46223883011925        1.0000000000000000     
   211.46223883011925        1.0000000000000000     
   212.46223883011925        1.0000000000000000     
   213.46223883011925        1.0000000000000000     
   214.46223883011925        1.0000000000000000     
   215.46223883011925        1.0000000000000000     
   216.46223883011925        1.0000000000000000     
   217.46223883011925        1.0000000000000000     
   218.46223883011925        1.0000000000000000     
   219.46223883011925        1.0000000000000000     
   220.46223883011925        1.0000000000000000     
   221.46223883011925        1.0000000000000000     
   222.46223883011925        1.0000000000000000     
   223.46223883011925        1.0000000000000000     
   224.46223883011925        1.0000000000000000     
   225.46223883011925        1.0000000000000000     
   226.46223883011925        1.0000000000000000     
   227.46223883011925        1.0000000000000000     
   228.46223883011925        1.0000000000000000     
   229.46223883011925        1.0000000000000000     
   230.46223883011925        1.0000000000000000     
   231.46223883011925        1.0000000000000000     
   232.46223883011925        1.0000000000000000     
   233.46223883011925        1.0000000000000000     
   234.46223883011925        1.0000000000000000     
   235.46223883011925        1.0000000000000000     
   236.46223883011925        1.0000000000000000     
   237.46223883011925        1.0000000000000000     
   238.46223883011925        1.0000000000000000     
   239.46223883011925        1.0000000000000000     
   240.46223883011925        1.0000000000000000     
   241.46223883011925        1.0000000000000000     
   242.46223883011925        1.0000000000000000     
   243.46223883011925        1.0000000000000000     
   244.46223883011925        1.0000000000000000     
   245.46223883011925        1.0000000000000000     
   246.46223883011925        1.0000000000000000     
   247.46223883011925        1.0000000000000000     
   248.46223883011925        1.0000000000000000     
   249.46223883011925        1.0000000000000000     
   250.46223883011925        1.0000000000000000     
   251.46223883011925        1.0000000000000000     
   252.46223883011925        1.0000000000000000     
   253.46223883011925        1.0000000000000000     
   254.46223883011925        1.0000000000000000     
   255.46223883011925        1.0000000000000000     
   256.46223883011925        1.0000000000000000     
   257.46223883011925        1.0000000000000000     
   258.46223883011925        1.0000000000000000     
   259.46223883011925        1.0000000000000000     
   260.46223883011925        1.0000000000000000     
   261.46223883011925        1.0000000000000000     
   262.46223883011925        1.0000000000000000     
   263.46223883011925        1.0000000000000000     
   264.46223883011925        1.0000000000000000     
   265.46223883011925        1.0000000000000000     
   266.46223883011925        1.0000000000000000     
   267.46223883011925        1.0000000000000000     
   268.46223883011925        1.0000000000000000     
   269.46223883011925        1.0000000000000000     
   270.46223883011925        1.0000000000000000     
   271.46223883011925        1.0000000000000000     
   272.46223883011925        1.0000000000000000     
   273.46223883011925        1.0000000000000000     
   274.46223883011925        1.0000000000000000     
   275.46223883011925        1.0000000000000000     
   276.46223883011925        1.0000000000000000     
   277.46223883011925        1.0000000000000000     
   278.46223883011925        1.0000000000000000     
   279.46223883011925        1.0000000000000000     
   280.46223883011925        1.0000000000000000     
   281.46223883011925        1.0000000000000000     
   282.46223883011925        1.0000000000000000     
   283.46223883011925        1.0000000000000000     
   284.46223883011925        1.0000000000000000     
   285.46223883011925        1.0000000000000000     
   286.46223883011925        1.0000000000000000     
   287.46223883011925        1.0000000000000000     
   288.46223883011925        1.0000000000000000     
   289.46223883011925        1.0000000000000000     
   290.46223883011925        1.0000000000000000     
   291.46223883011925        1.0000000000000000     
   292.46223883011925        1.0000000000000000     
   293.46223883011925        1.0000000000000000     
   294.46223883011925        1.0000000000000000     
   295.46223883011925        1.0000000000000000     
   296.46223883011925        1.0000000000000000     
   297.46223883011925        1.0000000000000000     
   298.46223883011925        1.0000000000000000     
   299.46223883011925        1.0000000000000000     
   300.46223883011925        1.0000000000000000     
   301.46223883011925        1.0000000000000000     
   302.46223883011925        1.0000000000000000     
   303.46223883011925        1.0000000000000000     
   304.46223883011925        1.0000000000000000     
   305.46223883011925        1.0000000000000000     
   306.46223883011925        1.0000000000000000     
   307.46223883011925        1.0000000000000000     
   308.46223883011925        1.0000000000000000     
   309.46223883011925        1.0000000000000000     
   310.46223883011925        1.0000000000000000     
   311.46223883011925        1.0000000000000000     
   312.46223883011925        1.0000000000000000     
   313.46223883011925        1.0000000000000000     
   314.46223883011925        1.0000000000000000     
   315.46223883011925        1.0000000000000000     
   316.46223883011925        1.0000000000000000     
   317.46223883011925        1.0000000000000000     
   318.46223883011925        1.0000000000000000     
   319.46223883011925        1.0000000000000000     
   320.46223883011925        1.0000000000000000     
   321.46223883011925        1.0000000000000000     
   322.46223883011925        1.0000000000000000     
   323.46223883011925        1.0000000000000000     
   324.46223883011925        1.0000000000000000     
   325.46223883011925        1.0000000000000000     
   326.46223883011925        1.0000000000000000     
   327.46223883011925        1.0000000000000000     
   328.46223883011925        1.0000000000000000     
   329.46223883011925        1.0000000000000000     
   330.46223883011925        1.0000000000000000     
   331.46223883011925        1.0000000000000000     
   332.46223883011925        1.0000000000000000     
   333.46223883011925        1.0000000000000000     
   334.46223883011925        1.0000000000000000     
   335.46223883011925        1.0000000000000000     
   336.46223883011925        1.0000000000000000     
   337.46223883011925        1.0000000000000000     
   338.46223883011925        1.0000000000000000     
   339.46223883011925        1.0000000000000000     
   340.46223883011925        1.0000000000000000     
   341.46223883011925        1.0000000000000000     
   342.46223883011925        1.0000000000000000     
   343.46223883011925        1.0000000000000000     
   344.46223883011925        1.0000000000000000     
   345.46223883011925        1.0000000000000000     
   346.46223883011925        1.0000000000000000     
   347.46223883011925        1.0000000000000000     
   348.46223883011925        1.0000000000000000     
   349.46223883011925        1.0000000000000000     
   350.46223883011925        1.0000000000000000     
   351.46223883011925        1.0000000000000000     
   352.46223883011925        1.0000000000000000     
   353.46223883011925        1.0000000000000000     
   354.46223883011925        1.0000000000000000     
   355.46223883011925        1.0000000000000000     
   356.46223883011925        1.0000000000000000     
   357.46223883011925        1.0000000000000000     
   358.46223883011925        1.0000000000000000     
   359.46223883011925        1.0000000000000000     
   360.46223883011925        1.0000000000000000     
   361.46223883011925        1.0000000000000000     
   362.46223883011925        1.0000000000000000     
   363.46223883011925        1.0000000000000000     
   364.46223883011925        1.0000000000000000     
   365.46223883011925        1.0000000000000000     
   366.46223883011925        1.0000000000000000     
   367.46223883011925        1.0000000000000000     
   368.46223883011925        1.0000000000000000     
   369.46223883011925        1.0000000000000000     
   370.46223883011925        1.0000000000000000     
   371.46223883011925        1.0000000000000000     
   372.46223883011925        1.0000000000000000     
   373.46223883011925        1.0000000000000000     
   374.46223883011925        1.0000000000000000     
   375.46223883011925        1.0000000000000000     
   376.46223883011925        1.0000000000000000     
   377.46223883011925        1.0000000000000000     
   378.46223883011925        1.0000000000000000     
   379.46223883011925        1.0000000000000000     
   380.46223883011925        1.0000000000000000     
   381.46223883011925        1.0000000000000000     
   382.46223883011925        1.0000000000000000     
   383.46223883011925        1.0000000000000000     
   384.46223883011925        1.0000000000000000     
   385.46223883011925        1.0000000000000000     
   386.46223883011925        1.0000000000000000     
   387.46223883011925        1.0000000000000000     
   388.46223883011925        1.0000000000000000     
   389.46223883011925        1.0000000000000000     
   390.46223883011925        1.0000000000000000     
   391.46223883011925        1.0000000000000000     
   392.46223883011925        1.0000000000000000     
   393.46223883011925        1.0000000000000000     
   394.46223883011925        1.0000000000000000     
   395.46223883011925        1.0000000000000000     
   396.46223883011925        1.0000000000000000     
   397.46223883011925        1.0000000000000000     
   398.46223883011925        1.0000000000000000     
   399.46223883011925        1.0000000000000000     
   400.46223883011925        1.0000000000000000     
   401.46223883011925        1.0000000000000000     
   402.46223883011925        1.0000000000000000     
   403.46223883011925        1.0000000000000000     
   404.46223883011925        1.0000000000000000     
   405.46223883011925        1.0000000000000000     
   406.46223883011925        1.0000000000000000     
   407.46223883011925        1.0000000000000000     
   408.46223883011925        1.0000000000000000     
   409.46223883011925        1.0000000000000000     
   410.46223883011925        1.0000000000000000     
   411.46223883011925        1.0000000000000000     
   412.46223883011925        1.0000000000000000     
   413.46223883011925        1.0000000000000000     
   414.46223883011925        1.0000000000000000     
   415.46223883011925        1.0000000000000000     
   416.46223883011925        1.0000000000000000     
   417.46223883011925        1.0000000000000000     
   418.46223883011925        1.0000000000000000     
   419.46223883011925        1.0000000000000000     
   420.46223883011925        1.0000000000000000     
   421.46223883011925        1.0000000000000000     
   422.46223883011925        1.0000000000000000     
   423.46223883011925        1.0000000000000000     
   424.46223883011925        1.0000000000000000     
   425.46223883011925        1.0000000000000000     
   426.46223883011925        1.0000000000000000     
   427.46223883011925        1.0000000000000000     
   428.46223883011925        1.0000000000000000     
   429.46223883011925        1.0000000000000000     
   430.46223883011925        1.0000000000000000     
   431.46223883011925        1.0000000000000000     
   432.46223883011925        1.0000000000000000     
   433.46223883011925        1.0000000000000000     
   434.46223883011925        1.0000000000000000     
   435.46223883011925        1.0000000000000000     
   436.46223883011925        1.0000000000000000     
   437.46223883011925        1.0000000000000000     
   438.46223883011925        1.0000000000000000     
   439.46223883011925        1.0000000000000000     
   440.46223883011925        1.0000000000000000     
   441.46223883011925        1.0000000000000000     
   442.46223883011925        1.0000000000000000     
   443.46223883011925        1.0000000000000000     
   444.46223883011925        1.0000000000000000     
   445.46223883011925        1.0000000000000000     
   446.46223883011925        1.0000000000000000     
   447.46223883011925        1.0000000000000000     
   448.46223883011925        1.0000000000000000     
   449.46223883011925        1.0000000000000000     
   450.46223883011925        1.0000000000000000     
   451.46223883011925        1.0000000000000000     
   452.46223883011925        1.0000000000000000     
   453.46223883011925        1.0000000000000000     
   454.46223883011925        1.0000000000000000     
   455.46223883011925        1.0000000000000000     
   456.46223883011925        1.0000000000000000     
   457.46223883011925        1.0000000000000000     
   458.46223883011925        1.0000000000000000     
   459.46223883011925        1.0000000000000000     
   460.46223883011925        1.0000000000000000     
   461.46223883011925        1.0000000000000000     
   462.46223883011925        1.0000000000000000     
   463.46223883011925        1.0000000000000000     
   464.46223883011925        1.0000000000000000     
   465.46223883011925        1.0000000000000000     
   466.46223883011925        1.0000000000000000     
   467.46223883011925        1.0000000000000000     
   468.46223883011925        1.0000000000000000     
   469.46223883011925        1.0000000000000000     
   470.46223883011925        1.0000000000000000     
   471.46223883011925        1.0000000000000000     
   472.46223883011925        1.0000000000000000     
   473.46223883011925        1.0000000000000000     
   474.46223883011925        1.0000000000000000     
   475.46223883011925        1.0000000000000000     
   476.46223883011925        1.0000000000000000     
   477.46223883011925        1.0000000000000000     
   478.46223883011925        1.0000000000000000     
   479.46223883011925        1.0000000000000000     
   480.46223883011925        1.0000000000000000     
   481.46223883011925        1.0000000000000000     
   482.46223883011925        1.0000000000000000     
   483.46223883011925        1.0000000000000000     
   484.46223883011925        1.0000000000000000     
   485.46223883011925        1.0000000000000000     
   486.46223883011925        1.0000000000000000     
   487.46223883011925        1.0000000000000000     
   488.46223883011925        1.0000000000000000     
   489.46223883011925        1.0000000000000000     
   490.46223883011925        1.0000000000000000     
   491.46223883011925        1.0000000000000000     
   492.46223883011925        1.0000000000000000     
   493.46223883011925        1.0000000000000000     
   494.46223883011925        1.0000000000000000     
   495.46223883011925        1.0000000000000000     
   496.46223883011925        1.0000000000000000     
   497.46223883011925        1.0000000000000000     
   498.46223883011925        1.0000000000000000     
   499.46223883011925        1.0000000000000000     
   500.46223883011925        1.0000000000000000     
   501.46223883011925        1.0000000000000000     
   502.46223883011925        1.0000000000000000     
   503.46223883011925        1.0000000000000000     
   504.46223883011925        1.0000000000000000     
   505.46223883011925        1.0000000000000000     
   506.46223883011925        1.0000000000000000     
   507.46223883011925        1.0000000000000000     
   508.46223883011925        1.0000000000000000     
   509.46223883011925        1.0000000000000000     
   510.46223883011925        1.0000000000000000     
   511.46223883011925        1.0000000000000000     
   512.46223883011930        1.0000000000000000     
   513.46223883011930        1.0000000000000000     
   514.46223883011930        1.0000000000000000     
   515.46223883011930        1.0000000000000000     
   516.46223883011930        1.0000000000000000     
   517.46223883011930        1.0000000000000000     
   518.46223883011930        1.0000000000000000     
   519.46223883011930        1.0000000000000000     
   520.46223883011930        1.0000000000000000     
   521.46223883011930        1.0000000000000000     
   522.46223883011930        1.0000000000000000     
   523.46223883011930        1.0000000000000000     
   524.46223883011930        1.0000000000000000     
   525.46223883011930        1.0000000000000000     
   526.46223883011930        1.0000000000000000     
   527.46223883011930        1.0000000000000000     
   528.46223883011930        1.0000000000000000     
   529.46223883011930        1.0000000000000000     
   530.46223883011930        1.0000000000000000     
   531.46223883011930        1.0000000000000000     
   532.46223883011930        1.0000000000000000     
   533.46223883011930        1.0000000000000000     
   534.46223883011930        1.0000000000000000     
   535.46223883011930        1.0000000000000000     
   536.46223883011930        1.0000000000000000     
   537.46223883011930        1.0000000000000000     
   538.46223883011930        1.0000000000000000     
   539.46223883011930        1.0000000000000000     
   540.46223883011930        1.0000000000000000     
   541.46223883011930        1.0000000000000000     
   542.46223883011930        1.0000000000000000     
   543.46223883011930        1.0000000000000000     
   544.46223883011930        1.0000000000000000     
   545.46223883011930        1.0000000000000000     
   546.46223883011930        1.0000000000000000     
   547.46223883011930        1.0000000000000000     
   548.46223883011930        1.0000000000000000     
   549.46223883011930        1.0000000000000000     
   550.46223883011930        1.0000000000000000     
   551.46223883011930        1.0000000000000000     
   552.46223883011930        1.0000000000000000     
   553.46223883011930        1.0000000000000000     
   554.46223883011930        1.0000000000000000     
   555.46223883011930        1.0000000000000000     
   556.46223883011930        1.0000000000000000     
   557.46223883011930        1.0000000000000000     
   558.46223883011930        1.0000000000000000     
   559.46223883011930        1.0000000000000000     
   560.46223883011930        1.0000000000000000     
   561.46223883011930        1.0000000000000000     
   562.46223883011930        1.0000000000000000     
   563.46223883011930        1.0000000000000000     
   564.46223883011930        1.0000000000000000     
   565.46223883011930        1.0000000000000000     
   566.46223883011930        1.0000000000000000     
   567.46223883011930        1.0000000000000000     
   568.46223883011930        1.0000000000000000     
   569.46223883011930        1.0000000000000000     
   570.46223883011930        1.0000000000000000     
   571.46223883011930        1.0000000000000000     
   572.46223883011930        1.0000000000000000     
   573.46223883011930        1.0000000000000000     
   574.46223883011930        1.0000000000000000     
   575.46223883011930        1.0000000000000000     
   576.46223883011930        1.0000000000000000     
   577.46223883011930        1.0000000000000000     
   578.46223883011930        1.0000000000000000     
   579.46223883011930        1.0000000000000000     
   580.46223883011930        1.0000000000000000     
   581.46223883011930        1.0000000000000000     
   582.46223883011930        1.0000000000000000     
   583.46223883011930        1.0000000000000000     
   584.46223883011930        1.0000000000000000     
   585.46223883011930        1.0000000000000000     
   586.46223883011930        1.0000000000000000     
   587.46223883011930        1.0000000000000000     
   588.46223883011930        1.0000000000000000     
   589.46223883011930        1.0000000000000000     
   590.46223883011930        1.0000000000000000     
   591.46223883011930        1.0000000000000000     
   592.46223883011930        1.0000000000000000     
   593.46223883011930        1.0000000000000000     
   594.46223883011930        1.0000000000000000     
   595.46223883011930        1.0000000000000000     
   596.46223883011930        1.0000000000000000     
   597.46223883011930        1.0000000000000000     
   598.46223883011930        1.0000000000000000     
   599.46223883011930        1.0000000000000000     
