   0.0000000000000000                         1
  0.50000000000000000                         1
   1.0030000000000001                         1
   1.5090180000000002                         1
   2.0180721080000001                         1
   2.5301805406480002                         1
   3.0453616238918881                         1
   3.5636337936352396                         1
   4.0850155963970511                         1
   4.6095256899754338                         1
   5.1371828441152863                         1
   5.6680059411799775                         1
   6.2020139768270575                         1
   6.7392260606880194                         1
   7.2796614170521474                         1
   7.8233393855544602                         1
   8.3702794218677870                         1
   8.9205010983989936                         1
   9.4740241049893879                         1
   10.030868249619324                         1
   10.591053459117040                         1
   11.154599779871742                         1
   11.721527378550972                         1
   12.291856542822277                         1
   12.865607682079210                         1
   13.442801328171685                         1
   14.023458136140714                         1
   14.607598884957559                         1
   15.195244478267304                         1
   15.786415945136907                         1
   16.381134440807728                         1
   16.979421247452574                         1
   17.581297774937291                         1
   18.186785561586913                         1
   18.795906274956433                         1
   19.408681712606171                         1
   20.025133802881808                         1
   20.645284605699100                         1
   21.269156313333294                         1
   21.896771251213295                         1
   22.528151878720575                         1
   23.163320789992898                         1
   23.802300714732855                         1
   24.445114519021253                         1
   25.091785206135381                         1
   25.742335917372191                         1
   26.396789932876423                         1
   27.055170672473682                         1
   27.717501696508524                         1
   28.383806706687576                         1
   29.054109546927702                         1
   29.728434204209268                         1
   30.406804809434522                         1
   31.089245638291128                         1
   31.775781112120875                         1
   32.466435798793597                         1
   33.161234413586357                         1
   33.860201820067871                         1
   34.563363030988278                         1
   35.270743209174206                         1
   35.982367668429255                         1
   36.698261874439829                         1
   37.418451445686472                         1
   38.142962154360589                         1
   38.871819927286751                         1
   39.605050846850474                         1
   40.342681151931579                         1
   41.084737238843168                         1
   41.831245662276224                         1
   42.582233136249883                         1
   43.337726535067382                         1
   44.097752894277789                         1
   44.862339411643454                         1
   45.631513448113317                         1
   46.405302528801997                         1
   47.183734343974805                         1
   47.966836750038652                         1
   48.754637770538885                         1
   49.547165597162120                         1
   50.344448590745095                         1
   51.146515282289563                         1
   51.953394373983301                         1
   52.765114740227197                         1
   53.581705428668563                         1
   54.403195661240574                         1
   55.229614835208018                         1
   56.060992524219266                         1
   56.897358479364584                         1
   57.738742630240772                         1
   58.585175086022218                         1
   59.436686136538349                         1
   60.293306253357578                         1
   61.155066090877725                         1
   62.021996487422989                         1
   62.894128466347524                         1
   63.771493237145613                         1
   64.654122196568480                         1
   65.542046929747897                         1
   66.435299211326381                         1
   67.333911006594334                         1
   68.237914472633904                         1
   69.147341959469713                         1
   70.062226011226528                         1
   70.982599367293886                         1
   71.908494963497645                         1
   72.839945933278628                         1
   73.776985608878306                         1
   74.719647522531574                         1
   75.667965407666770                         1
   76.621973200112777                         1
   77.581705039313448                         1
   78.547195269549334                         1
   79.518478441166636                         1
   80.495589311813632                         1
   81.478562847684515                         1
   82.467434224770628                         1
   83.462238830119247                         1
   84.462238830119247                         1
   85.462238830119247                         1
   86.462238830119247                         1
   87.462238830119247                         1
   88.462238830119247                         1
   89.462238830119247                         1
   90.462238830119247                         1
   91.462238830119247                         1
   92.462238830119247                         1
   93.462238830119247                         1
   94.462238830119247                         1
   95.462238830119247                         1
   96.462238830119247                         1
   97.462238830119247                         1
   98.462238830119247                         1
   99.462238830119247                         1
   100.46223883011925                         1
   101.46223883011925                         1
   102.46223883011925                         1
   103.46223883011925                         1
   104.46223883011925                         1
   105.46223883011925                         1
   106.46223883011925                         1
   107.46223883011925                         1
   108.46223883011925                         1
   109.46223883011925                         1
   110.46223883011925                         1
   111.46223883011925                         1
   112.46223883011925                         1
   113.46223883011925                         1
   114.46223883011925                         1
   115.46223883011925                         1
   116.46223883011925                         1
   117.46223883011925                         1
   118.46223883011925                         1
   119.46223883011925                         1
   120.46223883011925                         1
   121.46223883011925                         1
   122.46223883011925                         1
   123.46223883011925                         1
   124.46223883011925                         1
   125.46223883011925                         1
   126.46223883011925                         1
   127.46223883011925                         1
   128.46223883011925                         1
   129.46223883011925                         1
   130.46223883011925                         1
   131.46223883011925                         1
   132.46223883011925                         1
   133.46223883011925                         1
   134.46223883011925                         1
   135.46223883011925                         1
   136.46223883011925                         1
   137.46223883011925                         1
   138.46223883011925                         1
   139.46223883011925                         1
   140.46223883011925                         1
   141.46223883011925                         1
   142.46223883011925                         1
   143.46223883011925                         1
   144.46223883011925                         1
   145.46223883011925                         1
   146.46223883011925                         1
   147.46223883011925                         1
   148.46223883011925                         1
   149.46223883011925                         1
   150.46223883011925                         1
   151.46223883011925                         1
   152.46223883011925                         1
   153.46223883011925                         1
   154.46223883011925                         1
   155.46223883011925                         1
   156.46223883011925                         1
   157.46223883011925                         1
   158.46223883011925                         1
   159.46223883011925                         1
   160.46223883011925                         1
   161.46223883011925                         1
   162.46223883011925                         1
   163.46223883011925                         1
   164.46223883011925                         1
   165.46223883011925                         1
   166.46223883011925                         1
   167.46223883011925                         1
   168.46223883011925                         1
   169.46223883011925                         1
   170.46223883011925                         1
   171.46223883011925                         1
   172.46223883011925                         1
   173.46223883011925                         1
   174.46223883011925                         1
   175.46223883011925                         1
   176.46223883011925                         1
   177.46223883011925                         1
   178.46223883011925                         1
   179.46223883011925                         1
   180.46223883011925                         1
   181.46223883011925                         1
   182.46223883011925                         1
   183.46223883011925                         1
   184.46223883011925                         1
   185.46223883011925                         1
   186.46223883011925                         1
   187.46223883011925                         1
   188.46223883011925                         1
   189.46223883011925                         1
   190.46223883011925                         1
   191.46223883011925                         1
   192.46223883011925                         1
   193.46223883011925                         1
   194.46223883011925                         1
   195.46223883011925                         1
   196.46223883011925                         1
   197.46223883011925                         1
   198.46223883011925                         1
   199.46223883011925                         1
   200.46223883011925                         1
   201.46223883011925                         1
   202.46223883011925                         1
   203.46223883011925                         1
   204.46223883011925                         1
   205.46223883011925                         1
   206.46223883011925                         1
   207.46223883011925                         1
   208.46223883011925                         1
   209.46223883011925                         1
   210.46223883011925                         1
   211.46223883011925                         1
   212.46223883011925                         1
   213.46223883011925                         1
   214.46223883011925                         1
   215.46223883011925                         1
   216.46223883011925                         1
   217.46223883011925                         1
   218.46223883011925                         1
   219.46223883011925                         1
   220.46223883011925                         1
   221.46223883011925                         1
   222.46223883011925                         1
   223.46223883011925                         1
   224.46223883011925                         1
   225.46223883011925                         1
   226.46223883011925                         1
   227.46223883011925                         1
   228.46223883011925                         1
   229.46223883011925                         1
   230.46223883011925                         1
   231.46223883011925                         1
   232.46223883011925                         1
   233.46223883011925                         1
   234.46223883011925                         1
   235.46223883011925                         1
   236.46223883011925                         1
   237.46223883011925                         1
   238.46223883011925                         1
   239.46223883011925                         1
   240.46223883011925                         1
   241.46223883011925                         1
   242.46223883011925                         1
   243.46223883011925                         1
   244.46223883011925                         1
   245.46223883011925                         1
   246.46223883011925                         1
   247.46223883011925                         1
   248.46223883011925                         1
   249.46223883011925                         1
   250.46223883011925                         1
   251.46223883011925                         1
   252.46223883011925                         1
   253.46223883011925                         1
   254.46223883011925                         1
   255.46223883011925                         1
   256.46223883011925                         1
   257.46223883011925                         1
   258.46223883011925                         1
   259.46223883011925                         1
   260.46223883011925                         1
   261.46223883011925                         1
   262.46223883011925                         1
   263.46223883011925                         1
   264.46223883011925                         1
   265.46223883011925                         1
   266.46223883011925                         1
   267.46223883011925                         1
   268.46223883011925                         1
   269.46223883011925                         1
   270.46223883011925                         1
   271.46223883011925                         1
   272.46223883011925                         1
   273.46223883011925                         1
   274.46223883011925                         1
   275.46223883011925                         1
   276.46223883011925                         1
   277.46223883011925                         1
   278.46223883011925                         1
   279.46223883011925                         1
   280.46223883011925                         1
   281.46223883011925                         1
   282.46223883011925                         1
   283.46223883011925                         1
   284.46223883011925                         1
   285.46223883011925                         1
   286.46223883011925                         1
   287.46223883011925                         1
   288.46223883011925                         1
   289.46223883011925                         1
   290.46223883011925                         1
   291.46223883011925                         1
   292.46223883011925                         1
   293.46223883011925                         1
   294.46223883011925                         1
   295.46223883011925                         1
   296.46223883011925                         1
   297.46223883011925                         1
   298.46223883011925                         1
   299.46223883011925                         1
   300.46223883011925                         1
   301.46223883011925                         1
   302.46223883011925                         1
   303.46223883011925                         1
   304.46223883011925                         1
   305.46223883011925                         1
   306.46223883011925                         1
   307.46223883011925                         1
   308.46223883011925                         1
   309.46223883011925                         1
   310.46223883011925                         1
   311.46223883011925                         1
   312.46223883011925                         1
   313.46223883011925                         1
   314.46223883011925                         1
   315.46223883011925                         1
   316.46223883011925                         1
   317.46223883011925                         1
   318.46223883011925                         1
   319.46223883011925                         1
   320.46223883011925                         1
   321.46223883011925                         1
   322.46223883011925                         1
   323.46223883011925                         1
   324.46223883011925                         1
   325.46223883011925                         1
   326.46223883011925                         1
   327.46223883011925                         1
   328.46223883011925                         1
   329.46223883011925                         1
   330.46223883011925                         1
   331.46223883011925                         1
   332.46223883011925                         1
   333.46223883011925                         1
   334.46223883011925                         1
   335.46223883011925                         1
   336.46223883011925                         1
   337.46223883011925                         1
   338.46223883011925                         1
   339.46223883011925                         1
   340.46223883011925                         1
   341.46223883011925                         1
   342.46223883011925                         1
   343.46223883011925                         1
   344.46223883011925                         1
   345.46223883011925                         1
   346.46223883011925                         1
   347.46223883011925                         1
   348.46223883011925                         1
   349.46223883011925                         1
   350.46223883011925                         1
   351.46223883011925                         1
   352.46223883011925                         1
   353.46223883011925                         1
   354.46223883011925                         1
   355.46223883011925                         1
   356.46223883011925                         1
   357.46223883011925                         1
   358.46223883011925                         1
   359.46223883011925                         1
   360.46223883011925                         1
   361.46223883011925                         1
   362.46223883011925                         1
   363.46223883011925                         1
   364.46223883011925                         1
   365.46223883011925                         1
   366.46223883011925                         1
   367.46223883011925                         1
   368.46223883011925                         1
   369.46223883011925                         1
   370.46223883011925                         1
   371.46223883011925                         1
   372.46223883011925                         1
   373.46223883011925                         1
   374.46223883011925                         1
   375.46223883011925                         1
   376.46223883011925                         1
   377.46223883011925                         1
   378.46223883011925                         1
   379.46223883011925                         1
   380.46223883011925                         1
   381.46223883011925                         1
   382.46223883011925                         1
   383.46223883011925                         1
   384.46223883011925                         1
   385.46223883011925                         1
   386.46223883011925                         1
   387.46223883011925                         1
   388.46223883011925                         1
   389.46223883011925                         1
   390.46223883011925                         1
   391.46223883011925                         1
   392.46223883011925                         1
   393.46223883011925                         1
   394.46223883011925                         1
   395.46223883011925                         1
   396.46223883011925                         1
   397.46223883011925                         1
   398.46223883011925                         1
   399.46223883011925                         1
   400.46223883011925                         1
   401.46223883011925                         1
   402.46223883011925                         1
   403.46223883011925                         1
   404.46223883011925                         1
   405.46223883011925                         1
   406.46223883011925                         1
   407.46223883011925                         1
   408.46223883011925                         1
   409.46223883011925                         1
   410.46223883011925                         1
   411.46223883011925                         1
   412.46223883011925                         1
   413.46223883011925                         1
   414.46223883011925                         1
   415.46223883011925                         1
   416.46223883011925                         1
   417.46223883011925                         1
   418.46223883011925                         1
   419.46223883011925                         1
   420.46223883011925                         1
   421.46223883011925                         1
   422.46223883011925                         1
   423.46223883011925                         1
   424.46223883011925                         1
   425.46223883011925                         1
   426.46223883011925                         1
   427.46223883011925                         1
   428.46223883011925                         1
   429.46223883011925                         1
   430.46223883011925                         1
   431.46223883011925                         1
   432.46223883011925                         1
   433.46223883011925                         1
   434.46223883011925                         1
   435.46223883011925                         1
   436.46223883011925                         1
   437.46223883011925                         1
   438.46223883011925                         1
   439.46223883011925                         1
   440.46223883011925                         1
   441.46223883011925                         1
   442.46223883011925                         1
   443.46223883011925                         1
   444.46223883011925                         1
   445.46223883011925                         1
   446.46223883011925                         1
   447.46223883011925                         1
   448.46223883011925                         1
   449.46223883011925                         1
   450.46223883011925                         1
   451.46223883011925                         1
   452.46223883011925                         1
   453.46223883011925                         1
   454.46223883011925                         1
   455.46223883011925                         1
   456.46223883011925                         1
   457.46223883011925                         1
   458.46223883011925                         1
   459.46223883011925                         1
   460.46223883011925                         1
   461.46223883011925                         1
   462.46223883011925                         1
   463.46223883011925                         1
   464.46223883011925                         1
   465.46223883011925                         1
   466.46223883011925                         1
   467.46223883011925                         1
   468.46223883011925                         1
   469.46223883011925                         1
   470.46223883011925                         1
   471.46223883011925                         1
   472.46223883011925                         1
   473.46223883011925                         1
   474.46223883011925                         1
   475.46223883011925                         1
   476.46223883011925                         1
   477.46223883011925                         1
   478.46223883011925                         1
   479.46223883011925                         1
   480.46223883011925                         1
   481.46223883011925                         1
   482.46223883011925                         1
   483.46223883011925                         1
   484.46223883011925                         1
   485.46223883011925                         1
   486.46223883011925                         1
   487.46223883011925                         1
   488.46223883011925                         1
   489.46223883011925                         1
   490.46223883011925                         1
   491.46223883011925                         1
   492.46223883011925                         1
   493.46223883011925                         1
   494.46223883011925                         1
   495.46223883011925                         1
   496.46223883011925                         1
   497.46223883011925                         1
   498.46223883011925                         1
   499.46223883011925                         1
   500.46223883011925                         1
   501.46223883011925                         1
   502.46223883011925                         1
   503.46223883011925                         1
   504.46223883011925                         1
   505.46223883011925                         1
   506.46223883011925                         1
   507.46223883011925                         1
   508.46223883011925                         1
   509.46223883011925                         1
   510.46223883011925                         1
   511.46223883011925                         1
   512.46223883011930                         1
   513.46223883011930                         1
   514.46223883011930                         1
   515.46223883011930                         1
   516.46223883011930                         1
   517.46223883011930                         1
   518.46223883011930                         1
   519.46223883011930                         1
   520.46223883011930                         1
   521.46223883011930                         1
   522.46223883011930                         1
   523.46223883011930                         1
   524.46223883011930                         1
   525.46223883011930                         1
   526.46223883011930                         1
   527.46223883011930                         1
   528.46223883011930                         1
   529.46223883011930                         1
   530.46223883011930                         1
   531.46223883011930                         1
   532.46223883011930                         1
   533.46223883011930                         1
   534.46223883011930                         1
   535.46223883011930                         1
   536.46223883011930                         1
   537.46223883011930                         1
   538.46223883011930                         1
   539.46223883011930                         1
   540.46223883011930                         1
   541.46223883011930                         1
   542.46223883011930                         1
   543.46223883011930                         1
   544.46223883011930                         1
   545.46223883011930                         1
   546.46223883011930                         1
   547.46223883011930                         1
   548.46223883011930                         1
   549.46223883011930                         1
   550.46223883011930                         1
   551.46223883011930                         1
   552.46223883011930                         1
   553.46223883011930                         1
   554.46223883011930                         1
   555.46223883011930                         1
   556.46223883011930                         1
   557.46223883011930                         1
   558.46223883011930                         1
   559.46223883011930                         1
   560.46223883011930                         1
   561.46223883011930                         1
   562.46223883011930                         1
   563.46223883011930                         1
   564.46223883011930                         1
   565.46223883011930                         1
   566.46223883011930                         1
   567.46223883011930                         1
   568.46223883011930                         1
   569.46223883011930                         1
   570.46223883011930                         1
   571.46223883011930                         1
   572.46223883011930                         1
   573.46223883011930                         1
   574.46223883011930                         1
   575.46223883011930                         1
   576.46223883011930                         1
   577.46223883011930                         1
   578.46223883011930                         1
   579.46223883011930                         1
   580.46223883011930                         1
   581.46223883011930                         1
   582.46223883011930                         1
   583.46223883011930                         1
   584.46223883011930                         1
   585.46223883011930                         1
   586.46223883011930                         1
   587.46223883011930                         1
   588.46223883011930                         1
   589.46223883011930                         1
   590.46223883011930                         1
   591.46223883011930                         1
   592.46223883011930                         1
   593.46223883011930                         1
   594.46223883011930                         1
   595.46223883011930                         1
   596.46223883011930                         1
   597.46223883011930                         1
   598.46223883011930                         1
   599.46223883011930                         1
