                    1     2.5000000000000001E-003     1.3939923865337052     
                    2     7.4999999999999997E-003     1.3880016837288267     
                    3     1.2500000000000001E-002     1.3819936035537124     
                    4     1.7500000000000002E-002     1.3759679627067385     
                    5     2.2499999999999999E-002     1.3699245861209679     
                    6     2.7500000000000000E-002     1.3638632840508520     
                    7     3.2500000000000001E-002     1.3577838750178512     
                    8     3.7500000000000006E-002     1.3516861625032082     
                    9     4.2499999999999996E-002     1.3455699582829337     
                   10     4.7500000000000001E-002     1.3394350587136061     
                   11     5.2500000000000005E-002     1.3332812684691637     
                   12     5.7499999999999996E-002     1.3271083764060345     
                   13     6.2500000000000000E-002     1.3209161797147522     
                   14     6.7500000000000004E-002     1.3147044593500228     
                   15     7.2500000000000009E-002     1.3084730046108002     
                   16     7.7499999999999999E-002     1.3022215881201524     
                   17     8.2500000000000004E-002     1.2959499908480849     
                   18     8.7499999999999994E-002     1.2896579766252669     
                   19     9.2499999999999999E-002     1.2833453176235878     
                   20     9.7500000000000003E-002     1.2770117683869504     
                   21    0.10250000000000001          1.2706570917852833     
                   22    0.10750000000000000          1.2642810325446834     
                   23    0.11250000000000000          1.2578833436913976     
                   24    0.11749999999999999          1.2514637595626128     
                   25    0.12250000000000000          1.2450220227577482     
                   26    0.12750000000000000          1.2385578566101261     
                   27    0.13250000000000001          1.2320709926638140     
                   28    0.13750000000000001          1.2255611425852617     
                   29    0.14250000000000002          1.2190280261848763     
                   30    0.14749999999999999          1.2124713427464731     
                   31    0.15250000000000000          1.2058907996137838     
                   32    0.15750000000000000          1.1992860829142238     
                   33    0.16250000000000001          1.1926568867316156     
                   34    0.16750000000000001          1.1860028831993259     
                   35    0.17250000000000001          1.1793237522816362     
                   36    0.17749999999999999          1.1726191512097253     
                   37    0.18250000000000000          1.1658887448953568     
                   38    0.18750000000000000          1.1591321746814702     
                   39    0.19250000000000000          1.1523490894131658     
                   40    0.19750000000000001          1.1455391134727990     
                   41    0.20250000000000001          1.1387018785346621     
                   42    0.20750000000000002          1.1318369908524284     
                   43    0.21249999999999999          1.1249440637254402     
                   44    0.21750000000000000          1.1180226840041216     
                   45    0.22250000000000000          1.1110724452973901     
                   46    0.22750000000000001          1.1040929136592061     
                   47    0.23250000000000001          1.0970836615683635     
                   48    0.23749999999999999          1.0900442327566464     
                   49    0.24249999999999999          1.0829741769941004     
                   50    0.24750000000000000          1.0758730140162998     
                   51    0.25250000000000000          1.0687402691501875     
                   52    0.25750000000000001          1.0615754362946688     
                   53    0.26250000000000001          1.0543780144242274     
                   54    0.26750000000000002          1.0471474695734226     
                   55    0.27250000000000002          1.0398832722577627     
                   56    0.27750000000000002          1.0325848584086272     
                   57    0.28250000000000003          1.0252516677533046     
                   58    0.28749999999999998          1.0178831036423446     
                   59    0.29249999999999998          1.0104785724332568     
                   60    0.29749999999999999          1.0030374421472337     
                   61    0.30249999999999999         0.99555908290376904     
                   62    0.30750000000000000         0.98804282433800161     
                   63    0.31250000000000000         0.98048799713644230     
                   64    0.31750000000000000         0.97289388913977048     
                   65    0.32250000000000001         0.96525978803296431     
                   66    0.32750000000000001         0.95758493605110206     
                   67    0.33250000000000002         0.94986857388046209     
                   68    0.33750000000000002         0.94210989387659849     
                   69    0.34250000000000003         0.93430808523639919     
                   70    0.34750000000000003         0.92646228562822941     
                   71    0.35250000000000004         0.91857162769848788     
                   72    0.35749999999999998         0.91063518900270868     
                   73    0.36249999999999999         0.90265203991379295     
                   74    0.36749999999999999         0.89462119173035792     
                   75    0.37250000000000000         0.88654164605747066     
                   76    0.37750000000000000         0.87841234095386822     
                   77    0.38250000000000001         0.87023220185959294     
                   78    0.38750000000000001         0.86200008562653196     
                   79    0.39250000000000002         0.85371483307069562     
                   80    0.39750000000000002         0.84537521071026878     
                   81    0.40250000000000002         0.83697996502316541     
                   82    0.40750000000000003         0.82852776169271758     
                   83    0.41250000000000003         0.82001724165326362     
                   84    0.41749999999999998         0.81144695761477137     
                   85    0.42249999999999999         0.80281543198011174     
                   86    0.42749999999999999         0.79412109038506928     
                   87    0.43250000000000000         0.78536232156995434     
                   88    0.43750000000000000         0.77653740762894308     
                   89    0.44250000000000000         0.76764458591480866     
                   90    0.44750000000000001         0.75868197563913498     
                   91    0.45250000000000001         0.74964764188078781     
                   92    0.45750000000000002         0.74053951811323071     
                   93    0.46250000000000002         0.73135547237282927     
                   94    0.46750000000000003         0.72209322520709640     
                   95    0.47250000000000003         0.71275041803494110     
                   96    0.47750000000000004         0.70332452590435657     
                   97    0.48249999999999998         0.69381292803868755     
                   98    0.48749999999999999         0.68421281465574535     
                   99    0.49249999999999999         0.67452125963513121     
                  100    0.49750000000000000         0.66473512047102545     
                  101    0.50249999999999995         0.65485111290494535     
                  102    0.50750000000000006         0.64486570284383993     
                  103    0.51249999999999996         0.63477518266389699     
                  104    0.51750000000000007         0.62457555359752204     
                  105    0.52249999999999996         0.61426260320093973     
                  106    0.52750000000000008         0.60383177625736373     
                  107    0.53249999999999997         0.59327825257235500     
                  108    0.53750000000000009         0.58259680379183942     
                  109    0.54249999999999998         0.57178187017584836     
                  110    0.54750000000000010         0.56082739978541984     
                  111    0.55249999999999999         0.54972692207194940     
                  112    0.55750000000000011         0.53847336447423833     
                  113    0.56250000000000000         0.52705911934750471     
                  114    0.56750000000000012         0.51547583083530168     
                  115    0.57250000000000001         0.50371444949295330     
                  116    0.57750000000000001         0.49176497883251047     
                  117    0.58250000000000002         0.47961650831101349     
                  118    0.58749999999999991         0.46725690321393387     
                  119    0.59250000000000003         0.45467280020907053     
                  120    0.59749999999999992         0.44184921433714591     
                  121    0.60250000000000004         0.42876946950797218     
                  122    0.60749999999999993         0.41541467840929869     
                  123    0.61250000000000004         0.40176355764161698     
                  124    0.61749999999999994         0.38779170180800104     
                  125    0.62250000000000005         0.37347118683896063     
                  126    0.62749999999999995         0.35876948822866706     
                  127    0.63250000000000006         0.34364867510447522     
                  128    0.63749999999999996         0.32806366221977190     
                  129    0.64250000000000007         0.31196055487689545     
                  130    0.64749999999999996         0.29527352222923314     
                  131    0.65250000000000008         0.27792119666377391     
                  132    0.65749999999999997         0.25980029319880782     
                  133    0.66250000000000009         0.24077687258590069     
                  134    0.66749999999999998         0.22067073161034362     
                  135    0.67250000000000010         0.19922986138320764     
                  136    0.67749999999999999         0.17608011567454790     
                  137    0.68250000000000011         0.15062064341054426     
                  138    0.68750000000000000         0.12175459045331684     
                  139    0.69250000000000012          8.6959754727191987E-002
                  140    0.69750000000000001          3.3816123407482856E-002
