                    1     2.5000000000000001E-003    0.99353947580801005     
                    2     7.4999999999999997E-003    0.98926744548598755     
                    3     1.2500000000000001E-002    0.98498301402943089     
                    4     1.7500000000000002E-002    0.98068605071076531     
                    5     2.2499999999999999E-002    0.97637643062150459     
                    6     2.7500000000000000E-002    0.97205401843906258     
                    7     3.2500000000000001E-002    0.96771868468197053     
                    8     3.7500000000000006E-002    0.96337028919786438     
                    9     4.2499999999999996E-002    0.95900869769423425     
                   10     4.7500000000000001E-002    0.95463376493836805     
                   11     5.2500000000000005E-002    0.95024535157241785     
                   12     5.7499999999999996E-002    0.94584330701562047     
                   13     6.2500000000000000E-002    0.94142748657287756     
                   14     6.7500000000000004E-002    0.93699773402907893     
                   15     7.2500000000000009E-002    0.93255389906082642     
                   16     7.7499999999999999E-002    0.92809581951216136     
                   17     8.2500000000000004E-002    0.92362333911952232     
                   18     8.7499999999999994E-002    0.91913628945761372     
                   19     9.2499999999999999E-002    0.91463450798817902     
                   20     9.7500000000000003E-002    0.91011781966414218     
                   21    0.10250000000000001         0.90558605531329617     
                   22    0.10750000000000000         0.90103903288820253     
                   23    0.11250000000000000         0.89647657619644860     
                   24    0.11749999999999999         0.89189849578308933     
                   25    0.12250000000000000         0.88730460801971955     
                   26    0.12750000000000000         0.88269471560549129     
                   27    0.13250000000000001         0.87806862702787103     
                   28    0.13750000000000001         0.87342613666745728     
                   29    0.14250000000000002         0.86876704464396270     
                   30    0.14749999999999999         0.86409113650918168     
                   31    0.15250000000000000         0.85939820349244944     
                   32    0.15750000000000000         0.85468802176516268     
                   33    0.16250000000000001         0.84996037310072914     
                   34    0.16750000000000001         0.84521502369302115     
                   35    0.17250000000000001         0.84045174524663802     
                   36    0.17749999999999999         0.83567029333055953     
                   37    0.18250000000000000         0.83087042891541540     
                   38    0.18750000000000000         0.82605189624239206     
                   39    0.19250000000000000         0.82121444482512995     
                   40    0.19750000000000001         0.81635780681261982     
                   41    0.20250000000000001         0.81148171947434156     
                   42    0.20750000000000002         0.80658590203444458     
                   43    0.21249999999999999         0.80167007865979956     
                   44    0.21750000000000000         0.79673395474118591     
                   45    0.22250000000000000         0.79177724040506314     
                   46    0.22750000000000001         0.78679962621575528     
                   47    0.23250000000000001         0.78180080723296574     
                   48    0.23749999999999999         0.77678045810704766     
                   49    0.24249999999999999         0.77173825770558468     
                   50    0.24750000000000000         0.76667386357174183     
                   51    0.25250000000000000         0.76158693714462589     
                   52    0.25750000000000001         0.75647711754839075     
                   53    0.26250000000000001         0.75134404743258298     
                   54    0.26750000000000002         0.74618734605710535     
                   55    0.27250000000000002         0.74100663578034220     
                   56    0.27750000000000002         0.73580151440222819     
                   57    0.28250000000000003         0.73057158232964869     
                   58    0.28749999999999998         0.72531641413667070     
                   59    0.29249999999999998         0.72003558643852528     
                   60    0.29749999999999999         0.71472864862448460     
                   61    0.30249999999999999         0.70939515147366694     
                   62    0.30750000000000000         0.70403461701202685     
                   63    0.31250000000000000         0.69864656790527002     
                   64    0.31750000000000000         0.69323049638689360     
                   65    0.32250000000000001         0.68778589446566563     
                   66    0.32750000000000001         0.68231222186651685     
                   67    0.33250000000000002         0.67680893709231771     
                   68    0.33750000000000002         0.67127546431357354     
                   69    0.34250000000000003         0.66571122532661886     
                   70    0.34750000000000003         0.66011560532137536     
                   71    0.35250000000000004         0.65448798578054568     
                   72    0.35749999999999998         0.64882770904700138     
                   73    0.36249999999999999         0.64313411221107464     
                   74    0.36749999999999999         0.63740649039024233     
                   75    0.37250000000000000         0.63164413165413391     
                   76    0.37750000000000000         0.62584627891881894     
                   77    0.38250000000000001         0.62001216596160069     
                   78    0.38750000000000001         0.61414097782008392     
                   79    0.39250000000000002         0.60823188795109306     
                   80    0.39750000000000002         0.60228401701038714     
                   81    0.40250000000000002         0.59629647121197782     
                   82    0.40750000000000003         0.59026829934735359     
                   83    0.41250000000000003         0.58419853240283981     
                   84    0.41749999999999998         0.57808613865681724     
                   85    0.42249999999999999         0.57193006461323892     
                   86    0.42749999999999999         0.56572918799069660     
                   87    0.43250000000000000         0.55948236002929974     
                   88    0.43750000000000000         0.55318835615538486     
                   89    0.44250000000000000         0.54684591971597785     
                   90    0.44750000000000001         0.54045371006587706     
                   91    0.45250000000000001         0.53401034777783862     
                   92    0.45750000000000002         0.52751435985255668     
                   93    0.46250000000000002         0.52096422644204354     
                   94    0.46750000000000003         0.51435832282471572     
                   95    0.47250000000000003         0.50769496766198130     
                   96    0.47750000000000004         0.50097236130608525     
                   97    0.48249999999999998         0.49418863558237314     
                   98    0.48749999999999999         0.48734178790086602     
                   99    0.49249999999999999         0.48042973251407806     
                  100    0.49750000000000000         0.47345022977597184     
                  101    0.50249999999999995         0.46640093875998001     
                  102    0.50750000000000006         0.45927934083848920     
                  103    0.51249999999999996         0.45208279344609181     
                  104    0.51750000000000007         0.44480844692021315     
                  105    0.52249999999999996         0.43745329904204222     
                  106    0.52750000000000008         0.43001410375539284     
                  107    0.53249999999999997         0.42248742588242749     
                  108    0.53750000000000009         0.41486953987777331     
                  109    0.54249999999999998         0.40715648374912561     
                  110    0.54750000000000010         0.39934394533345474     
                  111    0.55249999999999999         0.39142731387156793     
                  112    0.55750000000000011         0.38340155029064904     
                  113    0.56250000000000000         0.37526123394462041     
                  114    0.56750000000000012         0.36700041184228477     
                  115    0.57250000000000001         0.35861263651817943     
                  116    0.57750000000000001         0.35009078668442373     
                  117    0.58250000000000002         0.34142708957071055     
                  118    0.58749999999999991         0.33261290140722355     
                  119    0.59250000000000003         0.32363870296380365     
                  120    0.59749999999999992         0.31449382124289260     
                  121    0.60250000000000004         0.30516637852941886     
                  122    0.60749999999999993         0.29564292391895930     
                  123    0.61250000000000004         0.28590830005017331     
                  124    0.61749999999999994         0.27594512855648468     
                  125    0.62250000000000005         0.26573352583114451     
                  126    0.62749999999999995         0.25525033585748141     
                  127    0.63250000000000006         0.24446855455538236     
                  128    0.63749999999999996         0.23335608958334861     
                  129    0.64250000000000007         0.22187458054370804     
                  130    0.64749999999999996         0.20997717994056955     
                  131    0.65250000000000008         0.19760599031383469     
                  132    0.65749999999999997         0.18468753546961447     
                  133    0.66250000000000009         0.17112654941400401     
                  134    0.66749999999999998         0.15679489966008917     
                  135    0.67250000000000010         0.14151345276376334     
                  136    0.67749999999999999         0.12501638681572491     
                  137    0.68250000000000011         0.10687707940836802     
                  138    0.68750000000000000          8.6317557831201555E-002
                  139    0.69250000000000012          6.1552595387373399E-002
                  140    0.69750000000000001          2.3900976053245423E-002
