p     0.272742   -8.70821  -0.904449    1.11564
p     -2.93661   -6.19711   -9.74269    2.83563
p       2.4053   -8.72873   -11.0527    1.23726
p     -1.11328   -3.61895   -9.92832    1.48226
p     -10.0315   -8.99896   -10.0662    1.64895
p     0.411629   -6.56019   -3.84081   0.522501
p     -3.93151   -1.46035   -10.9952    1.73803
p     -5.22511   -1.49256   -7.20465   0.882542
p      1.79923   -11.1091   -2.69908    1.62011
p     -5.30621  -0.441775   -4.98754    1.27916
p       2.8295   -4.04027 -0.0185081     2.1718
p     -10.6592    2.05318   -9.13418   0.739798
p     -9.94579   -7.20033  -0.678889    2.89673
p     -1.76052    -7.5197   -10.3488   0.739541
p     -11.9801   -9.34403  -0.219478    1.41367
p      1.16341   -10.4241   -1.15753    2.41278
p     -9.53323   -6.85661   -7.17473    1.87104
p     -10.2984  -0.162277   -11.7403   0.396014
p     -7.20254   0.241154   0.247322    1.28673
p     -0.70567   -11.8869   -2.55246    2.68072
p     -7.08719   -6.23135   0.814382   0.129443
p     -1.75105    2.46557   -8.53974    2.08532
p     -9.87846   -11.7592   -9.93626    0.15509
p     -10.1833   0.906205   0.247593    0.92813
p     -8.95041   -9.92714      1.444    1.01857
p      1.91058    1.70366   -5.71769   0.816888
p     -1.05519   -8.47037   -2.15372    1.49957
p     -8.35723   -7.70618   -6.41232    1.75408
p     -1.93753   -8.59794   -3.29213    1.12687
p     -9.13236   0.168133   -11.4197    1.06457
p     0.408914   -9.35595   -6.72588    2.85028
p     -11.4497   -9.47829     -8.491    0.79597
end
