   0.0000000000000000        9.9999999999999995E-008
   9.9999999999999995E-008   1.0600000000000000E-007
   2.0599999999999999E-007   1.1236000000000001E-007
   3.1836000000000000E-007   1.1910160000000001E-007
   4.3746159999999998E-007   1.2624769600000002E-007
   5.6370929600000005E-007   1.3382255776000002E-007
   6.9753185376000002E-007   1.4185191122560004E-007
   8.3938376498560006E-007   1.5036302589913605E-007
   9.8974679088473622E-007   1.5938480745308423E-007
   1.1491315983378204E-006   1.6894789590026929E-007
   1.3180794942380898E-006   1.7908476965428547E-007
   1.4971642638923754E-006   1.8982985583354260E-007
   1.6869941197259179E-006   2.0121964718355518E-007
