                    1     0.0000000000000000          2.2308153633911383     
                    2     5.0000000000000001E-003     2.2212845571794331     
                    3     1.0000000000000000E-002     2.2117170536277029     
                    4     1.4999999999999999E-002     2.2021308047635082     
                    5     2.0000000000000000E-002     2.1925072732738462     
                    6     2.5000000000000001E-002     2.1828644378610336     
                    7     2.9999999999999999E-002     2.1731837139566443     
                    8     3.5000000000000003E-002     2.1634831070506557     
                    9     4.0000000000000001E-002     2.1537439841543922     
                   10     4.4999999999999998E-002     2.1439843776442076     
                   11     5.0000000000000003E-002     2.1341856048897010     
                   12     5.5000000000000000E-002     2.1243657252362147     
                   13     5.9999999999999998E-002     2.1145060051294586     
                   14     6.5000000000000002E-002     2.1046245309481297     
                   15     7.0000000000000007E-002     2.0947025168667794     
                   16     7.4999999999999997E-002     2.0847580763411933     
                   17     8.0000000000000002E-002     2.0747723698575515     
                   18     8.5000000000000006E-002     2.0647635379691334     
                   19     8.9999999999999997E-002     2.0547126859813041     
                   20     9.5000000000000001E-002     2.0446379815388926     
                   21    0.10000000000000001          2.0345204731929596     
                   22    0.10500000000000000          2.0243783556442017     
                   23    0.11000000000000000          2.0141926190284392     
                   24    0.11500000000000000          2.0039814850329987     
                   25    0.12000000000000000          1.9937258836230380     
                   26    0.12500000000000000          1.9834440633654140     
                   27    0.13000000000000000          1.9731168921969353     
                   28    0.13500000000000001          1.9627626454141798     
                   29    0.14000000000000001          1.9523621269570532     
                   30    0.14499999999999999          1.9419336386538513     
                   31    0.14999999999999999          1.9314579183586280     
                   32    0.15500000000000000          1.9209532941789942     
                   33    0.16000000000000000          1.9104004356632300     
                   34    0.16500000000000001          1.8998176968844305     
                   35    0.17000000000000001          1.8891856767224287     
                   36    0.17500000000000002          1.8785227548325671     
                   37    0.17999999999999999          1.8678094569076791     
                   38    0.18500000000000000          1.8570641877236427     
                   39    0.19000000000000000          1.8462673970971843     
                   40    0.19500000000000001          1.8354375143741932     
                   41    0.20000000000000001          1.8245549106191927     
                   42    0.20500000000000002          1.8136380390969538     
                   43    0.20999999999999999          1.8026671890382486     
                   44    0.21500000000000000          1.7916608368615095     
                   45    0.22000000000000000          1.7805991866559745     
                   46    0.22500000000000001          1.7695007370989719     
                   47    0.23000000000000001          1.7583456035807279     
                   48    0.23500000000000001          1.7471523059954037     
                   49    0.23999999999999999          1.7359008672004861     
                   50    0.24500000000000000          1.7246098270971737     
                   51    0.25000000000000000          1.7132591118700966     
                   52    0.25500000000000000          1.7018672800263781     
                   53    0.26000000000000001          1.6904141565969673     
                   54    0.26500000000000001          1.6789183170751927     
                   55    0.27000000000000002          1.6673594804776073     
                   56    0.27500000000000002          1.6557562374137567     
                   57    0.28000000000000003          1.6440881956002968     
                   58    0.28500000000000003          1.6323739586058907     
                   59    0.28999999999999998          1.6205930170854019     
                   60    0.29499999999999998          1.6087639850794069     
                   61    0.29999999999999999          1.5968662298831604     
                   62    0.30499999999999999          1.5849183731414960     
                   63    0.31000000000000000          1.5728996518873994     
                   64    0.31500000000000000          1.5608286920627161     
                   65    0.32000000000000001          1.5486845928505522     
                   66    0.32500000000000001          1.5364859806732067     
                   67    0.33000000000000002          1.5242118084978686     
                   68    0.33500000000000002          1.5118806988189137     
                   69    0.34000000000000002          1.4994714491336048     
                   70    0.34500000000000003          1.4870026729101742     
                   71    0.35000000000000003          1.4744530019050293     
                   72    0.35499999999999998          1.4618410346552537     
                   73    0.35999999999999999          1.4491452257360473     
                   74    0.36499999999999999          1.4363841519014169     
                   75    0.37000000000000000          1.4235360777543373     
                   76    0.37500000000000000          1.4106195502981560     
                   77    0.38000000000000000          1.3976126298053986     
                   78    0.38500000000000001          1.3845338242413590     
                   79    0.39000000000000001          1.3713609733625458     
                   80    0.39500000000000002          1.3581125352406378     
                   81    0.40000000000000002          1.3447661107888746     
                   82    0.40500000000000003          1.3313400954577546     
                   83    0.41000000000000003          1.3178118304661157     
                   84    0.41500000000000004          1.3041996336697539     
                   85    0.41999999999999998          1.2904805627503015     
                   86    0.42499999999999999          1.2766728402861394     
                   87    0.42999999999999999          1.2627532130106429     
                   88    0.43500000000000000          1.2487397872550594     
                   89    0.44000000000000000          1.2346089671091889     
                   90    0.44500000000000001          1.2203787176743228     
                   91    0.45000000000000001          1.2060250635207479     
                   92    0.45500000000000002          1.1915657986041237     
                   93    0.46000000000000002          1.1769765247868405     
                   94    0.46500000000000002          1.1622748288552991     
                   95    0.47000000000000003          1.1474358390206938     
                   96    0.47500000000000003          1.1324768912532055     
                   97    0.47999999999999998          1.1173725795577492     
                   98    0.48499999999999999          1.1021399358439936     
                   99    0.48999999999999999          1.0867529473273341     
                  100    0.49500000000000000          1.0712282764155456     
                  101    0.50000000000000000          1.0555392157413999     
                  102    0.50500000000000000          1.0397019771071778     
                  103    0.51000000000000001          1.0236890513164643     
                  104    0.51500000000000001          1.0075160981207327     
                  105    0.52000000000000002         0.99115467405430213     
                  106    0.52500000000000002         0.97461975861951888     
                  107    0.53000000000000003         0.95788180856254812     
                  108    0.53500000000000003         0.94095495926009853     
                  109    0.54000000000000004         0.92380835805329997     
                  110    0.54500000000000004         0.90645508399162011     
                  111    0.55000000000000004         0.88886270560199965     
                  112    0.55500000000000005         0.87104296680109394     
                  113    0.56000000000000005         0.85296150526654890     
                  114    0.56500000000000006         0.83462835735884455     
                  115    0.57000000000000006         0.81600676121827753     
                  116    0.57500000000000007         0.79710453866493869     
                  117    0.57999999999999996         0.77788189085350834     
                  118    0.58499999999999996         0.75834371964898528     
                  119    0.58999999999999997         0.73844630068758588     
                  120    0.59499999999999997         0.71819060903029275     
                  121    0.59999999999999998         0.69752772032446275     
                  122    0.60499999999999998         0.67645320185455404     
                  123    0.60999999999999999         0.65491103840436893     
                  124    0.61499999999999999         0.63288913126945356     
                  125    0.62000000000000000         0.61032145282807482     
                  126    0.62500000000000000         0.58718464071443821     
                  127    0.63000000000000000         0.56339791108726422     
                  128    0.63500000000000001         0.53892058503324003     
                  129    0.64000000000000001         0.51364892462619116     
                  130    0.64500000000000002         0.48751401559755664     
                  131    0.65000000000000002         0.46037380890538160     
                  132    0.65500000000000003         0.43210955345035246     
                  133    0.66000000000000003         0.40250880983232551     
                  134    0.66500000000000004         0.37135439702355127     
                  135    0.67000000000000004         0.33828514885261340     
                  136    0.67500000000000004         0.30285297467077932     
                  137    0.68000000000000005         0.26430339609518422     
                  138    0.68500000000000005         0.22145737844266297     
                  139    0.69000000000000006         0.17195704741808193     
                  140    0.69500000000000006         0.10999333876237216     
                  141    0.70000000000000007          0.0000000000000000     
