                    1     2.5000000000000001E-003    -1.6614600871331614E-005
                    2     7.4999999999999997E-003    -1.6496165714953555E-005
                    3     1.2500000000000001E-002    -1.6377723380923764E-005
                    4     1.7500000000000002E-002    -1.6259273840684413E-005
                    5     2.2499999999999999E-002    -1.6140817061560640E-005
                    6     2.7500000000000000E-002    -1.6022353014109122E-005
                    7     3.2500000000000001E-002    -1.5903881664809313E-005
                    8     3.7500000000000006E-002    -1.5785402983292263E-005
                    9     4.2499999999999996E-002    -1.5666916935152646E-005
                   10     4.7500000000000001E-002    -1.5548423489053200E-005
                   11     5.2500000000000005E-002    -1.5429922609662236E-005
                   12     5.7499999999999996E-002    -1.5311414264628836E-005
                   13     6.2500000000000000E-002    -1.5192898417650648E-005
                   14     6.7500000000000004E-002    -1.5074375035314797E-005
                   15     7.2500000000000009E-002    -1.4955844080301068E-005
                   16     7.7499999999999999E-002    -1.4837305518083174E-005
                   17     8.2500000000000004E-002    -1.4718759310272675E-005
                   18     8.7499999999999994E-002    -1.4600205421174963E-005
                   19     9.2499999999999999E-002    -1.4481643811279580E-005
                   20     9.7500000000000003E-002    -1.4363074443664969E-005
                   21    0.10250000000000001         -1.4244497277641131E-005
                   22    0.10750000000000000         -1.4125912274996874E-005
                   23    0.11250000000000000         -1.4007319393801080E-005
                   24    0.11749999999999999         -1.3888718594485799E-005
                   25    0.12250000000000000         -1.3770109833812821E-005
                   26    0.12750000000000000         -1.3651493070785534E-005
                   27    0.13250000000000001         -1.3532868260787776E-005
                   28    0.13750000000000001         -1.3414235361317122E-005
                   29    0.14250000000000002         -1.3295594326303360E-005
                   30    0.14749999999999999         -1.3176945111655331E-005
                   31    0.15250000000000000         -1.3058287669766896E-005
                   32    0.15750000000000000         -1.2939621954868964E-005
                   33    0.16250000000000001         -1.2820947917731247E-005
                   34    0.16750000000000001         -1.2702265510810628E-005
                   35    0.17250000000000001         -1.2583574683157471E-005
                   36    0.17749999999999999         -1.2464875385350959E-005
                   37    0.18250000000000000         -1.2346167564619257E-005
                   38    0.18750000000000000         -1.2227451169551815E-005
                   39    0.19250000000000000         -1.2108726145443295E-005
                   40    0.19750000000000001         -1.1989992438772171E-005
                   41    0.20250000000000001         -1.1871249992778959E-005
                   42    0.20750000000000002         -1.1752498751699749E-005
                   43    0.21249999999999999         -1.1633738656589904E-005
                   44    0.21750000000000000         -1.1514969649300455E-005
                   45    0.22250000000000000         -1.1396191668559165E-005
                   46    0.22750000000000001         -1.1277404653676785E-005
                   47    0.23250000000000001         -1.1158608540898271E-005
                   48    0.23749999999999999         -1.1039803266824999E-005
                   49    0.24249999999999999         -1.0920988765049690E-005
                   50    0.24750000000000000         -1.0802164969279711E-005
                   51    0.25250000000000000         -1.0683331810270253E-005
                   52    0.25750000000000001         -1.0564489218632728E-005
                   53    0.26250000000000001         -1.0445637122081708E-005
                   54    0.26750000000000002         -1.0326775447911288E-005
                   55    0.27250000000000002         -1.0207904120572409E-005
                   56    0.27750000000000002         -1.0089023063798638E-005
                   57    0.28250000000000003         -9.9701321985318128E-006
                   58    0.28749999999999998         -9.8512314446772113E-006
                   59    0.29249999999999998         -9.7323207193967488E-006
                   60    0.29749999999999999         -9.6133999384718962E-006
                   61    0.30249999999999999         -9.4944690149851264E-006
                   62    0.30750000000000000         -9.3755278602671501E-006
                   63    0.31250000000000000         -9.2565763829889013E-006
                   64    0.31750000000000000         -9.1376144896676160E-006
                   65    0.32250000000000001         -9.0186420841934828E-006
                   66    0.32750000000000001         -8.8996590678668276E-006
                   67    0.33250000000000002         -8.7806653393854205E-006
                   68    0.33750000000000002         -8.6616607943826034E-006
                   69    0.34250000000000003         -8.5426453259034091E-006
                   70    0.34750000000000003         -8.4236188234105377E-006
                   71    0.35250000000000004         -8.3045811737799186E-006
                   72    0.35749999999999998         -8.1855322597382121E-006
                   73    0.36249999999999999         -8.0664719614110575E-006
                   74    0.36749999999999999         -7.9474001541521913E-006
                   75    0.37250000000000000         -7.8283167106805477E-006
                   76    0.37750000000000000         -7.7092214982569175E-006
                   77    0.38250000000000001         -7.5901143814493653E-006
                   78    0.38750000000000001         -7.4709952186086274E-006
                   79    0.39250000000000002         -7.3518638653049339E-006
                   80    0.39750000000000002         -7.2327201700478763E-006
                   81    0.40250000000000002         -7.1135639784418144E-006
                   82    0.40750000000000003         -6.9943951280896487E-006
                   83    0.41250000000000003         -6.8752134535184776E-006
                   84    0.41749999999999998         -6.7560187801994323E-006
                   85    0.42249999999999999         -6.6368109303003005E-006
                   86    0.42749999999999999         -6.5175897157449817E-006
                   87    0.43250000000000000         -6.3983549448554258E-006
                   88    0.43750000000000000         -6.2791064143642008E-006
                   89    0.44250000000000000         -6.1598439170143596E-006
                   90    0.44750000000000001         -6.0405672324265954E-006
                   91    0.45250000000000001         -5.9212761357326190E-006
                   92    0.45750000000000002         -5.8019703871840153E-006
                   93    0.46250000000000002         -5.6826497419024326E-006
                   94    0.46750000000000003         -5.5633139380998551E-006
                   95    0.47250000000000003         -5.4439627080373293E-006
                   96    0.47750000000000004         -5.3245957647051373E-006
                   97    0.48249999999999998         -5.2052128140909364E-006
                   98    0.48749999999999999         -5.0858135401420390E-006
                   99    0.49249999999999999         -4.9663976184535006E-006
                  100    0.49750000000000000         -4.8469646993018058E-006
                  101    0.50249999999999995         -4.7275144228733020E-006
                  102    0.50750000000000006         -4.6080464001167240E-006
                  103    0.51249999999999996         -4.4885602296417708E-006
                  104    0.51750000000000007         -4.3690554760837632E-006
                  105    0.52249999999999996         -4.2495316888098053E-006
                  106    0.52750000000000008         -4.1299883774175855E-006
                  107    0.53249999999999997         -4.0104250323901704E-006
                  108    0.53750000000000009         -3.8908410972550293E-006
                  109    0.54249999999999998         -3.7712359913239259E-006
                  110    0.54750000000000010         -3.6516090779061217E-006
                  111    0.55249999999999999         -3.5319596892494267E-006
                  112    0.55750000000000011         -3.4122870900145257E-006
                  113    0.56250000000000000         -3.2925905044832148E-006
                  114    0.56750000000000012         -3.1728690742277095E-006
                  115    0.57250000000000001         -3.0531218875463053E-006
                  116    0.57750000000000001         -2.9333479298485636E-006
                  117    0.58250000000000002         -2.8135461150668651E-006
                  118    0.58749999999999991         -2.6937152266280666E-006
                  119    0.59250000000000003         -2.5738539501715645E-006
                  120    0.59749999999999992         -2.4539608019051561E-006
                  121    0.60250000000000004         -2.3340341611281431E-006
                  122    0.60749999999999993         -2.2140721809008771E-006
                  123    0.61250000000000004         -2.0940728171693985E-006
                  124    0.61749999999999994         -1.9740337132117928E-006
                  125    0.62250000000000005         -1.8539522185248710E-006
                  126    0.62749999999999995         -1.7338252315752675E-006
                  127    0.63250000000000006         -1.6136491933492153E-006
                  128    0.63749999999999996         -1.4934198577299039E-006
                  129    0.64250000000000007         -1.3731322242121966E-006
                  130    0.64749999999999996         -1.2527801678427692E-006
                  131    0.65250000000000008         -1.1323562191333732E-006
                  132    0.65749999999999997         -1.0118508788499909E-006
                  133    0.66250000000000009         -8.9125196978359228E-007
                  134    0.66749999999999998         -7.7054308831531489E-007
                  135    0.67250000000000010         -6.4970149834313160E-007
                  136    0.67749999999999999         -5.2869339260301935E-007
                  137    0.68250000000000011         -4.0746471399451935E-007
                  138    0.68750000000000000         -2.8591621168805347E-007
                  139    0.69250000000000012         -1.6381723654763126E-007
                  140    0.69750000000000001         -3.9941289955154218E-008
