                    1     0.0000000000000000          1.0315937350350683     
                    2     5.0000000000000001E-003     1.0271933255052039     
                    3     1.0000000000000000E-002     1.0227756345833077     
                    4     1.4999999999999999E-002     1.0183493317127048     
                    5     2.0000000000000000E-002     1.0139054750335992     
                    6     2.5000000000000001E-002     1.0094527460455287     
                    7     2.9999999999999999E-002     1.0049821812592374     
                    8     3.5000000000000003E-002     1.0005024742795241     
                    9     4.0000000000000001E-002    0.99600463944964968     
                   10     4.4999999999999998E-002    0.99149738252200825     
                   11     5.0000000000000003E-002    0.98697169510815452     
                   12     5.5000000000000000E-002    0.98243629514280706     
                   13     5.9999999999999998E-002    0.97788215091352326     
                   14     6.5000000000000002E-002    0.97331799256346696     
                   15     7.0000000000000007E-002    0.96873476443379525     
                   16     7.4999999999999997E-002    0.96414120889250932     
                   17     8.0000000000000002E-002    0.95952824567961681     
                   18     8.5000000000000006E-002    0.95490462939336318     
                   19     8.9999999999999997E-002    0.95026125448305832     
                   20     9.5000000000000001E-002    0.94560688777020330     
                   21    0.10000000000000001         0.94093239768637460     
                   22    0.10500000000000000         0.93624656325535849     
                   23    0.11000000000000000         0.93154022612351595     
                   24    0.11500000000000000         0.92682217748018358     
                   25    0.12000000000000000         0.92208323137531623     
                   26    0.12500000000000000         0.91733219110929476     
                   27    0.13000000000000000         0.91255984227717124     
                   28    0.13500000000000001         0.90777500021582547     
                   29    0.14000000000000001         0.90296842115562603     
                   30    0.14499999999999999         0.89814893237280879     
                   31    0.14999999999999999         0.89330725976758152     
                   32    0.15500000000000000         0.88845224243290366     
                   33    0.16000000000000000         0.88357457491275226     
                   34    0.16500000000000001         0.87868310796540816     
                   35    0.17000000000000001         0.87376850368650683     
                   36    0.17500000000000002         0.86883962431575756     
                   37    0.17999999999999999         0.86388709833622634     
                   38    0.18500000000000000         0.85891979924843920     
                   39    0.19000000000000000         0.85392832067975666     
                   40    0.19500000000000001         0.84892154712937307     
                   41    0.20000000000000001         0.84389003603929169     
                   42    0.20500000000000002         0.83884268259819617     
                   43    0.20999999999999999         0.83377000663802170     
                   44    0.21500000000000000         0.82868091367444563     
                   45    0.22000000000000000         0.82356588439994627     
                   46    0.22500000000000001         0.81843383423418614     
                   47    0.23000000000000001         0.81327520308526224     
                   48    0.23500000000000001         0.80809891578503279     
                   49    0.23999999999999999         0.80289536968446329     
                   50    0.24500000000000000         0.79767349845752167     
                   51    0.25000000000000000         0.79242365498351608     
                   52    0.25500000000000000         0.78715478111916415     
                   53    0.26000000000000001         0.78185718319993391     
                   54    0.26500000000000001         0.77653981050395471     
                   55    0.27000000000000002         0.77119292057487854     
                   56    0.27500000000000002         0.76582546923420003     
                   57    0.28000000000000003         0.76042766278920537     
                   58    0.28500000000000003         0.75500846259285836     
                   59    0.28999999999999998         0.74955802105107316     
                   60    0.29499999999999998         0.74408530388253680     
                   61    0.29999999999999999         0.73858040667877611     
                   62    0.30499999999999999         0.73305229818119244     
                   63    0.31000000000000000         0.72749101397400240     
                   64    0.31500000000000000         0.72190552427355115     
                   65    0.32000000000000001         0.71628580114683926     
                   66    0.32500000000000001         0.71064081450021144     
                   67    0.33000000000000002         0.70496046901330067     
                   68    0.33500000000000002         0.69925373222198151     
                   69    0.34000000000000002         0.69351043713742455     
                   70    0.34500000000000003         0.68773954654348746     
                   71    0.35000000000000003         0.68193081703115987     
                   72    0.35499999999999998         0.67609320387532457     
                   73    0.35999999999999999         0.67021638195387168     
                   74    0.36499999999999999         0.66430929583523723     
                   75    0.37000000000000000         0.65836153276621601     
                   76    0.37500000000000000         0.65238202289244562     
                   77    0.38000000000000000         0.64636025918634066     
                   78    0.38500000000000001         0.64030515304070346     
                   79    0.39000000000000001         0.63420609566461450     
                   80    0.39500000000000002         0.62807197463900966     
                   81    0.40000000000000002         0.62189207092955212     
                   82    0.40500000000000003         0.61567524237624971     
                   83    0.41000000000000003         0.60941065005327866     
                   84    0.41500000000000004         0.60310711508707227     
                   85    0.41999999999999998         0.59675366762781556     
                   86    0.42499999999999999         0.59035908385718761     
                   87    0.42999999999999999         0.58391225031766703     
                   88    0.43500000000000000         0.57742188848840559     
                   89    0.44000000000000000         0.57087672663797540     
                   90    0.44500000000000001         0.56428541992184789     
                   91    0.45000000000000001         0.55763652127131880     
                   92    0.45500000000000002         0.55093860560712937     
                   93    0.46000000000000002         0.54418003053917741     
                   94    0.46500000000000002         0.53736927400770740     
                   95    0.47000000000000003         0.53049447472910927     
                   96    0.47500000000000003         0.52356399338021442     
                   97    0.47999999999999998         0.51656572176495874     
                   98    0.48499999999999999         0.50950787856188073     
                   99    0.48999999999999999         0.50237807507915588     
                  100    0.49500000000000000         0.49518435760565271     
                  101    0.50000000000000000         0.48791401633480458     
                  102    0.50500000000000000         0.48057488751284078     
                  103    0.51000000000000001         0.47315389060166896     
                  104    0.51500000000000001         0.46565860472325105     
                  105    0.52000000000000002         0.45807551733969298     
                  106    0.52500000000000002         0.45041189097012896     
                  107    0.53000000000000003         0.44265370451218933     
                  108    0.53500000000000003         0.43480782787568178     
                  109    0.54000000000000004         0.42685963444004349     
                  110    0.54500000000000004         0.41881550311944465     
                  111    0.55000000000000004         0.41066007718046033     
                  112    0.55500000000000005         0.40239911532029382     
                  113    0.56000000000000005         0.39401636790849304     
                  114    0.56500000000000006         0.38551680087745810     
                  115    0.57000000000000006         0.37688305501036168     
                  116    0.57500000000000007         0.36811906867486027     
                  117    0.57999999999999996         0.35920607841375723     
                  118    0.58499999999999996         0.35014666846652320     
                  119    0.58999999999999997         0.34092026051765378     
                  120    0.59499999999999997         0.33152761877902187     
                  121    0.59999999999999998         0.32194576127282143     
                  122    0.60499999999999998         0.31217294723071448     
                  123    0.60999999999999999         0.30218291773034878     
                  124    0.61499999999999999         0.29197038317145874     
                  125    0.62000000000000000         0.28150445896687115     
                  126    0.62500000000000000         0.27077464471798568     
                  127    0.63000000000000000         0.25974324134535060     
                  128    0.63500000000000001         0.24839174354683449     
                  129    0.64000000000000001         0.23667185769264779     
                  130    0.64500000000000002         0.22455203779065600     
                  131    0.65000000000000002         0.21196632058189599     
                  132    0.65500000000000003         0.19886016798975925     
                  133    0.66000000000000003         0.18513518535931217     
                  134    0.66500000000000004         0.17069149072770712     
                  135    0.67000000000000004         0.15536227205701023     
                  136    0.67500000000000004         0.13894150342498029     
                  137    0.68000000000000005         0.12108191419075685     
                  138    0.68500000000000005         0.10124276390672020     
                  139    0.69000000000000006          7.8345280618522431E-002
                  140    0.69500000000000006          4.9751249433061556E-002
                  141    0.70000000000000007          0.0000000000000000     
