iCap 
1 
NTab    Ksat    THR    THS
 197  7.214800e+01  0.000000e+00  3.000000e-01
         theta             h             K             C
  3.000000e-01 -1.000000e-03  7.215670e+01  2.870459e-12
  3.000000e-01 -1.122018e-03  7.215670e+01  3.754508e-12
  3.000000e-01 -1.258925e-03  7.215670e+01  4.910827e-12
  3.000000e-01 -1.412538e-03  7.215670e+01  6.423272e-12
  3.000000e-01 -1.584893e-03  7.215670e+01  8.401522e-12
  3.000000e-01 -1.778279e-03  7.215670e+01  1.098904e-11
  3.000000e-01 -1.995262e-03  7.215670e+01  1.437346e-11
  3.000000e-01 -2.238721e-03  7.215670e+01  1.880022e-11
  3.000000e-01 -2.511886e-03  7.215670e+01  2.459034e-11
  3.000000e-01 -2.818383e-03  7.215670e+01  3.216372e-11
  3.000000e-01 -3.162278e-03  7.215670e+01  4.206955e-11
  3.000000e-01 -3.548134e-03  7.215670e+01  5.502620e-11
  3.000000e-01 -3.981072e-03  7.215670e+01  7.197326e-11
  3.000000e-01 -4.466836e-03  7.215670e+01  9.413988e-11
  3.000000e-01 -5.011872e-03  7.215670e+01  1.231332e-10
  3.000000e-01 -5.623413e-03  7.215670e+01  1.610560e-10
  3.000000e-01 -6.309573e-03  7.215670e+01  2.106583e-10
  3.000000e-01 -7.079458e-03  7.215670e+01  2.755373e-10
  3.000000e-01 -7.943282e-03  7.215670e+01  3.603979e-10
  3.000000e-01 -8.912509e-03  7.215670e+01  4.713940e-10
  3.000000e-01 -1.000000e-02  7.215670e+01  6.165749e-10
  3.000000e-01 -1.122018e-02  7.215670e+01  8.064689e-10
  3.000000e-01 -1.258925e-02  7.215670e+01  1.054847e-09
  3.000000e-01 -1.412538e-02  7.215670e+01  1.379721e-09
  3.000000e-01 -1.584893e-02  7.215670e+01  1.804651e-09
  3.000000e-01 -1.778279e-02  7.215669e+01  2.360452e-09
  3.000000e-01 -1.995262e-02  7.215669e+01  3.087430e-09
  3.000000e-01 -2.238721e-02  7.215668e+01  4.038305e-09
  3.000000e-01 -2.511886e-02  7.215668e+01  5.282034e-09
  3.000000e-01 -2.818383e-02  7.215667e+01  6.908810e-09
  3.000000e-01 -3.162278e-02  7.215666e+01  9.036607e-09
  3.000000e-01 -3.548134e-02  7.215665e+01  1.181973e-08
  3.000000e-01 -3.981072e-02  7.215663e+01  1.546001e-08
  3.000000e-01 -4.466836e-02  7.215661e+01  2.022144e-08
  3.000000e-01 -5.011872e-02  7.215658e+01  2.644932e-08
  3.000000e-01 -5.623413e-02  7.215654e+01  3.459530e-08
  3.000000e-01 -6.309573e-02  7.215649e+01  4.525012e-08
  3.000000e-01 -7.079458e-02  7.215642e+01  5.918647e-08
  3.000000e-01 -7.943282e-02  7.215633e+01  7.741503e-08
  3.000000e-01 -8.912509e-02  7.215622e+01  1.012577e-07
  3.000000e-01 -1.000000e-01  7.215607e+01  1.324437e-07
  3.000000e-01 -1.122018e-01  7.215587e+01  1.732346e-07
  3.000000e-01 -1.258925e-01  7.215562e+01  2.265887e-07
  3.000000e-01 -1.412538e-01  7.215528e+01  2.963753e-07
  3.000000e-01 -1.584893e-01  7.215484e+01  3.876556e-07
  3.000000e-01 -1.778279e-01  7.215427e+01  5.070495e-07
  3.000000e-01 -1.995262e-01  7.215352e+01  6.632159e-07
  2.999999e-01 -2.238721e-01  7.215254e+01  8.674808e-07
  2.999999e-01 -2.511886e-01  7.215125e+01  1.134658e-06
  2.999999e-01 -2.818383e-01  7.214957e+01  1.484126e-06
  2.999998e-01 -3.162278e-01  7.214738e+01  1.941230e-06
  2.999997e-01 -3.548134e-01  7.214451e+01  2.539122e-06
  2.999996e-01 -3.981072e-01  7.214075e+01  3.321166e-06
  2.999994e-01 -4.466836e-01  7.213584e+01  4.344083e-06
  2.999991e-01 -5.011872e-01  7.212941e+01  5.682063e-06
  2.999987e-01 -5.623413e-01  7.212100e+01  7.432148e-06
  2.999982e-01 -6.309573e-01  7.211001e+01  9.721267e-06
  2.999973e-01 -7.079458e-01  7.209563e+01  1.271544e-05
  2.999960e-01 -7.943282e-01  7.207683e+01  1.663181e-05
  2.999942e-01 -8.912509e-01  7.205224e+01  2.175437e-05
  2.999915e-01 -1.000000e+00  7.202009e+01  2.845454e-05
  2.999875e-01 -1.122018e+00  7.197804e+01  3.721801e-05
  2.999816e-01 -1.258925e+00  7.192306e+01  4.867983e-05
  2.999730e-01 -1.412538e+00  7.185119e+01  6.367013e-05
  2.999604e-01 -1.584893e+00  7.175725e+01  8.327379e-05
  2.999419e-01 -1.778279e+00  7.163449e+01  1.089079e-04
  2.999147e-01 -1.995262e+00  7.147411e+01  1.424222e-04
  2.998748e-01 -2.238721e+00  7.126468e+01  1.862288e-04
  2.998163e-01 -2.511886e+00  7.099133e+01  2.434687e-04
  2.997305e-01 -2.818383e+00  7.063484e+01  3.182225e-04
  2.996048e-01 -3.162278e+00  7.017037e+01  4.157746e-04
  2.994204e-01 -3.548134e+00  6.956606e+01  5.429354e-04
  2.991504e-01 -3.981072e+00  6.878127e+01  7.084177e-04
  2.987554e-01 -4.466836e+00  6.776470e+01  9.232476e-04
  2.981782e-01 -5.011872e+00  6.645254e+01  1.201147e-03
  2.973367e-01 -5.623413e+00  6.476701e+01  1.558753e-03
  2.961137e-01 -6.309573e+00  6.261626e+01  2.015402e-03
  2.943443e-01 -7.079458e+00  5.989696e+01  2.591992e-03
  2.918007e-01 -7.943282e+00  5.650201e+01  3.308104e-03
  2.881780e-01 -8.912509e+00  5.233636e+01  4.176239e-03
  2.830859e-01 -1.000000e+01  4.734416e+01  5.191941e-03
  2.760578e-01 -1.122018e+01  4.154818e+01  6.319509e-03
  2.665956e-01 -1.258925e+01  3.509504e+01  7.476134e-03
  2.542666e-01 -1.412538e+01  2.828722e+01  8.523264e-03
  2.388562e-01 -1.584893e+01  2.157042e+01  9.280072e-03
  2.205368e-01 -1.778279e+01  1.545001e+01  9.570850e-03
  1.999692e-01 -1.995262e+01  1.035014e+01  9.296394e-03
  1.782424e-01 -2.238721e+01  6.483750e+00  8.488794e-03
  1.566393e-01 -2.511886e+01  3.813835e+00  7.305838e-03
  1.363296e-01 -2.818383e+01  2.122576e+00  5.964262e-03
  1.181391e-01 -3.162278e+01  1.128513e+00  4.658872e-03
  1.024760e-01 -3.548134e+01  5.790007e-01  3.514905e-03
  8.939173e-02 -3.981072e+01  2.894312e-01  2.583964e-03
  7.870049e-02 -4.466836e+01  1.422045e-01  1.865123e-03
  7.009605e-02 -5.011872e+01  6.924443e-02  1.330121e-03
  6.323686e-02 -5.623413e+01  3.370925e-02  9.419272e-04
  5.779632e-02 -6.309573e+01  1.657938e-02  6.650328e-04
  5.348678e-02 -7.079458e+01  8.352872e-03  4.697051e-04
  5.006702e-02 -7.943282e+01  4.388581e-03  3.328323e-04
  4.734095e-02 -8.912509e+01  2.453890e-03  2.372404e-04
  4.515235e-02 -1.000000e+02  1.485395e-03  1.705258e-04
  4.337844e-02 -1.122018e+02  9.795030e-04  1.238943e-04
  4.192354e-02 -1.258925e+02  6.982259e-04  9.118536e-05
  4.071358e-02 -1.412538e+02  5.288847e-04  6.811654e-05
  3.969144e-02 -1.584893e+02  4.177518e-04  5.172565e-05
  3.881316e-02 -1.778279e+02  3.388295e-04  3.996945e-05
  3.804504e-02 -1.995262e+02  2.792053e-04  3.144050e-05
  3.736120e-02 -2.238721e+02  2.321887e-04  2.516940e-05
  3.674185e-02 -2.511886e+02  1.940930e-04  2.048793e-05
  3.617182e-02 -2.818383e+02  1.627195e-04  1.693456e-05
  3.563950e-02 -3.162278e+02  1.366376e-04  1.418965e-05
  3.513603e-02 -3.548134e+02  1.148392e-04  1.203094e-05
  3.465462e-02 -3.981072e+02  9.656609e-05  1.030307e-05
  3.419007e-02 -4.466836e+02  8.122284e-05  8.896747e-06
  3.373842e-02 -5.011872e+02  6.832778e-05  7.734428e-06
  3.329662e-02 -5.623413e+02  5.748475e-05  6.760571e-06
  3.286236e-02 -6.309573e+02  4.836464e-05  5.934912e-06
  3.243386e-02 -7.079458e+02  4.069249e-05  5.227860e-06
  3.200977e-02 -7.943282e+02  3.423787e-05  4.617336e-06
  3.158905e-02 -8.912509e+02  2.880729e-05  4.086587e-06
  3.117090e-02 -1.000000e+03  2.423818e-05  3.622674e-06
  3.075472e-02 -1.122018e+03  2.039382e-05  3.215424e-06
  3.034004e-02 -1.258925e+03  1.715923e-05  2.856696e-06
  2.992652e-02 -1.412538e+03  1.443767e-05  2.539864e-06
  2.951388e-02 -1.584893e+03  1.214777e-05  2.259452e-06
  2.910191e-02 -1.778279e+03  1.022107e-05  2.010874e-06
  2.869045e-02 -1.995262e+03  8.599946e-06  1.790242e-06
  2.827939e-02 -2.238721e+03  7.235944e-06  1.594225e-06
  2.786863e-02 -2.511886e+03  6.088281e-06  1.419948e-06
  2.745809e-02 -2.818383e+03  5.122642e-06  1.264913e-06
  2.704774e-02 -3.162278e+03  4.310158e-06  1.126934e-06
  2.663751e-02 -3.548134e+03  3.626539e-06  1.004094e-06
  2.622740e-02 -3.981072e+03  3.051344e-06  8.947044e-07
  2.581735e-02 -4.466836e+03  2.567379e-06  7.972730e-07
  2.540737e-02 -5.011872e+03  2.160172e-06  7.104796e-07
  2.499744e-02 -5.623413e+03  1.817551e-06  6.331538e-07
  2.458754e-02 -6.309573e+03  1.529271e-06  5.642568e-07
  2.417766e-02 -7.079458e+03  1.286713e-06  5.028657e-07
  2.376781e-02 -7.943282e+03  1.082627e-06  4.481600e-07
  2.335797e-02 -8.912509e+03  9.109091e-07  3.994097e-07
  2.294815e-02 -1.000000e+04  7.664268e-07  3.559652e-07
  2.253833e-02 -1.122018e+04  6.448601e-07  3.172481e-07
  2.212853e-02 -1.258925e+04  5.425745e-07  2.827435e-07
  2.171872e-02 -1.412538e+04  4.565119e-07  2.519925e-07
  2.130892e-02 -1.584893e+04  3.840992e-07  2.245866e-07
  2.089913e-02 -1.778279e+04  3.231715e-07  2.001617e-07
  2.048933e-02 -1.995262e+04  2.719073e-07  1.783934e-07
  2.007954e-02 -2.238721e+04  2.287738e-07  1.589927e-07
  1.966975e-02 -2.511886e+04  1.924815e-07  1.417019e-07
  1.925996e-02 -2.818383e+04  1.619453e-07  1.262917e-07
  1.885017e-02 -3.162278e+04  1.362523e-07  1.125574e-07
  1.844038e-02 -3.548134e+04  1.146344e-07  1.003167e-07
  1.803059e-02 -3.981072e+04  9.644514e-08  8.940730e-08
  1.762081e-02 -4.466836e+04  8.114081e-08  7.968428e-08
  1.721102e-02 -5.011872e+04  6.826381e-08  7.101865e-08
  1.680123e-02 -5.623413e+04  5.742917e-08  6.329541e-08
  1.639145e-02 -6.309573e+04  4.831295e-08  5.641207e-08
  1.598166e-02 -7.079458e+04  4.064261e-08  5.027730e-08
  1.557187e-02 -7.943282e+04  3.418883e-08  4.480968e-08
  1.516209e-02 -8.912509e+04  2.875864e-08  3.993666e-08
  1.475230e-02 -1.000000e+05  2.418971e-08  3.559358e-08
  1.434252e-02 -1.122018e+05  2.034544e-08  3.172281e-08
  1.393273e-02 -1.258925e+05  1.711088e-08  2.827298e-08
  1.352294e-02 -1.412538e+05  1.438934e-08  2.519832e-08
  1.311316e-02 -1.584893e+05  1.209945e-08  2.245803e-08
  1.270337e-02 -1.778279e+05  1.017275e-08  2.001574e-08
  1.229358e-02 -1.995262e+05  8.551631e-09  1.783904e-08
  1.188380e-02 -2.238721e+05  7.187631e-09  1.589907e-08
  1.147401e-02 -2.511886e+05  6.039967e-09  1.417006e-08
  1.106423e-02 -2.818383e+05  5.074329e-09  1.262908e-08
  1.065444e-02 -3.162278e+05  4.261845e-09  1.125568e-08
  1.024465e-02 -3.548134e+05  3.578226e-09  1.003163e-08
  9.834867e-03 -3.981072e+05  3.003031e-09  8.940701e-09
  9.425081e-03 -4.466836e+05  2.519066e-09  7.968408e-09
  9.015295e-03 -5.011872e+05  2.111859e-09  7.101851e-09
  8.605509e-03 -5.623413e+05  1.769238e-09  6.329532e-09
  8.195723e-03 -6.309573e+05  1.480958e-09  5.641201e-09
  7.785937e-03 -7.079458e+05  1.238400e-09  5.027726e-09
  7.376150e-03 -7.943282e+05  1.034314e-09  4.480965e-09
  6.966364e-03 -8.912509e+05  8.625961e-10  3.993664e-09
  6.556578e-03 -1.000000e+06  7.181138e-10  3.559357e-09
  6.146792e-03 -1.122018e+06  5.965472e-10  3.172280e-09
  5.737006e-03 -1.258925e+06  4.942615e-10  2.827298e-09
  5.327220e-03 -1.412538e+06  4.081989e-10  2.519832e-09
  4.917434e-03 -1.584893e+06  3.357863e-10  2.245803e-09
  4.507647e-03 -1.778279e+06  2.748586e-10  2.001574e-09
  4.097861e-03 -1.995262e+06  2.235943e-10  1.783904e-09
  3.688075e-03 -2.238721e+06  1.804608e-10  1.589906e-09
  3.278289e-03 -2.511886e+06  1.441685e-10  1.417006e-09
  2.868503e-03 -2.818383e+06  1.136324e-10  1.262908e-09
  2.458717e-03 -3.162278e+06  8.793939e-11  1.125568e-09
  2.048931e-03 -3.548134e+06  6.632143e-11  1.003163e-09
  1.639145e-03 -3.981072e+06  4.813219e-11  8.940701e-10
  1.229358e-03 -4.466836e+06  3.282785e-11  7.968408e-10
  8.195723e-04 -5.011872e+06  1.995086e-11  7.101851e-10
  4.097861e-04 -5.623413e+06  9.116215e-12  6.329531e-10
  0.000000e+00 -6.309573e+06  1.000000e-32  0.000000e+00
