107 -1.6e-06
115 -8.4675e-06
122 -1.20175e-05
128 -1.305e-05
133 -1.245e-05
139 -1.2575e-05
144 -1.2075e-05
149 -1.25e-05
154 -1.265e-05
159 -1.32e-05
165 -1.34e-05
170 -1.31e-05
175 -1.4e-05
181 -1.46e-05
186 -1.395e-05
191 -1.42e-05
196 -1.535e-05
202 -1.405e-05
207 -1.505e-05
213 -1.56e-05
218 -1.475e-05
223 -1.4775e-05
228 -1.4225e-05
234 -1.3925e-05
239 -1.26e-05
244 -1.4225e-05
250 -1.4625e-05
255 -1.4275e-05
260 -1.58e-05
265 -1.4425e-05
270 -1.5125e-05
276 -1.5975e-05
281 -1.4375e-05
286 -1.515e-05
292 -1.445e-05
297 -1.44e-05
302 -1.51e-05
307 -1.51e-05
313 -1.525e-05
318 -1.53e-05
323 -1.535e-05
328 -1.625e-05
334 -1.5675e-05
339 -1.5625e-05
345 -1.6325e-05
350 -1.5375e-05
355 -1.525e-05
360 -1.56e-05
366 -1.47e-05
371 -1.39e-05
376 -1.55e-05
382 -1.525e-05
387 -1.61e-05
392 -1.675e-05
397 -1.5225e-05
402 -1.4275e-05
408 -1.5075e-05
413 -1.435e-05
418 -1.4975e-05
424 -1.5125e-05
429 -1.4275e-05
435 -1.51e-05
440 -1.43e-05
445 -1.435e-05
451 -1.49e-05
457 -1.3725e-05
462 -1.4325e-05
469 -1.37e-05
474 -1.35e-05
480 -1.4675e-05
485 -1.33325e-05
490 -1.39575e-05
496 -1.46575e-05
502 -1.44575e-05
507 -1.5375e-05
512 -1.62e-05
518 -1.535e-05
524 -1.555e-05
529 -1.6475e-05
534 -1.56e-05
539 -1.565e-05
545 -1.4975e-05
550 -1.4575e-05
556 -1.5175e-05
561 -1.4525e-05
566 -1.555e-05
572 -1.58e-05
577 -1.52e-05
582 -1.58e-05
588 -1.55e-05
593 -1.48e-05
598 -1.57e-05
604 -1.545e-05
609 -1.485e-05
615 -1.555e-05
621 -1.525e-05
626 -1.6e-05
631 -1.5475e-05
636 -1.5425e-05
643 -1.5675e-05
648 -1.405e-05
653 -1.5225e-05
660 -1.47e-05
665 -1.5e-05
671 -1.6175e-05
676 -1.5275e-05
681 -1.62e-05
687 -1.6e-05
692 -1.5225e-05
697 -1.5975e-05
703 -1.5525e-05
708 -1.4625e-05
713 -1.505e-05
719 -1.6e-05
724 -1.485e-05
729 -1.52e-05
736 -1.5525e-05
741 -1.395e-05
747 -1.5e-05
753 -1.52e-05
758 -1.4975e-05
763 -1.495e-05
768 -1.505e-05
774 -1.475e-05
779 -1.5e-05
785 -1.54e-05
790 -1.59e-05
796 -1.63e-05
801 -1.57e-05
806 -1.61e-05
812 -1.55e-05
817 -1.5e-05
822 -1.58e-05
828 -1.55e-05
833 -1.58e-05
839 -1.64e-05
844 -1.4925e-05
849 -1.6175e-05
855 -1.5875e-05
860 -1.5025e-05
865 -1.64e-05
871 -1.48e-05
876 -1.3825e-05
882 -1.5875e-05
889 -1.5575e-05
894 -1.5475e-05
899 -1.78e-05
906 -1.645e-05
911 -1.5975e-05
916 -1.6675e-05
922 -1.4825e-05
927 -1.4975e-05
933 -1.59e-05
938 -1.54e-05
943 -1.58e-05
949 -1.595e-05
954 -1.51e-05
959 -1.555e-05
965 -1.555e-05
970 -1.55e-05
975 -1.605e-05
980 -1.5475e-05
985 -1.5775e-05
991 -1.43e-05
996 -1.535e-05
1000 -1.5825e-05
1010 -1.48e-05
1010 -1.51e-05
1020 -1.4e-05
1030 -1.36e-05
1030 -1.4525e-05
1040 -1.485e-05
1040 -1.57e-05
1050 -1.55e-05
1050 -1.55e-05
1060 -1.505e-05
1060 -1.4075e-05
1070 -1.5575e-05
1070 -1.5575e-05
1080 -1.5925e-05
1080 -1.605e-05
1090 -1.535e-05
1100 -1.46e-05
1100 -1.57e-05
1110 -1.54e-05
1110 -1.545e-05
1120 -1.565e-05
1120 -1.485e-05
1130 -1.465e-05
1130 -1.48e-05
1140 -1.54e-05
1150 -1.5325e-05
1150 -1.5975e-05
1160 -1.53e-05
1160 -1.4875e-05
1170 -1.58e-05
1170 -1.51e-05
1180 -1.515e-05
1190 -1.6625e-05
1190 -1.6425e-05
1200 -1.585e-05
1200 -1.6625e-05
1210 -1.5675e-05
1210 -1.5025e-05
1220 -1.635e-05
1220 -1.6e-05
1230 -1.5e-05
1230 -1.545e-05
1240 -1.4575e-05
1250 -1.485e-05
1250 -1.575e-05
1260 -1.535e-05
1260 -1.6325e-05
1270 -1.64e-05
1270 -1.675e-05
1280 -1.6525e-05
1280 -1.6125e-05
1290 -1.53e-05
1300 -1.48e-05
1300 -1.5825e-05
1310 -1.55e-05
1310 -1.6575e-05
1320 -1.6125e-05
1320 -1.6275e-05
1330 -1.6e-05
1330 -1.4725e-05
1340 -1.5275e-05
1350 -1.5175e-05
1350 -1.5425e-05
1360 -1.725e-05
1360 -1.67e-05
1370 -1.655e-05
1370 -1.765e-05
1380 -1.61e-05
1380 -1.6225e-05
1390 -1.6325e-05
1400 -1.535e-05
1400 -1.685e-05
1410 -1.6225e-05
1410 -1.7175e-05
1420 -1.705e-05
1420 -1.6275e-05
1430 -1.7625e-05
1430 -1.5525e-05
1440 -1.6225e-05
1440 -1.64e-05
1450 -1.535e-05
1460 -1.595e-05
1460 -1.59e-05
1470 -1.565e-05
1470 -1.5775e-05
1480 -1.6575e-05
1480 -1.6075e-05
1490 -1.6075e-05
1490 -1.6075e-05
1500 -1.5875e-05
1500 -1.6275e-05
1510 -1.5375e-05
1510 -1.6e-05
1520 -1.65e-05
1530 -1.57e-05
1530 -1.57e-05
1540 -1.59e-05
1540 -1.495e-05
1550 -1.5075e-05
1550 -1.5775e-05
1560 -1.56e-05
1560 -1.6e-05
1570 -1.6775e-05
1570 -1.5925e-05
1580 -1.59e-05
1590 -1.555e-05
1590 -1.52e-05
1600 -1.415e-05
1600 -1.43e-05
1610 -1.445e-05
1610 -1.405e-05
1620 -1.5475e-05
1630 -1.4575e-05
1630 -1.4825e-05
1640 -1.6075e-05
1640 -1.68e-05
1650 -1.78e-05
1650 -1.6825e-05
1660 -1.6475e-05
1660 -1.6525e-05
1670 -1.6575e-05
1670 -1.62e-05
1680 -1.625e-05
1680 -1.58e-05
1690 -1.57e-05
1700 -1.755e-05
1700 -1.6975e-05
1710 -1.7575e-05
1710 -1.7875e-05
1720 -1.7525e-05
1720 -1.815e-05
1730 -1.7125e-05
1730 -1.6675e-05
1740 -1.6375e-05
1740 -1.5725e-05
1750 -1.655e-05
1750 -1.605e-05
1760 -1.6e-05
1760 -1.5575e-05
1770 -1.6275e-05
1780 -1.61e-05
1780 -1.605e-05
1790 -1.5575e-05
1790 -1.5725e-05
1800 -1.64e-05
1800 -1.5625e-05
1810 -1.6825e-05
1810 -1.5725e-05
1820 -1.525e-05
1820 -1.58e-05
1830 -1.6e-05
1840 -1.635e-05
1840 -1.7575e-05
1850 -1.7275e-05
1850 -1.7125e-05
1860 -1.6825e-05
1860 -1.5025e-05
1870 -1.605e-05
1870 -1.615e-05
1880 -1.515e-05
1880 -1.615e-05
1890 -1.575e-05
1890 -1.4625e-05
1900 -1.6075e-05
1910 -1.6325e-05
1910 -1.5325e-05
1920 -1.55e-05
1920 -1.525e-05
1930 -1.51e-05
1930 -1.5475e-05
1940 -1.6575e-05
1940 -1.6725e-05
1950 -1.6675e-05
1950 -1.655e-05
1960 -1.62e-05
1960 -1.585e-05
1970 -1.525e-05
1970 -1.52e-05
1980 -1.54e-05
1990 -1.515e-05
1990 -1.63e-05
2000 -1.73e-05
2000 -1.5875e-05
2010 -1.6475e-05
2010 -1.6425e-05
2020 -1.5425e-05
2020 -1.68e-05
2030 -1.66e-05
2030 -1.64e-05
2040 -1.6775e-05
2040 -1.7075e-05
2050 -1.6175e-05
2060 -1.6125e-05
2060 -1.615e-05
2070 -1.5075e-05
2070 -1.5925e-05
2080 -1.5675e-05
2080 -1.5625e-05
2090 -1.575e-05
2090 -1.4875e-05
2100 -1.495e-05
2110 -1.53e-05
2110 -1.5375e-05
2120 -1.63e-05
2120 -1.6875e-05
2130 -1.5875e-05
2130 -1.625e-05
2140 -1.645e-05
2140 -1.4225e-05
2150 -1.6525e-05
2160 -1.6975e-05
2160 -1.6475e-05
2170 -1.765e-05
2170 -1.66e-05
2180 -1.5225e-05
2180 -1.5475e-05
2190 -1.595e-05
2190 -1.58e-05
2200 -1.6875e-05
2210 -1.7075e-05
2210 -1.665e-05
2220 -1.6075e-05
2220 -1.6475e-05
2230 -1.6325e-05
2230 -1.65e-05
2240 -1.7025e-05
2240 -1.6675e-05
2250 -1.5825e-05
2250 -1.525e-05
2260 -1.6e-05
2260 -1.48e-05
2270 -1.63e-05
2280 -1.72e-05
2280 -1.57e-05
2290 -1.72e-05
2290 -1.5825e-05
2300 -1.5725e-05
2300 -1.6425e-05
2310 -1.5475e-05
2310 -1.635e-05
2320 -1.575e-05
2320 -1.555e-05
2330 -1.485e-05
2330 -1.555e-05
2340 -1.63e-05
2350 -1.5925e-05
2350 -1.6775e-05
2360 -1.5675e-05
2360 -1.6425e-05
2370 -1.6175e-05
2370 -1.6525e-05
2380 -1.5775e-05
2380 -1.5125e-05
2390 -1.5175e-05
2390 -1.5425e-05
2400 -1.6275e-05
2410 -1.5675e-05
2410 -1.695e-05
2420 -1.64e-05
2420 -1.645e-05
2430 -1.705e-05
2430 -1.6075e-05
2440 -1.6875e-05
2440 -1.6675e-05
2450 -1.6425e-05
2450 -1.7e-05
2460 -1.655e-05
2460 -1.525e-05
2470 -1.64e-05
2480 -1.55e-05
2480 -1.49e-05
2490 -1.66e-05
2490 -1.605e-05
2500 -1.68e-05
2500 -1.6675e-05
2510 -1.56e-05
2510 -1.495e-05
2520 -1.5225e-05
2520 -1.485e-05
2530 -1.6625e-05
2530 -1.545e-05
2540 -1.405e-05
2550 -1.545e-05
2550 -1.3725e-05
2560 -1.515e-05
2560 -1.6475e-05
2570 -1.6275e-05
2570 -1.6275e-05
2580 -1.6075e-05
2590 -1.5525e-05
2590 -1.5525e-05
2600 -1.715e-05
2600 -1.6425e-05
2610 -1.5625e-05
2610 -1.6175e-05
2620 -1.6575e-05
2620 -1.5775e-05
2630 -1.7475e-05
2630 -1.6475e-05
2640 -1.5625e-05
2640 -1.65e-05
2650 -1.595e-05
2650 -1.5625e-05
2660 -1.5125e-05
2670 -1.48e-05
2670 -1.59e-05
2680 -1.6725e-05
2680 -1.6925e-05
2690 -1.72e-05
2690 -1.625e-05
2700 -1.62e-05
2700 -1.625e-05
2710 -1.6225e-05
2710 -1.6225e-05
2720 -1.5475e-05
2720 -1.6325e-05
2730 -1.645e-05
2740 -1.645e-05
2740 -1.735e-05
2750 -1.6025e-05
2750 -1.6875e-05
2760 -1.50525e-05
2760 -1.42025e-05
2770 -1.32775e-05
2770 -1.28275e-05
2780 -1.49e-05
2790 -1.4775e-05
2790 -1.6075e-05
2800 -1.4725e-05
2800 -1.35e-05
2810 -1.4925e-05
2820 -1.435e-05
2820 -1.62e-05
2830 -1.635e-05
2830 -1.6e-05
2840 -1.6375e-05
2840 -1.6025e-05
2850 -1.48775e-05
2850 -1.41275e-05
2860 -1.43275e-05
2870 -1.44775e-05
2870 -1.5625e-05
2880 -1.6025e-05
2890 -1.5975e-05
2890 -1.5925e-05
2900 -1.62e-05
2900 -1.645e-05
2910 -1.675e-05
2910 -1.5875e-05
2920 -1.7275e-05
2920 -1.6475e-05
2930 -1.5925e-05
2930 -1.64e-05
2940 -1.56e-05
2940 -1.655e-05
2950 -1.6025e-05
2950 -1.6425e-05
2960 -1.6325e-05
2970 -1.5975e-05
2970 -1.5475e-05
2980 -1.5475e-05
2980 -1.4775e-05
2990 -1.4625e-05
2990 -1.525e-05
3000 -1.4925e-05
3010 -1.6875e-05
3010 -1.63e-05
3020 -1.62e-05
3020 -1.7775e-05
3030 -1.5125e-05
3030 -1.705e-05
3040 -1.77e-05
3040 -1.54e-05
3050 -1.635e-05
3050 -1.53e-05
3060 -1.54e-05
3060 -1.5675e-05
3070 -1.6325e-05
3080 -1.6175e-05
3080 -1.6075e-05
3090 -1.6075e-05
3090 -1.6275e-05
3100 -1.5925e-05
3100 -1.5325e-05
3110 -1.64e-05
3110 -1.63e-05
3120 -1.6125e-05
3120 -1.7075e-05
3130 -1.6125e-05
3130 -1.6375e-05
3140 -1.685e-05
3150 -1.56e-05
3150 -1.615e-05
3160 -1.485e-05
3160 -1.49e-05
3170 -1.685e-05
3170 -1.555e-05
3180 -1.755e-05
3180 -1.69e-05
3190 -1.6e-05
3190 -1.67e-05
3200 -1.535e-05
3200 -1.645e-05
3210 -1.5075e-05
3210 -1.6725e-05
3220 -1.6375e-05
3230 -1.6175e-05
3230 -1.75e-05
3240 -1.76e-05
3240 -1.74e-05
3250 -1.675e-05
3250 -1.665e-05
3260 -1.575e-05
3260 -1.695e-05
3270 -1.775e-05
3270 -1.6325e-05
3280 -1.6225e-05
3280 -1.5675e-05
3290 -1.5375e-05
3290 -1.6125e-05
3300 -1.6225e-05
3310 -1.5825e-05
3310 -1.5075e-05
3320 -1.695e-05
3320 -1.72e-05
3330 -1.775e-05
3330 -1.705e-05
3340 -1.7e-05
3340 -1.585e-05
3350 -1.5375e-05
3350 -1.6025e-05
3360 -1.5975e-05
3370 -1.6875e-05
3370 -1.715e-05
3380 -1.6625e-05
3380 -1.5625e-05
3390 -1.6425e-05
3390 -1.52e-05
3400 -1.7475e-05
3400 -1.67e-05
3410 -1.4975e-05
3420 -1.725e-05
3420 -1.615e-05
3430 -1.6825e-05
3430 -1.6775e-05
3440 -1.4875e-05
3440 -1.6025e-05
3450 -1.55e-05
3450 -1.6075e-05
3460 -1.7225e-05
3460 -1.555e-05
3470 -1.6125e-05
3470 -1.6275e-05
3480 -1.6225e-05
3480 -1.635e-05
3490 -1.615e-05
3500 -1.5625e-05
3500 -1.5725e-05
3510 -1.5775e-05
3510 -1.6275e-05
3520 -1.695e-05
3520 -1.66e-05
3530 -1.6425e-05
3530 -1.555e-05
3540 -1.56e-05
3540 -1.585e-05
3550 -1.59e-05
3550 -1.6625e-05
3560 -1.6e-05
3570 -1.595e-05
3570 -1.6525e-05
3580 -1.6825e-05
3580 -1.6025e-05
3590 -1.525e-05
3590 -1.585e-05
3600 -1.54e-05
3600 -1.665e-05
3610 -1.7925e-05
3620 -1.6825e-05
3620 -1.7225e-05
3630 -1.71e-05
3630 -1.66e-05
3640 -1.765e-05
3640 -1.6175e-05
3650 -1.6575e-05
3650 -1.6675e-05
3660 -1.6225e-05
3660 -1.815e-05
3670 -1.73e-05
3670 -1.62e-05
3680 -1.66e-05
3680 -1.54666666666667e-05
3690 -1.88e-05
