224 -1.6e-06
229 -3.25e-06
234 -3.246e-06
239 -4.03e-06
245 -3.958e-06
250 -4.096e-06
255 -4.432e-06
261 -4.818e-06
266 -4.388e-06
271 -4.788e-06
277 -5.074e-06
282 -5.242e-06
287 -5.538e-06
293 -5.918e-06
298 -5.95e-06
304 -5.798e-06
309 -5.852e-06
314 -6.028e-06
320 -5.918e-06
325 -6.15e-06
330 -6.296e-06
335 -6.296e-06
341 -6.376e-06
347 -6.768e-06
352 -6.832e-06
357 -7.422e-06
362 -7.008e-06
367 -7.312e-06
373 -7.062e-06
378 -6.504e-06
384 -6.344e-06
390 -7.032e-06
395 -6.358e-06
400 -6.776e-06
406 -6.974e-06
411 -7.086e-06
416 -6.998e-06
421 -7.072e-06
427 -7.024e-06
432 -7.336e-06
437 -7.054e-06
442 -7.102e-06
448 -7.342e-06
453 -7.614e-06
458 -7.204e-06
463 -7.318e-06
469 -7.97e-06
474 -7.73e-06
479 -7.402e-06
484 -7.75e-06
490 -8.054e-06
496 -7.434e-06
501 -7.762e-06
506 -8.002e-06
511 -8.344e-06
516 -7.812e-06
521 -8.076e-06
527 -8.316e-06
532 -8.042e-06
537 -8.106e-06
543 -8.542e-06
548 -8.538e-06
553 -8.458e-06
559 -8.512e-06
564 -8.296e-06
570 -8.224e-06
575 -8.19e-06
580 -8.406e-06
586 -8.714e-06
591 -8.484e-06
596 -8.452e-06
602 -8.386e-06
607 -8.034e-06
613 -8.666e-06
618 -1.0932e-05
623 -1.0194e-05
628 -9.7e-06
634 -9.764e-06
640 -8.796e-06
645 -6.64e-06
650 -6.952e-06
655 -7.526e-06
661 -7.248e-06
666 -8.236e-06
672 -8.668e-06
677 -9.502e-06
682 -9.708e-06
687 -1.0322e-05
693 -9.648e-06
698 -9.912e-06
704 -9.512e-06
709 -1.0426e-05
716 -1.1906e-05
721 -1.234e-05
726 -1.1706e-05
731 -1.2426e-05
737 -1.1242e-05
742 -9.466e-06
747 -8.672e-06
752 -8.922e-06
758 -8.442e-06
763 -8.52e-06
768 -8.76e-06
774 -8.9e-06
779 -8.73e-06
785 -9.19e-06
791 -9.01e-06
796 -8.994e-06
802 -9.428e-06
807 -9.396e-06
812 -9.008e-06
818 -9.334e-06
823 -9.04e-06
828 -9.008e-06
834 -9.22e-06
839 -9.928e-06
845 -9.816e-06
850 -9.728e-06
855 -9.98e-06
861 -9.938e-06
866 -9.094e-06
871 -9.02e-06
876 -9.834e-06
882 -9.62e-06
887 -9.75e-06
893 -1.0374e-05
899 -1.088e-05
904 -1.048e-05
909 -1.038e-05
914 -1.0666e-05
920 -1.0446e-05
925 -1.02e-05
930 -1.122e-05
936 -1.1574e-05
941 -1.0888e-05
946 -1.1308e-05
952 -1.2114e-05
957 -1.1334e-05
962 -1.1514e-05
968 -1.26e-05
973 -1.294e-05
978 -1.232e-05
983 -1.216e-05
989 -1.2e-05
994 -1.15e-05
999 -1.0294e-05
1000 -1.0106e-05
1010 -1.0386e-05
1020 -1.0266e-05
1020 -1.0466e-05
1030 -1.1032e-05
1030 -1.116e-05
1040 -1.132e-05
1040 -1.192e-05
1050 -1.182e-05
1050 -1.1326e-05
1060 -1.1486e-05
1060 -1.1346e-05
1070 -1.0766e-05
1070 -1.0526e-05
1080 -1.09e-05
1080 -1.118e-05
1090 -1.06e-05
1090 -1.066e-05
1100 -1.092e-05
1110 -1.0328e-05
1110 -1.0288e-05
1120 -1.0728e-05
1120 -1.0414e-05
1130 -1.0274e-05
1130 -1.0806e-05
1140 -1.0726e-05
1140 -1.1266e-05
1150 -1.1394e-05
1150 -1.1314e-05
1160 -1.1354e-05
1170 -1.1634e-05
1170 -1.1214e-05
1180 -1.188e-05
1180 -1.294e-05
1190 -1.272e-05
1190 -1.254e-05
1200 -1.25e-05
1200 -1.244e-05
1210 -1.146e-05
1210 -1.25e-05
1220 -1.222e-05
1220 -1.23e-05
1230 -1.236e-05
1240 -1.292e-05
1240 -1.25e-05
1250 -1.252e-05
1250 -1.25e-05
1260 -1.236e-05
1260 -1.18e-05
1270 -1.124e-05
1270 -1.166e-05
1280 -1.146e-05
1280 -1.082e-05
1290 -1.096e-05
1290 -1.0606e-05
1300 -1.0306e-05
1310 -1.0126e-05
1310 -1.1146e-05
1320 -1.1186e-05
1320 -1.184e-05
1330 -1.17e-05
1330 -1.238e-05
1340 -1.14e-05
1340 -1.182e-05
1350 -1.128e-05
1360 -1.162e-05
1360 -1.082e-05
1370 -1.122e-05
1370 -1.066e-05
1380 -1.124e-05
1380 -1.156e-05
1390 -1.232e-05
1400 -1.228e-05
1400 -1.264e-05
1410 -1.288e-05
1410 -1.268e-05
1420 -1.28e-05
1420 -1.2466e-05
1430 -1.2846e-05
1430 -1.2906e-05
1440 -1.2346e-05
1440 -1.1966e-05
1450 -1.244e-05
1460 -1.226e-05
1460 -1.188e-05
1470 -1.234e-05
1470 -1.216e-05
1480 -1.192e-05
1480 -1.2e-05
1490 -1.206e-05
1500 -1.162e-05
1500 -1.184e-05
1510 -1.168e-05
1510 -1.124e-05
1520 -1.114e-05
1520 -1.154e-05
1530 -1.116e-05
1540 -1.226e-05
1540 -1.25e-05
1550 -1.348e-05
1550 -1.422e-05
1560 -1.492e-05
1560 -1.466e-05
1570 -1.466e-05
1570 -1.396e-05
1580 -1.376e-05
1590 -1.34e-05
1590 -1.344e-05
1600 -1.404e-05
1600 -1.37e-05
1610 -1.336e-05
1610 -1.336e-05
1620 -1.308e-05
1620 -1.206e-05
1630 -1.196e-05
1640 -1.17e-05
1640 -1.18e-05
1650 -1.154e-05
1650 -1.15e-05
1660 -1.19e-05
1660 -1.164e-05
1670 -1.132e-05
1670 -1.236e-05
1680 -1.2124e-05
1680 -1.1724e-05
1690 -1.2264e-05
1690 -1.2784e-05
1700 -1.1564e-05
1700 -1.218e-05
1710 -1.18e-05
1720 -1.214e-05
1720 -1.196e-05
1730 -1.19e-05
1730 -1.162e-05
1740 -1.22e-05
1740 -1.154e-05
1750 -1.106e-05
1750 -1.182e-05
1760 -1.18e-05
1760 -1.186e-05
1770 -1.148e-05
1770 -1.232e-05
1780 -1.172e-05
1790 -1.296e-05
1790 -1.262e-05
1800 -1.36e-05
1800 -1.328e-05
1810 -1.392e-05
1810 -1.26e-05
1820 -1.304e-05
1820 -1.276e-05
1830 -1.27e-05
1830 -1.19e-05
1840 -1.244e-05
1850 -1.26e-05
1850 -1.242e-05
1860 -1.252e-05
1860 -1.372e-05
1870 -1.396e-05
1870 -1.354e-05
1880 -1.402e-05
1880 -1.408e-05
1890 -1.308e-05
1890 -1.296e-05
1900 -1.332e-05
1900 -1.324e-05
1910 -1.312e-05
1910 -1.298e-05
1920 -1.296e-05
1930 -1.3e-05
1930 -1.22e-05
1940 -1.23e-05
1940 -1.27e-05
1950 -1.196e-05
1950 -1.194e-05
1960 -1.232e-05
1960 -1.27e-05
1970 -1.326e-05
1970 -1.356e-05
1980 -1.354e-05
1980 -1.454e-05
1990 -1.384e-05
1990 -1.346e-05
2000 -1.344e-05
2010 -1.386e-05
2010 -1.296e-05
2020 -1.296e-05
2020 -1.352e-05
2030 -1.38e-05
2030 -1.312e-05
2040 -1.322e-05
2040 -1.318e-05
2050 -1.26e-05
2050 -1.258e-05
2060 -1.308e-05
2070 -1.318e-05
2070 -1.368e-05
2080 -1.324e-05
2080 -1.354e-05
2090 -1.372e-05
2090 -1.328e-05
2100 -1.298e-05
2100 -1.384e-05
2110 -1.38e-05
2110 -1.2606e-05
2120 -1.2666e-05
2120 -1.3406e-05
2130 -1.2726e-05
2140 -1.2846e-05
2140 -1.342e-05
2150 -1.36e-05
2150 -1.286e-05
2160 -1.346e-05
2160 -1.326e-05
2170 -1.326e-05
2170 -1.348e-05
2180 -1.354e-05
2180 -1.344e-05
2190 -1.302e-05
2190 -1.356e-05
2200 -1.35e-05
2210 -1.366e-05
2210 -1.296e-05
2220 -1.34e-05
2220 -1.322e-05
2230 -1.3e-05
2230 -1.272e-05
2240 -1.316e-05
2240 -1.288e-05
2250 -1.26e-05
2250 -1.27e-05
2260 -1.26e-05
2260 -1.274e-05
2270 -1.252e-05
2280 -1.276e-05
2280 -1.242e-05
2290 -1.304e-05
2290 -1.274e-05
2300 -1.274e-05
2300 -1.25e-05
2310 -1.282e-05
2310 -1.268e-05
2320 -1.27e-05
2320 -1.294e-05
2330 -1.338e-05
2330 -1.37e-05
2340 -1.38e-05
2340 -1.404e-05
2350 -1.438e-05
2360 -1.406e-05
2360 -1.326e-05
2370 -1.306e-05
2370 -1.282e-05
2380 -1.284e-05
2380 -1.264e-05
2390 -1.262e-05
2390 -1.24e-05
2400 -1.234e-05
2400 -1.296e-05
2410 -1.2006e-05
2410 -1.2546e-05
2420 -1.2366e-05
2420 -1.2466e-05
2430 -1.1286e-05
2430 -1.212e-05
2440 -1.19e-05
2440 -1.18e-05
2450 -1.168e-05
2460 -1.196e-05
2460 -1.226e-05
2470 -1.276e-05
2470 -1.324e-05
2480 -1.31e-05
2480 -1.324e-05
2490 -1.346e-05
2490 -1.306e-05
2500 -1.254e-05
2500 -1.276e-05
2510 -1.244e-05
2510 -1.258e-05
2520 -1.262e-05
2530 -1.306e-05
2530 -1.332e-05
2540 -1.31e-05
2540 -1.258e-05
2550 -1.262e-05
2550 -1.266e-05
2560 -1.24e-05
2560 -1.226e-05
2570 -1.214e-05
2570 -1.1364e-05
2580 -1.1384e-05
2580 -1.1284e-05
2590 -1.1344e-05
2590 -1.1884e-05
2600 -1.268e-05
2600 -1.272e-05
2610 -1.246e-05
2610 -1.292e-05
2620 -1.292e-05
2630 -1.256e-05
2630 -1.282e-05
2640 -1.372e-05
2640 -1.46e-05
2650 -1.41e-05
2650 -1.456e-05
2660 -1.46e-05
2660 -1.376e-05
2670 -1.278e-05
2670 -1.34e-05
2680 -1.338e-05
2680 -1.316e-05
2690 -1.376e-05
2690 -1.38e-05
2700 -1.342e-05
2710 -1.316e-05
2710 -1.382e-05
2720 -1.29e-05
2720 -1.298e-05
2730 -1.336e-05
2730 -1.4e-05
2740 -1.318e-05
2740 -1.436e-05
2750 -1.492e-05
2750 -1.508e-05
2760 -1.436e-05
2760 -1.468e-05
2770 -1.452e-05
2770 -1.418e-05
2780 -1.334e-05
2780 -1.392e-05
2790 -1.382e-05
2790 -1.318e-05
2800 -1.332e-05
2810 -1.38e-05
2810 -1.334e-05
2820 -1.374e-05
2820 -1.452e-05
2830 -1.4e-05
2830 -1.448e-05
2840 -1.442e-05
2840 -1.436e-05
2850 -1.422e-05
2850 -1.438e-05
2860 -1.412e-05
2870 -1.466e-05
2870 -1.442e-05
2880 -1.436e-05
2880 -1.412e-05
2890 -1.41e-05
2890 -1.362e-05
2900 -1.34e-05
2900 -1.366e-05
2910 -1.406e-05
2910 -1.334e-05
2920 -1.374e-05
2930 -1.318e-05
2930 -1.282e-05
2940 -1.348e-05
2940 -1.392e-05
2950 -1.378e-05
2950 -1.436e-05
2960 -1.408e-05
2970 -1.394e-05
2970 -1.368e-05
2980 -1.418e-05
2980 -1.472e-05
2990 -1.506e-05
2990 -1.442e-05
3000 -1.544e-05
3010 -1.496e-05
3010 -1.468e-05
3020 -1.42e-05
3020 -1.4e-05
3030 -1.406e-05
3030 -1.432e-05
3040 -1.384e-05
3040 -1.396e-05
3050 -1.454e-05
3060 -1.426e-05
3060 -1.414e-05
3070 -1.484e-05
3070 -1.488e-05
3080 -1.488e-05
3080 -1.428e-05
3090 -1.424e-05
3100 -1.354e-05
3100 -1.448e-05
3110 -1.39e-05
3110 -1.432e-05
3120 -1.36e-05
3120 -1.45e-05
3130 -1.33e-05
3130 -1.41e-05
3140 -1.364e-05
3140 -1.454e-05
3150 -1.43e-05
3160 -1.478e-05
3160 -1.438e-05
3170 -1.468e-05
3170 -1.4e-05
3180 -1.386e-05
3180 -1.402e-05
3190 -1.376e-05
3190 -1.406e-05
3200 -1.466e-05
3200 -1.462e-05
3210 -1.428e-05
3210 -1.474e-05
3220 -1.46e-05
3220 -1.396e-05
3230 -1.41e-05
3240 -1.436e-05
3240 -1.384e-05
3250 -1.374e-05
3250 -1.386e-05
3260 -1.372e-05
3260 -1.386e-05
3270 -1.394e-05
3270 -1.39e-05
3280 -1.446e-05
3280 -1.42e-05
3290 -1.44e-05
3290 -1.45e-05
3300 -1.484e-05
3310 -1.436e-05
3310 -1.496e-05
3320 -1.44e-05
3320 -1.48e-05
3330 -1.472e-05
3330 -1.512e-05
3340 -1.442e-05
3340 -1.492e-05
3350 -1.492e-05
3350 -1.432e-05
3360 -1.456e-05
3360 -1.506e-05
3370 -1.486e-05
3370 -1.426e-05
3380 -1.472e-05
3390 -1.448e-05
3390 -1.386e-05
3400 -1.394e-05
3400 -1.446e-05
3410 -1.408e-05
3410 -1.446e-05
3420 -1.52e-05
3420 -1.478e-05
3430 -1.484e-05
3430 -1.526e-05
3440 -1.474e-05
3440 -1.496e-05
3450 -1.548e-05
3450 -1.512e-05
3460 -1.54e-05
3470 -1.566e-05
3470 -1.536e-05
3480 -1.488e-05
3480 -1.568e-05
3490 -1.544e-05
3490 -1.482e-05
3500 -1.418e-05
3500 -1.454e-05
3510 -1.4e-05
3510 -1.376e-05
3520 -1.388e-05
3520 -1.424e-05
3530 -1.378e-05
3540 -1.368e-05
3540 -1.322e-05
3550 -1.382e-05
3550 -1.406e-05
3560 -1.482e-05
3560 -1.492e-05
3570 -1.498e-05
3570 -1.476e-05
3580 -1.466e-05
3580 -1.424e-05
3590 -1.388e-05
3590 -1.428e-05
3600 -1.432e-05
3600 -1.414e-05
3610 -1.442e-05
3610 -1.442e-05
3620 -1.46e-05
3630 -1.464e-05
3630 -1.484e-05
3640 -1.474e-05
3640 -1.476e-05
3650 -1.476e-05
3650 -1.488e-05
3660 -1.454e-05
3660 -1.458e-05
3670 -1.518e-05
3670 -1.534e-05
3680 -1.466e-05
3680 -1.506e-05
3690 -1.496e-05
3690 -1.432e-05
3700 -1.406e-05
3700 -1.456e-05
3710 -1.454e-05
3720 -1.464e-05
3720 -1.468e-05
3730 -1.476e-05
3730 -1.492e-05
3740 -1.438e-05
3740 -1.446e-05
3750 -1.47333333333333e-05
3750 -1.58e-05
