224 -1.6e-06
229 -3.25e-06
234 -3.6575e-06
239 -3.9275e-06
245 -3.9775e-06
250 -4.35e-06
255 -4.7325e-06
261 -4.6425e-06
266 -4.465e-06
271 -4.8425e-06
277 -5.1525e-06
282 -5.2625e-06
287 -6.08e-06
293 -5.8775e-06
298 -5.9375e-06
304 -5.8475e-06
309 -5.655e-06
314 -6.2175e-06
320 -5.8375e-06
325 -6.3775e-06
330 -6.4025e-06
335 -5.99e-06
341 -6.79e-06
347 -6.61e-06
352 -7.0475e-06
357 -7.81e-06
362 -6.78e-06
367 -7.47e-06
373 -6.8975e-06
378 -5.9e-06
384 -6.98e-06
390 -6.43e-06
395 -6.59e-06
400 -7.2375e-06
406 -6.6875e-06
411 -7.0475e-06
416 -7.23e-06
421 -6.96e-06
427 -7.3e-06
432 -7e-06
437 -7.1175e-06
442 -7.2675e-06
448 -7.3575e-06
453 -7.6475e-06
458 -7.1875e-06
463 -7.3875e-06
469 -8.0525e-06
474 -7.5025e-06
479 -7.895e-06
484 -7.7275e-06
490 -7.4925e-06
496 -7.6825e-06
501 -7.9525e-06
506 -8.21e-06
511 -8.09e-06
516 -7.965e-06
521 -8.075e-06
527 -8.345e-06
532 -7.8325e-06
537 -8.4575e-06
543 -8.5475e-06
548 -8.3525e-06
553 -8.865e-06
559 -8.34e-06
564 -8.15e-06
570 -8.155e-06
575 -8.0175e-06
580 -8.7325e-06
586 -8.8625e-06
591 -8.475e-06
596 -8.4825e-06
602 -7.9925e-06
607 -7.8825e-06
613 -9.09e-06
618 -1.1575e-05
623 -1.07425e-05
628 -1.0075e-05
634 -9.255e-06
640 -6.42e-06
645 -7.1325e-06
650 -7.3075e-06
655 -7.2775e-06
661 -7.32e-06
666 -8.415e-06
672 -9.2775e-06
677 -9.7775e-06
682 -1.03525e-05
687 -9.9275e-06
693 -9.64e-06
698 -9.79e-06
704 -9.5325e-06
709 -1.04825e-05
716 -1.275e-05
721 -1.2675e-05
726 -1.25325e-05
731 -1.20325e-05
737 -9.6525e-06
742 -9.1575e-06
747 -8.8825e-06
752 -8.1525e-06
758 -8.5325e-06
763 -8.47e-06
768 -9.2675e-06
774 -8.855e-06
779 -8.5125e-06
785 -9.37e-06
791 -8.7825e-06
796 -9.385e-06
802 -9.7275e-06
807 -8.77e-06
812 -9.3675e-06
818 -9.2075e-06
823 -8.9e-06
828 -9.2425e-06
834 -9.035e-06
839 -1.011e-05
845 -1.01775e-05
850 -9.8e-06
855 -1.01925e-05
861 -9.0475e-06
866 -9.2075e-06
871 -9.2925e-06
876 -9.6175e-06
882 -9.795e-06
887 -9.8675e-06
893 -1.09e-05
899 -1.06e-05
904 -1.06925e-05
909 -1.05825e-05
914 -1.02325e-05
920 -1.03575e-05
925 -1.025e-05
930 -1.17425e-05
936 -1.17175e-05
941 -1.0785e-05
946 -1.17425e-05
952 -1.13675e-05
957 -1.14425e-05
962 -1.25e-05
968 -1.24e-05
973 -1.2775e-05
978 -1.26e-05
983 -1.225e-05
989 -1.175e-05
994 -1.06e-05
999 -1.02425e-05
1000 -1.00325e-05
1010 -1.02325e-05
1020 -1.02075e-05
1020 -1.0815e-05
1030 -1.14e-05
1030 -1.1e-05
1040 -1.155e-05
1040 -1.2025e-05
1050 -1.18e-05
1050 -1.16075e-05
1060 -1.12075e-05
1060 -1.08325e-05
1070 -1.07075e-05
1070 -1.08e-05
1080 -1.0875e-05
1080 -1.1e-05
1090 -1.0625e-05
1090 -1.0875e-05
1100 -1.0825e-05
1110 -9.81e-06
1110 -1.061e-05
1120 -1.071e-05
1120 -1.02425e-05
1130 -1.07575e-05
1130 -1.04575e-05
1140 -1.06075e-05
1140 -1.1775e-05
1150 -1.16425e-05
1150 -1.13925e-05
1160 -1.12425e-05
1170 -1.10675e-05
1170 -1.155e-05
1180 -1.235e-05
1180 -1.3375e-05
1190 -1.26e-05
1190 -1.2725e-05
1200 -1.2325e-05
1200 -1.1725e-05
1210 -1.18e-05
1210 -1.255e-05
1220 -1.2375e-05
1220 -1.215e-05
1230 -1.285e-05
1240 -1.2325e-05
1240 -1.29e-05
1250 -1.265e-05
1250 -1.2325e-05
1260 -1.215e-05
1260 -1.145e-05
1270 -1.13e-05
1270 -1.16e-05
1280 -1.12e-05
1280 -1.0925e-05
1290 -1.11e-05
1290 -9.9825e-06
1300 -1.01575e-05
1310 -1.03325e-05
1310 -1.11575e-05
1320 -1.1825e-05
1320 -1.19e-05
1330 -1.2125e-05
1330 -1.1875e-05
1340 -1.1425e-05
1340 -1.18e-05
1350 -1.1375e-05
1360 -1.1175e-05
1360 -1.115e-05
1370 -1.0675e-05
1370 -1.1025e-05
1380 -1.09e-05
1380 -1.21e-05
1390 -1.2525e-05
1400 -1.27e-05
1400 -1.2775e-05
1410 -1.255e-05
1410 -1.255e-05
1420 -1.3175e-05
1420 -1.24825e-05
1430 -1.27325e-05
1430 -1.28325e-05
1440 -1.19825e-05
1440 -1.255e-05
1450 -1.1975e-05
1460 -1.1925e-05
1460 -1.225e-05
1470 -1.245e-05
1470 -1.22e-05
1480 -1.155e-05
1480 -1.2075e-05
1490 -1.19e-05
1500 -1.1775e-05
1500 -1.21e-05
1510 -1.115e-05
1510 -1.105e-05
1520 -1.13e-05
1520 -1.14e-05
1530 -1.145e-05
1540 -1.2425e-05
1540 -1.275e-05
1550 -1.3725e-05
1550 -1.5225e-05
1560 -1.4775e-05
1560 -1.5125e-05
1570 -1.4225e-05
1570 -1.34e-05
1580 -1.3775e-05
1590 -1.32e-05
1590 -1.36e-05
1600 -1.4325e-05
1600 -1.3325e-05
1610 -1.3725e-05
1610 -1.31e-05
1620 -1.24e-05
1620 -1.2275e-05
1630 -1.1575e-05
1640 -1.165e-05
1640 -1.15e-05
1650 -1.175e-05
1650 -1.17e-05
1660 -1.1825e-05
1660 -1.145e-05
1670 -1.1225e-05
1670 -1.2825e-05
1680 -1.198e-05
1680 -1.193e-05
1690 -1.263e-05
1690 -1.1755e-05
1700 -1.2125e-05
1700 -1.255e-05
1710 -1.135e-05
1720 -1.1825e-05
1720 -1.225e-05
1730 -1.1775e-05
1730 -1.2325e-05
1740 -1.1425e-05
1740 -1.13e-05
1750 -1.12e-05
1750 -1.2025e-05
1760 -1.1825e-05
1760 -1.1825e-05
1770 -1.1825e-05
1770 -1.1825e-05
1780 -1.1925e-05
1790 -1.32e-05
1790 -1.325e-05
1800 -1.3425e-05
1800 -1.3775e-05
1810 -1.3125e-05
1810 -1.3175e-05
1820 -1.255e-05
1820 -1.2775e-05
1830 -1.225e-05
1830 -1.225e-05
1840 -1.2425e-05
1850 -1.235e-05
1850 -1.2425e-05
1860 -1.3025e-05
1860 -1.385e-05
1870 -1.4125e-05
1870 -1.375e-05
1880 -1.43e-05
1880 -1.3475e-05
1890 -1.275e-05
1890 -1.34e-05
1900 -1.2875e-05
1900 -1.325e-05
1910 -1.3525e-05
1910 -1.2775e-05
1920 -1.295e-05
1930 -1.2575e-05
1930 -1.21e-05
1940 -1.2675e-05
1940 -1.245e-05
1950 -1.165e-05
1950 -1.225e-05
1960 -1.2125e-05
1960 -1.2675e-05
1970 -1.4075e-05
1970 -1.3675e-05
1980 -1.3775e-05
1980 -1.4425e-05
1990 -1.34e-05
1990 -1.395e-05
2000 -1.355e-05
2010 -1.2925e-05
2010 -1.3325e-05
2020 -1.2775e-05
2020 -1.405e-05
2030 -1.3475e-05
2030 -1.3125e-05
2040 -1.365e-05
2040 -1.235e-05
2050 -1.255e-05
2050 -1.28e-05
2060 -1.295e-05
2070 -1.365e-05
2070 -1.37e-05
2080 -1.3375e-05
2080 -1.3375e-05
2090 -1.3625e-05
2090 -1.315e-05
2100 -1.3375e-05
2100 -1.375e-05
2110 -1.3475e-05
2110 -1.27825e-05
2120 -1.27575e-05
2120 -1.28325e-05
2130 -1.24075e-05
2140 -1.3775e-05
2140 -1.3725e-05
2150 -1.3e-05
2150 -1.3e-05
2160 -1.3175e-05
2160 -1.3575e-05
2170 -1.33e-05
2170 -1.3775e-05
2180 -1.31e-05
2180 -1.34e-05
2190 -1.3275e-05
2190 -1.34e-05
2200 -1.3725e-05
2210 -1.3375e-05
2210 -1.3325e-05
2220 -1.3075e-05
2220 -1.305e-05
2230 -1.29e-05
2230 -1.3075e-05
2240 -1.3025e-05
2240 -1.265e-05
2250 -1.255e-05
2250 -1.2875e-05
2260 -1.2375e-05
2260 -1.285e-05
2270 -1.255e-05
2280 -1.2625e-05
2280 -1.265e-05
2290 -1.275e-05
2290 -1.3125e-05
2300 -1.2525e-05
2300 -1.2725e-05
2310 -1.2375e-05
2310 -1.2675e-05
2320 -1.3075e-05
2320 -1.3075e-05
2330 -1.3425e-05
2330 -1.365e-05
2340 -1.405e-05
2340 -1.445e-05
2350 -1.4325e-05
2360 -1.3875e-05
2360 -1.2975e-05
2370 -1.2825e-05
2370 -1.25e-05
2380 -1.28e-05
2380 -1.31e-05
2390 -1.2425e-05
2390 -1.23e-05
2400 -1.1875e-05
2400 -1.32e-05
2410 -1.23325e-05
2410 -1.26075e-05
2420 -1.23325e-05
2420 -1.12575e-05
2430 -1.23e-05
2430 -1.18e-05
2440 -1.2025e-05
2440 -1.15e-05
2450 -1.175e-05
2460 -1.21e-05
2460 -1.225e-05
2470 -1.3225e-05
2470 -1.345e-05
2480 -1.3175e-05
2480 -1.3325e-05
2490 -1.3125e-05
2490 -1.3e-05
2500 -1.275e-05
2500 -1.2575e-05
2510 -1.205e-05
2510 -1.2525e-05
2520 -1.31e-05
2530 -1.3125e-05
2530 -1.3675e-05
2540 -1.27e-05
2540 -1.2475e-05
2550 -1.255e-05
2550 -1.23e-05
2560 -1.28e-05
2560 -1.23e-05
2570 -1.1875e-05
2570 -1.093e-05
2580 -1.103e-05
2580 -1.158e-05
2590 -1.1305e-05
2590 -1.2525e-05
2600 -1.255e-05
2600 -1.2825e-05
2610 -1.2975e-05
2610 -1.26e-05
2620 -1.2825e-05
2630 -1.235e-05
2630 -1.3275e-05
2640 -1.3975e-05
2640 -1.47e-05
2650 -1.475e-05
2650 -1.4525e-05
2660 -1.4375e-05
2660 -1.2925e-05
2670 -1.305e-05
2670 -1.33e-05
2680 -1.3e-05
2680 -1.3625e-05
2690 -1.415e-05
2690 -1.355e-05
2700 -1.335e-05
2710 -1.3e-05
2710 -1.37e-05
2720 -1.3025e-05
2720 -1.3e-05
2730 -1.36e-05
2730 -1.3225e-05
2740 -1.405e-05
2740 -1.475e-05
2750 -1.495e-05
2750 -1.495e-05
2760 -1.47e-05
2760 -1.445e-05
2770 -1.425e-05
2770 -1.3825e-05
2780 -1.3675e-05
2780 -1.375e-05
2790 -1.3575e-05
2790 -1.3e-05
2800 -1.38e-05
2810 -1.3525e-05
2810 -1.315e-05
2820 -1.4275e-05
2820 -1.45e-05
2830 -1.405e-05
2830 -1.495e-05
2840 -1.4e-05
2840 -1.4075e-05
2850 -1.4775e-05
2850 -1.3925e-05
2860 -1.4575e-05
2870 -1.4375e-05
2870 -1.4325e-05
2880 -1.475e-05
2880 -1.3925e-05
2890 -1.3875e-05
2890 -1.3375e-05
2900 -1.3125e-05
2900 -1.4175e-05
2910 -1.3875e-05
2910 -1.3525e-05
2920 -1.38e-05
2930 -1.2525e-05
2930 -1.2625e-05
2940 -1.405e-05
2940 -1.375e-05
2950 -1.455e-05
2950 -1.445e-05
2960 -1.3375e-05
2970 -1.4075e-05
2970 -1.3625e-05
2980 -1.4325e-05
2980 -1.525e-05
2990 -1.4775e-05
2990 -1.5e-05
3000 -1.52e-05
3010 -1.4625e-05
3010 -1.4775e-05
3020 -1.45e-05
3020 -1.32e-05
3030 -1.4075e-05
3030 -1.4175e-05
3040 -1.4325e-05
3040 -1.445e-05
3050 -1.38e-05
3060 -1.4e-05
3060 -1.455e-05
3070 -1.5425e-05
3070 -1.4875e-05
3080 -1.4575e-05
3080 -1.4175e-05
3090 -1.38e-05
3100 -1.375e-05
3100 -1.4375e-05
3110 -1.41e-05
3110 -1.4275e-05
3120 -1.3875e-05
3120 -1.3775e-05
3130 -1.3625e-05
3130 -1.3825e-05
3140 -1.4325e-05
3140 -1.3925e-05
3150 -1.5025e-05
3160 -1.4475e-05
3160 -1.475e-05
3170 -1.45e-05
3170 -1.355e-05
3180 -1.3875e-05
3180 -1.4025e-05
3190 -1.36e-05
3190 -1.4575e-05
3200 -1.455e-05
3200 -1.4625e-05
3210 -1.4675e-05
3210 -1.445e-05
3220 -1.45e-05
3220 -1.3725e-05
3230 -1.44e-05
3240 -1.42e-05
3240 -1.35e-05
3250 -1.4225e-05
3250 -1.3425e-05
3260 -1.36e-05
3260 -1.4225e-05
3270 -1.375e-05
3270 -1.4275e-05
3280 -1.435e-05
3280 -1.4025e-05
3290 -1.48e-05
3290 -1.45e-05
3300 -1.475e-05
3310 -1.455e-05
3310 -1.4725e-05
3320 -1.4675e-05
3320 -1.445e-05
3330 -1.52e-05
3330 -1.475e-05
3340 -1.475e-05
3340 -1.4825e-05
3350 -1.47e-05
3350 -1.42e-05
3360 -1.4925e-05
3360 -1.4925e-05
3370 -1.475e-05
3370 -1.4625e-05
3380 -1.44e-05
3390 -1.42e-05
3390 -1.3675e-05
3400 -1.435e-05
3400 -1.43e-05
3410 -1.39e-05
3410 -1.495e-05
3420 -1.525e-05
3420 -1.475e-05
3430 -1.525e-05
3430 -1.49e-05
3440 -1.4375e-05
3440 -1.5475e-05
3450 -1.555e-05
3450 -1.5075e-05
3460 -1.5725e-05
3470 -1.525e-05
3470 -1.5325e-05
3480 -1.525e-05
3480 -1.5425e-05
3490 -1.545e-05
3490 -1.4575e-05
3500 -1.445e-05
3500 -1.3825e-05
3510 -1.3625e-05
3510 -1.4125e-05
3520 -1.42e-05
3520 -1.4075e-05
3530 -1.355e-05
3540 -1.3525e-05
3540 -1.33e-05
3550 -1.3675e-05
3550 -1.4425e-05
3560 -1.4975e-05
3560 -1.565e-05
3570 -1.475e-05
3570 -1.455e-05
3580 -1.4225e-05
3580 -1.4125e-05
3590 -1.4275e-05
3590 -1.415e-05
3600 -1.4125e-05
3600 -1.41e-05
3610 -1.48e-05
3610 -1.445e-05
3620 -1.45e-05
3630 -1.475e-05
3630 -1.4625e-05
3640 -1.52e-05
3640 -1.465e-05
3650 -1.465e-05
3650 -1.48e-05
3660 -1.4375e-05
3660 -1.4975e-05
3670 -1.5175e-05
3670 -1.5225e-05
3680 -1.495e-05
3680 -1.4975e-05
3690 -1.47e-05
3690 -1.39e-05
3700 -1.4475e-05
3700 -1.4325e-05
3710 -1.445e-05
3720 -1.51e-05
3720 -1.4675e-05
3730 -1.4725e-05
3730 -1.48e-05
3740 -1.4125e-05
3740 -1.4825e-05
3750 -1.47333333333333e-05
3750 -1.58e-05
