198 -2.2e-06
204 -3.475e-06
209 -3.62e-06
215 -4.34e-06
220 -4.813e-06
225 -5.393e-06
231 -5.543e-06
236 -6.103e-06
241 -6.5e-06
246 -7.08e-06
251 -7.35e-06
257 -8.107e-06
262 -8.127e-06
267 -8.567e-06
272 -9.007e-06
278 -9.467e-06
283 -9.917e-06
288 -1.0157e-05
293 -1.0377e-05
298 -1.0497e-05
303 -1.0507e-05
309 -1.0217e-05
314 -1.0697e-05
319 -1.0897e-05
324 -1.0977e-05
329 -1.0897e-05
335 -1.088e-05
340 -1.1e-05
345 -1.106e-05
350 -1.088e-05
355 -1.124e-05
361 -1.132e-05
366 -1.148e-05
371 -1.118e-05
376 -1.114e-05
381 -1.12e-05
387 -1.125e-05
392 -1.119e-05
397 -1.125e-05
402 -1.157e-05
407 -1.173e-05
413 -1.178e-05
418 -1.14e-05
423 -1.172e-05
428 -1.214e-05
433 -1.223e-05
439 -1.259e-05
444 -1.275e-05
449 -1.287e-05
454 -1.2427e-05
460 -1.2327e-05
465 -1.2487e-05
470 -1.2727e-05
475 -1.2527e-05
481 -1.2187e-05
486 -1.2117e-05
491 -1.2017e-05
496 -1.2017e-05
502 -1.1797e-05
507 -1.232e-05
512 -1.24e-05
517 -1.248e-05
522 -1.252e-05
528 -1.262e-05
533 -1.274e-05
538 -1.282e-05
543 -1.296e-05
548 -1.268e-05
554 -1.304e-05
559 -1.314e-05
564 -1.32e-05
569 -1.296e-05
574 -1.302e-05
580 -1.3e-05
585 -1.296e-05
590 -1.298e-05
595 -1.292e-05
600 -1.324e-05
606 -1.309e-05
611 -1.275e-05
616 -1.271e-05
621 -1.311e-05
626 -1.325e-05
632 -1.332e-05
637 -1.356e-05
642 -1.378e-05
647 -1.418e-05
652 -1.4e-05
658 -1.394e-05
663 -1.432e-05
668 -1.438e-05
673 -1.44e-05
678 -1.449e-05
684 -1.472e-05
689 -1.438e-05
694 -1.43e-05
699 -1.411e-05
705 -1.435e-05
710 -1.42e-05
715 -1.416e-05
720 -1.394e-05
726 -1.392e-05
731 -1.389e-05
736 -1.421e-05
741 -1.453e-05
747 -1.415e-05
752 -1.402e-05
757 -1.394e-05
762 -1.418e-05
767 -1.416e-05
773 -1.442e-05
778 -1.414e-05
783 -1.404e-05
788 -1.392e-05
793 -1.38e-05
798 -1.386e-05
804 -1.369e-05
809 -1.385e-05
814 -1.401e-05
819 -1.415e-05
824 -1.402e-05
830 -1.436e-05
835 -1.45e-05
840 -1.419e-05
845 -1.447e-05
851 -1.481e-05
856 -1.511e-05
861 -1.517e-05
867 -1.492e-05
872 -1.49e-05
877 -1.503e-05
883 -1.503e-05
888 -1.499e-05
894 -1.5e-05
899 -1.484e-05
904 -1.486e-05
909 -1.483e-05
914 -1.481e-05
920 -1.482e-05
925 -1.49e-05
930 -1.514e-05
935 -1.498e-05
940 -1.514e-05
946 -1.523e-05
951 -1.541e-05
956 -1.555e-05
961 -1.567e-05
966 -1.573e-05
972 -1.59e-05
977 -1.58e-05
982 -1.566e-05
987 -1.582e-05
992 -1.568e-05
998 -1.561e-05
1000 -1.543e-05
1010 -1.531e-05
1010 -1.523e-05
1020 -1.523e-05
1020 -1.525e-05
1030 -1.505e-05
1030 -1.523e-05
1040 -1.547e-05
1040 -1.518e-05
1050 -1.578e-05
1060 -1.608e-05
1060 -1.634e-05
1070 -1.662e-05
1070 -1.625e-05
1080 -1.668e-05
1080 -1.718e-05
1090 -1.714e-05
1090 -1.706e-05
1100 -1.719e-05
1100 -1.695e-05
1110 -1.679e-05
1110 -1.659e-05
1120 -1.605e-05
1120 -1.636e-05
1130 -1.583e-05
1130 -1.531e-05
1140 -1.511e-05
1140 -1.495e-05
1150 -1.51e-05
1160 -1.5e-05
1160 -1.492e-05
1170 -1.467e-05
1170 -1.517e-05
1180 -1.535e-05
1180 -1.572e-05
1190 -1.584e-05
1190 -1.628e-05
1200 -1.621e-05
1200 -1.648e-05
1210 -1.666e-05
1210 -1.684e-05
1220 -1.685e-05
1220 -1.652e-05
1230 -1.672e-05
1230 -1.686e-05
1240 -1.732e-05
1240 -1.666e-05
1250 -1.699e-05
1260 -1.661e-05
1260 -1.641e-05
1270 -1.625e-05
1270 -1.647e-05
1280 -1.638e-05
1280 -1.626e-05
1290 -1.61e-05
1290 -1.58e-05
1300 -1.608e-05
1300 -1.561e-05
1310 -1.577e-05
1310 -1.553e-05
1320 -1.551e-05
1320 -1.543e-05
1330 -1.573e-05
1330 -1.533e-05
1340 -1.508e-05
1340 -1.542e-05
1350 -1.517e-05
1350 -1.536e-05
1360 -1.532e-05
1370 -1.569e-05
1370 -1.537e-05
1380 -1.55e-05
1380 -1.542e-05
1390 -1.54e-05
1390 -1.566e-05
1400 -1.499e-05
1410 -1.58e-05
1410 -1.57e-05
1420 -1.564e-05
1420 -1.577e-05
1430 -1.617e-05
1430 -1.638e-05
1440 -1.615e-05
1450 -1.695e-05
1450 -1.682e-05
1460 -1.699e-05
1460 -1.633e-05
1470 -1.649e-05
1470 -1.631e-05
1480 -1.614e-05
1480 -1.602e-05
1490 -1.544e-05
1490 -1.585e-05
1500 -1.515e-05
1510 -1.513e-05
1510 -1.499e-05
1520 -1.513e-05
1520 -1.493e-05
1530 -1.501e-05
1530 -1.511e-05
1540 -1.507e-05
1540 -1.551e-05
1550 -1.55e-05
1560 -1.565e-05
1560 -1.601e-05
1570 -1.633e-05
1570 -1.661e-05
1580 -1.667e-05
1590 -1.692e-05
1590 -1.734e-05
1600 -1.786e-05
1600 -1.781e-05
1610 -1.782e-05
1610 -1.777e-05
1620 -1.763e-05
1620 -1.783e-05
1630 -1.765e-05
1640 -1.785e-05
1640 -1.763e-05
1650 -1.695e-05
1650 -1.659e-05
1660 -1.658e-05
1660 -1.665e-05
1670 -1.649e-05
1670 -1.645e-05
1680 -1.653e-05
1680 -1.663e-05
1690 -1.671e-05
1700 -1.698e-05
1700 -1.714e-05
1710 -1.748e-05
1710 -1.752e-05
1720 -1.72e-05
1720 -1.744e-05
1730 -1.73e-05
1730 -1.702e-05
1740 -1.648e-05
1740 -1.608e-05
1750 -1.594e-05
1750 -1.631e-05
1760 -1.551e-05
1760 -1.524e-05
1770 -1.531e-05
1770 -1.541e-05
1780 -1.529e-05
1780 -1.597e-05
1790 -1.627e-05
1800 -1.665e-05
1800 -1.691e-05
1810 -1.655e-05
1810 -1.725e-05
1820 -1.758e-05
1820 -1.77e-05
1830 -1.796e-05
1830 -1.832e-05
1840 -1.769e-05
1840 -1.793e-05
1850 -1.813e-05
1850 -1.851e-05
1860 -1.891e-05
1860 -1.826e-05
1870 -1.884e-05
1870 -1.88e-05
1880 -1.898e-05
1880 -1.895e-05
1890 -1.922e-05
1900 -1.922e-05
1900 -1.97e-05
1910 -1.908e-05
1910 -1.892e-05
1920 -1.971e-05
1920 -1.885e-05
1930 -1.923e-05
1930 -1.866e-05
1940 -1.893e-05
1940 -1.863e-05
1950 -1.863e-05
1950 -1.831e-05
1960 -1.791e-05
1960 -1.797e-05
1970 -1.783e-05
1970 -1.823e-05
1980 -1.801e-05
1980 -1.793e-05
1990 -1.731e-05
1990 -1.753e-05
2000 -1.738e-05
2000 -1.696e-05
2010 -1.776e-05
2020 -1.747e-05
2020 -1.737e-05
2030 -1.731e-05
2030 -1.731e-05
2040 -1.75e-05
2040 -1.749e-05
2050 -1.741e-05
2050 -1.768e-05
2060 -1.776e-05
2060 -1.758e-05
2070 -1.743e-05
2070 -1.737e-05
2080 -1.741e-05
2080 -1.731e-05
2090 -1.743e-05
2090 -1.746e-05
2100 -1.754e-05
2100 -1.7e-05
2110 -1.693e-05
2110 -1.719e-05
2120 -1.711e-05
2130 -1.755e-05
2130 -1.736e-05
2140 -1.762e-05
2140 -1.744e-05
2150 -1.762e-05
2150 -1.774e-05
2160 -1.782e-05
2160 -1.797e-05
2170 -1.769e-05
2170 -1.774e-05
2180 -1.746e-05
2190 -1.729e-05
2190 -1.695e-05
2200 -1.705e-05
2200 -1.721e-05
2210 -1.687e-05
2210 -1.729e-05
2220 -1.733e-05
2220 -1.743e-05
2230 -1.741e-05
2230 -1.723e-05
2240 -1.713e-05
2240 -1.709e-05
2250 -1.727e-05
2250 -1.725e-05
2260 -1.716e-05
2260 -1.684e-05
2270 -1.684e-05
2280 -1.643e-05
2280 -1.718e-05
2290 -1.686e-05
2290 -1.722e-05
2300 -1.713e-05
2300 -1.695e-05
2310 -1.685e-05
2310 -1.689e-05
2320 -1.707e-05
2330 -1.705e-05
2330 -1.744e-05
2340 -1.644e-05
2340 -1.684e-05
2350 -1.698e-05
2350 -1.723e-05
2360 -1.737e-05
2360 -1.713e-05
2370 -1.732e-05
2370 -1.722e-05
2380 -1.68e-05
2380 -1.652e-05
2390 -1.698e-05
2390 -1.722e-05
2400 -1.674e-05
2400 -1.643e-05
2410 -1.627e-05
2410 -1.653e-05
2420 -1.651e-05
2420 -1.655e-05
2430 -1.678e-05
2440 -1.7e-05
2440 -1.662e-05
2450 -1.642e-05
2450 -1.674e-05
2460 -1.691e-05
2460 -1.651e-05
2470 -1.649e-05
2470 -1.643e-05
2480 -1.615e-05
2480 -1.628e-05
2490 -1.593e-05
2490 -1.637e-05
2500 -1.633e-05
2500 -1.607e-05
2510 -1.623e-05
2510 -1.653e-05
2520 -1.631e-05
2520 -1.679e-05
2530 -1.683e-05
2530 -1.701e-05
2540 -1.703e-05
2550 -1.727e-05
2550 -1.713e-05
2560 -1.727e-05
2560 -1.725e-05
2570 -1.727e-05
2570 -1.747e-05
2580 -1.695e-05
2580 -1.654e-05
2590 -1.624e-05
2590 -1.641e-05
2600 -1.603e-05
2600 -1.595e-05
2610 -1.576e-05
2610 -1.57e-05
2620 -1.572e-05
2620 -1.578e-05
2630 -1.582e-05
2630 -1.615e-05
2640 -1.627e-05
2640 -1.631e-05
2650 -1.639e-05
2650 -1.657e-05
2660 -1.688e-05
2670 -1.659e-05
2670 -1.657e-05
2680 -1.649e-05
2680 -1.596e-05
2690 -1.626e-05
2690 -1.628e-05
2700 -1.652e-05
2700 -1.66e-05
2710 -1.625e-05
2710 -1.583e-05
2720 -1.618e-05
2720 -1.618e-05
2730 -1.624e-05
2730 -1.656e-05
2740 -1.672e-05
2740 -1.672e-05
2750 -1.668e-05
2750 -1.644e-05
2760 -1.667e-05
2760 -1.717e-05
2770 -1.711e-05
2770 -1.719e-05
2780 -1.688e-05
2790 -1.717e-05
2790 -1.669e-05
2800 -1.665e-05
2800 -1.659e-05
2810 -1.632e-05
2810 -1.646e-05
2820 -1.646e-05
2820 -1.652e-05
2830 -1.65e-05
2830 -1.632e-05
2840 -1.648e-05
2840 -1.706e-05
2850 -1.708e-05
2850 -1.72e-05
2860 -1.785e-05
2860 -1.777e-05
2870 -1.799e-05
2870 -1.774e-05
2880 -1.81e-05
2880 -1.833e-05
2890 -1.833e-05
2890 -1.853e-05
2900 -1.814e-05
2910 -1.834e-05
2910 -1.816e-05
2920 -1.844e-05
2920 -1.803e-05
2930 -1.862e-05
2930 -1.803e-05
2940 -1.801e-05
2940 -1.766e-05
2950 -1.735e-05
2950 -1.796e-05
2960 -1.735e-05
2960 -1.755e-05
2970 -1.712e-05
2980 -1.773e-05
2980 -1.723e-05
2990 -1.763e-05
2990 -1.784e-05
3000 -1.835e-05
3000 -1.849e-05
3010 -1.845e-05
3020 -1.877e-05
3020 -1.855e-05
3030 -1.896e-05
3030 -1.815e-05
3040 -1.883e-05
3040 -1.867e-05
3050 -1.93e-05
3050 -1.855e-05
3060 -1.854e-05
3070 -1.806e-05
3070 -1.825e-05
3080 -1.827e-05
3080 -1.833e-05
3090 -1.843e-05
3090 -1.795e-05
3100 -1.765e-05
3110 -1.705e-05
3110 -1.75e-05
3120 -1.752e-05
3120 -1.761e-05
3130 -1.719e-05
3130 -1.704e-05
3140 -1.732e-05
3140 -1.716e-05
3150 -1.734e-05
3160 -1.757e-05
3160 -1.741e-05
3170 -1.771e-05
3170 -1.73e-05
3180 -1.765e-05
3180 -1.795e-05
3190 -1.79e-05
3190 -1.702e-05
3200 -1.767e-05
3200 -1.712e-05
3210 -1.706e-05
3220 -1.722e-05
3220 -1.678e-05
3230 -1.659e-05
3230 -1.639e-05
3240 -1.611e-05
3240 -1.613e-05
3250 -1.637e-05
3250 -1.615e-05
3260 -1.61e-05
3260 -1.626e-05
3270 -1.598e-05
3270 -1.6e-05
3280 -1.632e-05
3280 -1.615e-05
3290 -1.627e-05
3300 -1.638e-05
3300 -1.68e-05
3310 -1.64e-05
3310 -1.698e-05
3320 -1.702e-05
3320 -1.723e-05
3330 -1.763e-05
3330 -1.773e-05
3340 -1.765e-05
3340 -1.725e-05
3350 -1.754e-05
3350 -1.726e-05
3360 -1.739e-05
3360 -1.729e-05
3370 -1.733e-05
3370 -1.772e-05
3380 -1.758e-05
3390 -1.715e-05
3390 -1.77e-05
3400 -1.82e-05
3400 -1.78e-05
3410 -1.782e-05
3410 -1.815e-05
3420 -1.805e-05
3420 -1.774e-05
3430 -1.724e-05
3430 -1.714e-05
3440 -1.767e-05
3440 -1.739e-05
3450 -1.71e-05
3450 -1.746e-05
3460 -1.742e-05
3460 -1.712e-05
3470 -1.708e-05
3470 -1.703e-05
3480 -1.755e-05
3480 -1.717e-05
3490 -1.707e-05
3490 -1.725e-05
3500 -1.756e-05
3510 -1.714e-05
3510 -1.714e-05
3520 -1.701e-05
3520 -1.717e-05
3530 -1.743e-05
3530 -1.733e-05
3540 -1.731e-05
3540 -1.743e-05
3550 -1.691e-05
3550 -1.667e-05
3560 -1.689e-05
3560 -1.677e-05
3570 -1.696e-05
3570 -1.634e-05
3580 -1.628e-05
3580 -1.577e-05
3590 -1.607e-05
3600 -1.571e-05
3600 -1.597e-05
3610 -1.563e-05
3610 -1.557e-05
3620 -1.505e-05
3620 -1.513e-05
3630 -1.555e-05
3630 -1.528e-05
3640 -1.543e-05
3640 -1.535e-05
3650 -1.545e-05
3650 -1.547e-05
3660 -1.547e-05
3660 -1.553e-05
3670 -1.617e-05
3670 -1.613e-05
3680 -1.588e-05
3680 -1.62e-05
3690 -1.62e-05
3690 -1.71333333333333e-05
3700 -1.66e-05
