196 -2.2e-06
201 -3.7675e-06
207 -3.854e-06
212 -4.574e-06
217 -4.907e-06
222 -5.354e-06
227 -5.431e-06
233 -5.69133333333333e-06
238 -6.22466666666667e-06
243 -6.6635e-06
249 -7.0785e-06
255 -7.4385e-06
261 -7.7715e-06
266 -8.0315e-06
272 -8.3815e-06
277 -8.5215e-06
282 -8.8015e-06
288 -9.0115e-06
293 -9.3315e-06
299 -9.5915e-06
305 -9.848e-06
310 -9.9965e-06
316 -1.0145e-05
321 -1.0285e-05
326 -1.026e-05
331 -1.036e-05
336 -1.0255e-05
342 -1.06365e-05
347 -1.05865e-05
352 -1.07e-05
357 -1.069e-05
364 -1.071e-05
370 -1.0735e-05
375 -1.0795e-05
381 -1.0865e-05
386 -1.1125e-05
392 -1.1205e-05
397 -1.11115e-05
402 -1.11215e-05
407 -1.13115e-05
413 -1.13865e-05
418 -1.16595e-05
424 -1.17045e-05
429 -1.17945e-05
434 -1.1753e-05
439 -1.1678e-05
444 -1.1783e-05
450 -1.1713e-05
455 -1.1773e-05
460 -1.1813e-05
466 -1.1928e-05
471 -1.1958e-05
477 -1.1945e-05
482 -1.2005e-05
489 -1.1935e-05
495 -1.1925e-05
500 -1.1935e-05
505 -1.20535e-05
511 -1.21135e-05
516 -1.20035e-05
521 -1.20085e-05
526 -1.20285e-05
533 -1.191e-05
538 -1.213e-05
544 -1.238e-05
549 -1.2555e-05
554 -1.2475e-05
560 -1.2525e-05
565 -1.2565e-05
570 -1.24165e-05
575 -1.24665e-05
580 -1.23965e-05
586 -1.2608e-05
591 -1.2738e-05
597 -1.26365e-05
602 -1.26465e-05
607 -1.26015e-05
612 -1.28065e-05
618 -1.28365e-05
625 -1.29365e-05
630 -1.30565e-05
636 -1.30815e-05
641 -1.324e-05
646 -1.311e-05
652 -1.3125e-05
657 -1.3135e-05
663 -1.3345e-05
668 -1.346e-05
673 -1.3495e-05
678 -1.36335e-05
683 -1.37035e-05
689 -1.39185e-05
694 -1.38285e-05
699 -1.35885e-05
705 -1.385e-05
710 -1.377e-05
715 -1.3895e-05
721 -1.3795e-05
727 -1.3955e-05
732 -1.3945e-05
737 -1.3825e-05
743 -1.369e-05
749 -1.3655e-05
754 -1.346e-05
759 -1.3435e-05
765 -1.3455e-05
770 -1.3425e-05
776 -1.324e-05
781 -1.3455e-05
786 -1.3435e-05
791 -1.3275e-05
797 -1.325e-05
803 -1.341e-05
809 -1.361e-05
815 -1.354e-05
820 -1.374e-05
825 -1.377e-05
831 -1.379e-05
836 -1.37e-05
842 -1.378e-05
847 -1.3745e-05
852 -1.393e-05
857 -1.4155e-05
862 -1.435e-05
868 -1.431e-05
873 -1.431e-05
878 -1.436e-05
884 -1.453e-05
889 -1.451e-05
894 -1.456e-05
900 -1.461e-05
906 -1.4495e-05
911 -1.4385e-05
916 -1.4395e-05
923 -1.4555e-05
928 -1.4605e-05
933 -1.441e-05
938 -1.46e-05
943 -1.4525e-05
949 -1.4535e-05
955 -1.474e-05
961 -1.465e-05
967 -1.467e-05
972 -1.478e-05
977 -1.4865e-05
982 -1.4785e-05
988 -1.4785e-05
993 -1.4665e-05
999 -1.4675e-05
1000 -1.4805e-05
1010 -1.4945e-05
1020 -1.496e-05
1020 -1.512e-05
1030 -1.523e-05
1030 -1.508e-05
1040 -1.51e-05
1040 -1.5265e-05
1050 -1.5175e-05
1050 -1.544e-05
1060 -1.5345e-05
1060 -1.5415e-05
1070 -1.5495e-05
1070 -1.5435e-05
1080 -1.516e-05
1080 -1.5435e-05
1090 -1.5635e-05
1100 -1.5575e-05
1100 -1.5765e-05
1110 -1.5815e-05
1110 -1.5885e-05
1120 -1.5915e-05
1120 -1.5915e-05
1130 -1.5885e-05
1140 -1.569e-05
1140 -1.581e-05
1150 -1.569e-05
1150 -1.559e-05
1160 -1.576e-05
1160 -1.546e-05
1170 -1.5495e-05
1170 -1.5405e-05
1180 -1.554e-05
1180 -1.5515e-05
1190 -1.579e-05
1190 -1.547e-05
1200 -1.559e-05
1200 -1.5615e-05
1210 -1.5685e-05
1220 -1.558e-05
1220 -1.563e-05
1230 -1.551e-05
1230 -1.5595e-05
1240 -1.5785e-05
1240 -1.604e-05
1250 -1.62e-05
1250 -1.609e-05
1260 -1.635e-05
1260 -1.614e-05
1270 -1.626e-05
1270 -1.6135e-05
1280 -1.6115e-05
1290 -1.6045e-05
1290 -1.623e-05
1300 -1.622e-05
1300 -1.629e-05
1310 -1.61e-05
1310 -1.6165e-05
1320 -1.6055e-05
1320 -1.587e-05
1330 -1.578e-05
1330 -1.585e-05
1340 -1.5955e-05
1340 -1.5835e-05
1350 -1.5775e-05
1350 -1.5635e-05
1360 -1.5785e-05
1360 -1.5795e-05
1370 -1.5855e-05
1370 -1.592e-05
1380 -1.5885e-05
1380 -1.591e-05
1390 -1.5745e-05
1400 -1.5675e-05
1400 -1.568e-05
1410 -1.577e-05
1410 -1.605e-05
1420 -1.596e-05
1420 -1.606e-05
1430 -1.642e-05
1430 -1.646e-05
1440 -1.663e-05
1440 -1.661e-05
1450 -1.6675e-05
1460 -1.646e-05
1460 -1.651e-05
1470 -1.645e-05
1470 -1.633e-05
1480 -1.634e-05
1480 -1.632e-05
1490 -1.646e-05
1490 -1.6405e-05
1500 -1.681e-05
1500 -1.6595e-05
1510 -1.639e-05
1510 -1.641e-05
1520 -1.615e-05
1530 -1.627e-05
1530 -1.621e-05
1540 -1.6175e-05
1540 -1.6245e-05
1550 -1.603e-05
1550 -1.627e-05
1560 -1.6345e-05
1560 -1.6375e-05
1570 -1.6485e-05
1570 -1.6695e-05
1580 -1.6505e-05
1580 -1.6705e-05
1590 -1.678e-05
1590 -1.685e-05
1600 -1.708e-05
1610 -1.69e-05
1610 -1.7235e-05
1620 -1.7325e-05
1620 -1.7455e-05
1630 -1.7675e-05
1630 -1.753e-05
1640 -1.755e-05
1640 -1.7565e-05
1650 -1.7495e-05
1650 -1.747e-05
1660 -1.752e-05
1670 -1.713e-05
1670 -1.7315e-05
1680 -1.7295e-05
1680 -1.7105e-05
1690 -1.7535e-05
1690 -1.7255e-05
1700 -1.7345e-05
1700 -1.7505e-05
1710 -1.7215e-05
1710 -1.7245e-05
1720 -1.7125e-05
1720 -1.6955e-05
1730 -1.6855e-05
1740 -1.6465e-05
1740 -1.657e-05
1750 -1.636e-05
1750 -1.648e-05
1760 -1.60755e-05
1760 -1.62455e-05
1770 -1.59355e-05
1770 -1.59705e-05
1780 -1.59905e-05
1780 -1.60005e-05
1790 -1.60305e-05
1790 -1.60205e-05
1800 -1.60705e-05
1810 -1.59105e-05
1810 -1.57005e-05
1820 -1.58705e-05
1820 -1.59805e-05
1830 -1.61605e-05
1830 -1.65105e-05
1840 -1.65355e-05
1850 -1.68055e-05
1850 -1.69655e-05
1860 -1.74155e-05
1860 -1.74355e-05
1870 -1.7635e-05
1870 -1.7945e-05
1880 -1.7985e-05
1880 -1.846e-05
1890 -1.866e-05
1890 -1.851e-05
1900 -1.863e-05
1900 -1.88e-05
1910 -1.883e-05
1910 -1.895e-05
1920 -1.918e-05
1920 -1.904e-05
1930 -1.904e-05
1930 -1.8845e-05
1940 -1.8965e-05
1950 -1.895e-05
1950 -1.88e-05
1960 -1.888e-05
1960 -1.849e-05
1970 -1.844e-05
1970 -1.8765e-05
1980 -1.838e-05
1980 -1.846e-05
1990 -1.829e-05
1990 -1.793e-05
2000 -1.805e-05
2000 -1.814e-05
2010 -1.7635e-05
2010 -1.7835e-05
2020 -1.7885e-05
2020 -1.7615e-05
2030 -1.7785e-05
2030 -1.752e-05
2040 -1.7575e-05
2040 -1.726e-05
2050 -1.733e-05
2050 -1.738e-05
2060 -1.7065e-05
2070 -1.7105e-05
2070 -1.7035e-05
2080 -1.6955e-05
2080 -1.71e-05
2090 -1.6905e-05
2090 -1.6905e-05
2100 -1.7065e-05
2100 -1.691e-05
2110 -1.661e-05
2120 -1.6915e-05
2120 -1.6785e-05
2130 -1.6505e-05
2130 -1.6845e-05
2140 -1.677e-05
2140 -1.7005e-05
2150 -1.7145e-05
2150 -1.742e-05
2160 -1.752e-05
2160 -1.745e-05
2170 -1.7485e-05
2170 -1.737e-05
2180 -1.735e-05
2180 -1.743e-05
2190 -1.725e-05
2200 -1.7355e-05
2200 -1.7165e-05
2210 -1.703e-05
2210 -1.7235e-05
2220 -1.7485e-05
2220 -1.7415e-05
2230 -1.7495e-05
2230 -1.751e-05
2240 -1.728e-05
2250 -1.7145e-05
2250 -1.7115e-05
2260 -1.692e-05
2260 -1.667e-05
2270 -1.661e-05
2270 -1.666e-05
2280 -1.683e-05
2280 -1.7075e-05
2290 -1.698e-05
2290 -1.687e-05
2300 -1.675e-05
2300 -1.6685e-05
2310 -1.6835e-05
2320 -1.693e-05
2320 -1.69e-05
2330 -1.6685e-05
2330 -1.6675e-05
2340 -1.6665e-05
2340 -1.6455e-05
2350 -1.6345e-05
2360 -1.6595e-05
2360 -1.6515e-05
2370 -1.65e-05
2370 -1.663e-05
2380 -1.659e-05
2380 -1.663e-05
2390 -1.6295e-05
2390 -1.6365e-05
2400 -1.641e-05
2410 -1.642e-05
2410 -1.638e-05
2420 -1.6495e-05
2420 -1.6485e-05
2430 -1.635e-05
2430 -1.628e-05
2440 -1.6395e-05
2440 -1.63e-05
2450 -1.612e-05
2450 -1.6375e-05
2460 -1.6545e-05
2460 -1.632e-05
2470 -1.625e-05
2470 -1.613e-05
2480 -1.61e-05
2490 -1.592e-05
2490 -1.58e-05
2500 -1.595e-05
2500 -1.587e-05
2510 -1.5755e-05
2510 -1.5805e-05
2520 -1.5955e-05
2520 -1.5975e-05
2530 -1.6095e-05
2530 -1.5995e-05
2540 -1.6205e-05
2550 -1.5965e-05
2550 -1.612e-05
2560 -1.6e-05
2560 -1.621e-05
2570 -1.612e-05
2570 -1.6365e-05
2580 -1.6285e-05
2580 -1.6445e-05
2590 -1.6435e-05
2590 -1.6555e-05
2600 -1.637e-05
2600 -1.6455e-05
2610 -1.627e-05
2620 -1.6345e-05
2620 -1.6235e-05
2630 -1.621e-05
2630 -1.617e-05
2640 -1.602e-05
2640 -1.613e-05
2650 -1.589e-05
2650 -1.611e-05
2660 -1.5875e-05
2660 -1.6085e-05
2670 -1.5795e-05
2670 -1.5845e-05
2680 -1.56e-05
2690 -1.572e-05
2690 -1.558e-05
2700 -1.557e-05
2700 -1.544e-05
2710 -1.5615e-05
2710 -1.5685e-05
2720 -1.58e-05
2720 -1.588e-05
2730 -1.594e-05
2730 -1.5885e-05
2740 -1.5915e-05
2750 -1.5765e-05
2750 -1.59e-05
2760 -1.5795e-05
2760 -1.573e-05
2770 -1.5885e-05
2770 -1.5985e-05
2780 -1.6195e-05
2780 -1.59e-05
2790 -1.6085e-05
2790 -1.594e-05
2800 -1.612e-05
2800 -1.614e-05
2810 -1.6185e-05
2820 -1.6165e-05
2820 -1.6145e-05
2830 -1.6255e-05
2830 -1.6e-05
2840 -1.604e-05
2840 -1.629e-05
2850 -1.629e-05
2850 -1.6315e-05
2860 -1.6195e-05
2860 -1.642e-05
2870 -1.6625e-05
2870 -1.647e-05
2880 -1.65e-05
2890 -1.673e-05
2890 -1.685e-05
2900 -1.696e-05
2900 -1.7165e-05
2910 -1.716e-05
2910 -1.704e-05
2920 -1.7265e-05
2920 -1.7655e-05
2930 -1.7605e-05
2930 -1.7585e-05
2940 -1.768e-05
2940 -1.778e-05
2950 -1.757e-05
2950 -1.774e-05
2960 -1.7925e-05
2960 -1.7785e-05
2970 -1.7765e-05
2970 -1.7895e-05
2980 -1.801e-05
2990 -1.7805e-05
2990 -1.7465e-05
3000 -1.769e-05
3000 -1.779e-05
3010 -1.768e-05
3010 -1.7955e-05
3020 -1.8215e-05
3020 -1.812e-05
3030 -1.823e-05
3040 -1.838e-05
3040 -1.86e-05
3050 -1.89e-05
3050 -1.8725e-05
3060 -1.8885e-05
3060 -1.8975e-05
3070 -1.894e-05
3070 -1.948e-05
3080 -1.934e-05
3090 -1.9055e-05
3090 -1.9225e-05
3100 -1.931e-05
3100 -1.954e-05
3110 -1.962e-05
3110 -1.9265e-05
3120 -1.9545e-05
3120 -1.912e-05
3130 -1.883e-05
3130 -1.9035e-05
3140 -1.8845e-05
3140 -1.865e-05
3150 -1.8215e-05
3150 -1.8135e-05
3160 -1.847e-05
3170 -1.8295e-05
3170 -1.8145e-05
3180 -1.811e-05
3180 -1.773e-05
3190 -1.7795e-05
3190 -1.792e-05
3200 -1.769e-05
3200 -1.78e-05
3210 -1.768e-05
3210 -1.738e-05
3220 -1.7625e-05
3230 -1.7155e-05
3230 -1.724e-05
3240 -1.738e-05
3240 -1.6995e-05
3250 -1.6835e-05
3250 -1.677e-05
3260 -1.678e-05
3260 -1.661e-05
3270 -1.615e-05
3270 -1.6365e-05
3280 -1.6205e-05
3290 -1.6105e-05
3290 -1.6185e-05
3300 -1.615e-05
3300 -1.606e-05
3310 -1.6035e-05
3310 -1.5955e-05
3320 -1.6035e-05
3330 -1.6365e-05
3330 -1.594e-05
3340 -1.631e-05
3340 -1.641e-05
3350 -1.654e-05
3350 -1.6715e-05
3360 -1.6785e-05
3360 -1.6945e-05
3370 -1.694e-05
3370 -1.714e-05
3380 -1.72e-05
3380 -1.722e-05
3390 -1.7165e-05
3390 -1.7355e-05
3400 -1.7515e-05
3400 -1.7485e-05
3410 -1.7455e-05
3410 -1.769e-05
3420 -1.7585e-05
3420 -1.7515e-05
3430 -1.7385e-05
3440 -1.7575e-05
3440 -1.7475e-05
3450 -1.7495e-05
3450 -1.7275e-05
3460 -1.7325e-05
3460 -1.7215e-05
3470 -1.7205e-05
3470 -1.7465e-05
3480 -1.7445e-05
3480 -1.7435e-05
3490 -1.7295e-05
3490 -1.738e-05
3500 -1.72e-05
3500 -1.721e-05
3510 -1.701e-05
3520 -1.709e-05
3520 -1.723e-05
3530 -1.724e-05
3530 -1.694e-05
3540 -1.692e-05
3540 -1.686e-05
3550 -1.692e-05
3550 -1.687e-05
3560 -1.692e-05
3560 -1.686e-05
3570 -1.687e-05
3570 -1.684e-05
3580 -1.672e-05
3590 -1.648e-05
3590 -1.674e-05
3600 -1.6635e-05
3600 -1.6405e-05
3610 -1.636e-05
3610 -1.62e-05
3620 -1.646e-05
3620 -1.634e-05
3630 -1.5885e-05
3630 -1.61666666666667e-05
3640 -1.62533333333333e-05
3640 -1.59e-05
3650 -1.578e-05
3660 -1.549e-05
3660 -1.5e-05
3670 -1.542e-05
3670 -1.56e-05
3680 -1.55e-05
3680 -1.37e-05
