168 -2.6e-06
173 -4.1e-06
178 -3.946e-06
183 -4.266e-06
189 -4.626e-06
194 -4.746e-06
199 -4.626e-06
204 -4.694e-06
209 -4.974e-06
215 -5.094e-06
220 -5.334e-06
225 -5.214e-06
230 -5.8e-06
236 -5.96e-06
241 -6.24e-06
246 -6.64e-06
251 -6.64e-06
256 -6.84e-06
262 -7.08e-06
267 -6.84e-06
272 -6.8e-06
277 -7.4e-06
282 -7.214e-06
287 -7.014e-06
293 -7.334e-06
298 -7.374e-06
303 -7.108e-06
308 -7.054e-06
314 -7.414e-06
319 -7.574e-06
324 -7.348e-06
329 -7.414e-06
335 -7.854e-06
340 -7.774e-06
345 -7.414e-06
350 -7.414e-06
355 -7.734e-06
361 -7.734e-06
366 -7.534e-06
371 -7.974e-06
376 -8.174e-06
381 -8.334e-06
387 -8.294e-06
392 -8.774e-06
397 -8.934e-06
402 -9.066e-06
407 -8.826e-06
413 -9.306e-06
418 -9.666e-06
423 -9.866e-06
428 -1e-05
433 -1.048e-05
439 -1.008e-05
444 -1.004e-05
449 -9.96e-06
454 -9.994e-06
459 -9.994e-06
465 -9.994e-06
470 -9.528e-06
475 -9.568e-06
481 -9.854e-06
486 -1.0014e-05
491 -1.0494e-05
496 -1.026e-05
501 -1.026e-05
507 -1.034e-05
512 -1.03e-05
517 -1.038e-05
522 -1.068e-05
527 -1.032e-05
533 -1.04e-05
538 -1.044e-05
543 -1.044e-05
548 -1.0606e-05
553 -1.1086e-05
559 -1.0766e-05
564 -1.0886e-05
569 -1.0926e-05
574 -1.096e-05
579 -1.116e-05
585 -1.164e-05
590 -1.16e-05
595 -1.124e-05
600 -1.156e-05
606 -1.144e-05
611 -1.088e-05
616 -1.088e-05
621 -1.0814e-05
626 -1.0774e-05
632 -1.0654e-05
637 -1.0854e-05
642 -1.0734e-05
647 -1.0666e-05
652 -1.0466e-05
658 -1.0026e-05
663 -1.0146e-05
668 -1.0306e-05
673 -1.048e-05
678 -1.08e-05
684 -1.144e-05
689 -1.136e-05
694 -1.16e-05
699 -1.166e-05
704 -1.182e-05
710 -1.234e-05
715 -1.29e-05
720 -1.242e-05
725 -1.296e-05
731 -1.32e-05
736 -1.296e-05
741 -1.254e-05
746 -1.298e-05
752 -1.29e-05
757 -1.266e-05
762 -1.204e-05
767 -1.218e-05
773 -1.198e-05
778 -1.182e-05
783 -1.1226e-05
788 -1.1086e-05
794 -1.0966e-05
799 -1.0766e-05
804 -1.0846e-05
809 -1.058e-05
814 -1.122e-05
820 -1.15e-05
825 -1.202e-05
830 -1.21e-05
835 -1.26e-05
840 -1.268e-05
846 -1.276e-05
851 -1.268e-05
856 -1.284e-05
861 -1.288e-05
866 -1.28e-05
872 -1.276e-05
877 -1.232e-05
882 -1.216e-05
888 -1.248e-05
893 -1.206e-05
898 -1.198e-05
904 -1.222e-05
909 -1.21e-05
914 -1.168e-05
919 -1.21e-05
925 -1.174e-05
930 -1.178e-05
936 -1.16e-05
941 -1.21e-05
947 -1.198e-05
952 -1.238e-05
957 -1.246e-05
962 -1.244e-05
967 -1.26e-05
973 -1.25e-05
978 -1.27e-05
984 -1.298e-05
989 -1.302e-05
995 -1.302e-05
1000 -1.344e-05
1010 -1.332e-05
1010 -1.268e-05
1020 -1.3e-05
1020 -1.312e-05
1030 -1.304e-05
1030 -1.3e-05
1040 -1.2534e-05
1040 -1.2614e-05
1050 -1.2294e-05
1050 -1.2054e-05
1060 -1.1854e-05
1060 -1.2086e-05
1070 -1.1806e-05
1070 -1.1526e-05
1080 -1.0926e-05
1080 -1.0846e-05
1090 -1.0714e-05
1090 -1.0554e-05
1100 -1.0634e-05
1100 -1.1154e-05
1110 -1.0768e-05
1110 -1.1294e-05
1120 -1.1414e-05
1130 -1.0974e-05
1130 -1.0654e-05
1140 -1.108e-05
1140 -1.116e-05
1150 -1.12e-05
1150 -1.156e-05
1160 -1.142e-05
1160 -1.094e-05
1170 -1.09e-05
1170 -1.09e-05
1180 -1.114e-05
1180 -1.14e-05
1190 -1.216e-05
1190 -1.24e-05
1200 -1.26e-05
1200 -1.26e-05
1210 -1.254e-05
1210 -1.246e-05
1220 -1.242e-05
1220 -1.246e-05
1230 -1.214e-05
1230 -1.26e-05
1240 -1.224e-05
1250 -1.224e-05
1250 -1.18e-05
1260 -1.22e-05
1260 -1.184e-05
1270 -1.22e-05
1270 -1.208e-05
1280 -1.204e-05
1280 -1.2e-05
1290 -1.24e-05
1290 -1.244e-05
1300 -1.244e-05
1300 -1.238e-05
1310 -1.234e-05
1320 -1.23e-05
1320 -1.184e-05
1330 -1.196e-05
1330 -1.242e-05
1340 -1.242e-05
1340 -1.246e-05
1350 -1.256e-05
1350 -1.26e-05
1360 -1.252e-05
1360 -1.264e-05
1370 -1.218e-05
1370 -1.206e-05
1380 -1.202e-05
1380 -1.154e-05
1390 -1.134e-05
1390 -1.176e-05
1400 -1.184e-05
1400 -1.188e-05
1410 -1.252e-05
1420 -1.21e-05
1420 -1.21e-05
1430 -1.246e-05
1430 -1.246e-05
1440 -1.1678e-05
1440 -1.2258e-05
1450 -1.1698e-05
1450 -1.1538e-05
1460 -1.1458e-05
1460 -1.176e-05
1470 -1.184e-05
1480 -1.236e-05
1480 -1.206e-05
1490 -1.198e-05
1490 -1.23e-05
1500 -1.162e-05
1500 -1.116e-05
1510 -1.158e-05
1510 -1.154e-05
1520 -1.126e-05
1520 -1.166e-05
1530 -1.164e-05
1530 -1.152e-05
1540 -1.152e-05
1550 -1.176e-05
1550 -1.172e-05
1560 -1.174e-05
1560 -1.182e-05
1570 -1.186e-05
1570 -1.158e-05
1580 -1.17e-05
1580 -1.172e-05
1590 -1.172e-05
1590 -1.164e-05
1600 -1.154e-05
1600 -1.154e-05
1610 -1.17e-05
1610 -1.182e-05
1620 -1.198e-05
1620 -1.218e-05
1630 -1.246e-05
1640 -1.294e-05
1640 -1.314e-05
1650 -1.342e-05
1650 -1.342e-05
1660 -1.282e-05
1660 -1.29e-05
1670 -1.282e-05
1670 -1.234e-05
1680 -1.284e-05
1680 -1.344e-05
1690 -1.29e-05
1690 -1.29e-05
1700 -1.33e-05
1700 -1.31e-05
1710 -1.24e-05
1710 -1.266e-05
1720 -1.198e-05
1720 -1.136e-05
1730 -1.132e-05
1740 -1.178e-05
1740 -1.182e-05
1750 -1.226e-05
1750 -1.216e-05
1760 -1.2e-05
1760 -1.192e-05
1770 -1.2e-05
1770 -1.2e-05
1780 -1.212e-05
1780 -1.216e-05
1790 -1.174e-05
1790 -1.154e-05
1800 -1.11e-05
1800 -1.15e-05
1810 -1.17e-05
1810 -1.18e-05
1820 -1.188e-05
1820 -1.232e-05
1830 -1.172e-05
1830 -1.168e-05
1840 -1.156e-05
1840 -1.144e-05
1850 -1.14e-05
1860 -1.18e-05
1860 -1.124e-05
1870 -1.148e-05
1870 -1.148e-05
1880 -1.136e-05
1880 -1.1e-05
1890 -1.1e-05
1890 -1.112e-05
1900 -1.124e-05
1900 -1.128e-05
1910 -1.128e-05
1910 -1.138e-05
1920 -1.138e-05
1920 -1.13e-05
1930 -1.142e-05
1930 -1.214e-05
1940 -1.1706e-05
1940 -1.1986e-05
1950 -1.2066e-05
1950 -1.2146e-05
1960 -1.1566e-05
1960 -1.246e-05
1970 -1.234e-05
1980 -1.238e-05
1980 -1.196e-05
1990 -1.258e-05
1990 -1.258e-05
2000 -1.202e-05
2000 -1.162e-05
2010 -1.196e-05
2010 -1.176e-05
2020 -1.168e-05
2020 -1.232e-05
2030 -1.22e-05
2030 -1.216e-05
2040 -1.16e-05
2040 -1.16e-05
2050 -1.14e-05
2050 -1.15e-05
2060 -1.158e-05
2060 -1.222e-05
2070 -1.194e-05
2070 -1.214e-05
2080 -1.22e-05
2090 -1.296e-05
2090 -1.272e-05
2100 -1.328e-05
2100 -1.338e-05
2110 -1.338e-05
2110 -1.27e-05
2120 -1.286e-05
2130 -1.238e-05
2130 -1.236e-05
2140 -1.23e-05
2140 -1.246e-05
2150 -1.258e-05
2150 -1.254e-05
2160 -1.278e-05
2160 -1.34e-05
2170 -1.356e-05
2170 -1.324e-05
2180 -1.38e-05
2180 -1.314e-05
2190 -1.298e-05
2190 -1.278e-05
2200 -1.298e-05
2200 -1.232e-05
2210 -1.254e-05
2220 -1.246e-05
2220 -1.19e-05
2230 -1.186e-05
2230 -1.224e-05
2240 -1.186e-05
2240 -1.178e-05
2250 -1.214e-05
2250 -1.226e-05
2260 -1.19e-05
2260 -1.236e-05
2270 -1.236e-05
2270 -1.188e-05
2280 -1.176e-05
2280 -1.212e-05
2290 -1.152e-05
2290 -1.148e-05
2300 -1.192e-05
2300 -1.176e-05
2310 -1.124e-05
2310 -1.128e-05
2320 -1.12e-05
2330 -1.12e-05
2330 -1.128e-05
2340 -1.134e-05
2340 -1.1234e-05
2350 -1.1354e-05
2350 -1.1354e-05
2360 -1.1434e-05
2360 -1.1774e-05
2370 -1.184e-05
2370 -1.176e-05
2380 -1.172e-05
2380 -1.1166e-05
2390 -1.1086e-05
2390 -1.1606e-05
2400 -1.1246e-05
2400 -1.1446e-05
2410 -1.16e-05
2420 -1.184e-05
2420 -1.176e-05
2430 -1.176e-05
2430 -1.144e-05
2440 -1.168e-05
2440 -1.144e-05
2450 -1.088e-05
2450 -1.0846e-05
2460 -1.0966e-05
2460 -1.0886e-05
2470 -1.1166e-05
2470 -1.1166e-05
2480 -1.1166e-05
2480 -1.1046e-05
2490 -1.1006e-05
2490 -1.0766e-05
2500 -1.1206e-05
2500 -1.084e-05
2510 -1.1e-05
2510 -1.124e-05
2520 -1.144e-05
2520 -1.164e-05
2530 -1.22e-05
2530 -1.236e-05
2540 -1.272e-05
2550 -1.296e-05
2550 -1.324e-05
2560 -1.332e-05
2560 -1.292e-05
2570 -1.284e-05
2570 -1.264e-05
2580 -1.24e-05
2580 -1.222e-05
2590 -1.262e-05
2590 -1.196e-05
2600 -1.184e-05
2600 -1.168e-05
2610 -1.21e-05
2610 -1.152e-05
2620 -1.138e-05
2620 -1.134e-05
2630 -1.138e-05
2630 -1.13e-05
2640 -1.13e-05
2640 -1.13e-05
2650 -1.13e-05
2660 -1.13e-05
2660 -1.13e-05
2670 -1.128e-05
2670 -1.188e-05
2680 -1.204e-05
2680 -1.216e-05
2690 -1.244e-05
2690 -1.266e-05
2700 -1.282e-05
2700 -1.294e-05
2710 -1.31e-05
2710 -1.322e-05
2720 -1.316e-05
2720 -1.296e-05
2730 -1.284e-05
2730 -1.256e-05
2740 -1.18e-05
2740 -1.164e-05
2750 -1.168e-05
2750 -1.144e-05
2760 -1.1e-05
2760 -1.086e-05
2770 -1.126e-05
2780 -1.126e-05
2780 -1.146e-05
2790 -1.202e-05
2790 -1.232e-05
2800 -1.248e-05
2800 -1.26e-05
2810 -1.22e-05
2810 -1.212e-05
2820 -1.198e-05
2820 -1.194e-05
2830 -1.186e-05
2830 -1.226e-05
2840 -1.1646e-05
2840 -1.2226e-05
2850 -1.2346e-05
2850 -1.2586e-05
2860 -1.2946e-05
2860 -1.376e-05
2870 -1.348e-05
2870 -1.392e-05
2880 -1.388e-05
2890 -1.384e-05
2890 -1.396e-05
2900 -1.39e-05
2900 -1.314e-05
2910 -1.326e-05
2910 -1.314e-05
2920 -1.35e-05
2920 -1.344e-05
2930 -1.324e-05
2930 -1.304e-05
2940 -1.344e-05
2940 -1.26e-05
2950 -1.25e-05
2950 -1.254e-05
2960 -1.238e-05
2960 -1.198e-05
2970 -1.23e-05
2970 -1.262e-05
2980 -1.258e-05
2980 -1.286e-05
2990 -1.23e-05
2990 -1.222e-05
3000 -1.244e-05
3010 -1.276e-05
3010 -1.204e-05
3020 -1.204e-05
3020 -1.208e-05
3030 -1.204e-05
3030 -1.22e-05
3040 -1.268e-05
3040 -1.268e-05
3050 -1.288e-05
3050 -1.304e-05
3060 -1.306e-05
3060 -1.306e-05
3070 -1.394e-05
3070 -1.368e-05
3080 -1.38e-05
3080 -1.35e-05
3090 -1.386e-05
3090 -1.362e-05
3100 -1.332e-05
3100 -1.324e-05
3110 -1.364e-05
3120 -1.34e-05
3120 -1.29e-05
3130 -1.35e-05
3130 -1.306e-05
3140 -1.31e-05
3140 -1.334e-05
3150 -1.2934e-05
3150 -1.2894e-05
3160 -1.3614e-05
3160 -1.3374e-05
3170 -1.2814e-05
3170 -1.314e-05
3180 -1.31e-05
3180 -1.274e-05
3190 -1.306e-05
3190 -1.354e-05
3200 -1.362e-05
3200 -1.358e-05
3210 -1.358e-05
3210 -1.346e-05
3220 -1.338e-05
3220 -1.344e-05
3230 -1.352e-05
3240 -1.36e-05
3240 -1.344e-05
3250 -1.364e-05
3250 -1.39e-05
3260 -1.378e-05
3260 -1.366e-05
3270 -1.39e-05
3270 -1.346e-05
3280 -1.314e-05
3280 -1.306e-05
3290 -1.306e-05
3290 -1.294e-05
3300 -1.302e-05
3300 -1.2514e-05
3310 -1.2634e-05
3310 -1.2594e-05
3320 -1.2634e-05
3320 -1.2674e-05
3330 -1.31e-05
3330 -1.314e-05
3340 -1.318e-05
3350 -1.306e-05
3350 -1.31e-05
3360 -1.31e-05
3360 -1.306e-05
3370 -1.282e-05
3370 -1.306e-05
3380 -1.27e-05
3380 -1.284e-05
3390 -1.288e-05
3390 -1.324e-05
3400 -1.32e-05
3400 -1.368e-05
3410 -1.364e-05
3410 -1.428e-05
3420 -1.3374e-05
3420 -1.4054e-05
3430 -1.3614e-05
3430 -1.3854e-05
3440 -1.3374e-05
3450 -1.424e-05
3450 -1.316e-05
3460 -1.356e-05
3460 -1.376e-05
3470 -1.32e-05
3470 -1.312e-05
3480 -1.34e-05
3480 -1.28e-05
3490 -1.284e-05
3490 -1.348e-05
3500 -1.368e-05
3500 -1.336e-05
3510 -1.36e-05
3510 -1.372e-05
3520 -1.368e-05
3520 -1.372e-05
3530 -1.378e-05
3530 -1.438e-05
3540 -1.446e-05
3550 -1.4e-05
3550 -1.48e-05
3560 -1.438e-05
3560 -1.494e-05
3570 -1.498e-05
3570 -1.512e-05
3580 -1.39e-05
3580 -1.494e-05
3590 -1.424e-05
3590 -1.404e-05
3600 -1.428e-05
3610 -1.398e-05
3610 -1.374e-05
3620 -1.32e-05
3620 -1.312e-05
3630 -1.28e-05
3630 -1.2326e-05
3640 -1.2766e-05
3640 -1.2546e-05
3650 -1.2346e-05
3650 -1.1886e-05
3660 -1.268e-05
3670 -1.188e-05
3670 -1.23e-05
3680 -1.19e-05
3680 -1.20666666666667e-05
3690 -1.1e-05
