168 -2.6e-06
173 -3.4e-06
178 -4.6e-06
183 -4.51e-06
189 -4.57666666666667e-06
194 -4.31e-06
199 -4.73333333333333e-06
204 -5.2e-06
209 -4.62333333333333e-06
215 -4.95666666666667e-06
220 -5.09e-06
225 -5.8e-06
230 -5.6e-06
236 -5.8e-06
241 -6e-06
246 -6.8e-06
251 -7.2e-06
256 -6.73333333333333e-06
262 -6.8e-06
267 -6.73333333333333e-06
272 -7.13333333333333e-06
277 -7.13333333333333e-06
282 -7.26666666666667e-06
287 -7.42333333333333e-06
293 -7.09e-06
298 -7.02333333333333e-06
303 -7.4e-06
308 -7.42333333333333e-06
314 -6.95666666666667e-06
319 -7.15666666666667e-06
324 -7.8e-06
329 -7.89e-06
335 -7.42333333333333e-06
340 -7.42333333333333e-06
345 -7.86666666666667e-06
350 -7.8e-06
355 -7.15666666666667e-06
361 -7.35666666666667e-06
366 -7.95666666666667e-06
371 -8.06666666666667e-06
376 -8.2e-06
381 -7.89e-06
387 -8.69e-06
392 -8.49e-06
397 -9.06666666666667e-06
402 -9.2e-06
407 -9.17666666666667e-06
413 -8.77666666666667e-06
418 -9.11e-06
423 -1.00666666666667e-05
428 -1.09333333333333e-05
433 -1.03333333333333e-05
439 -1.01333333333333e-05
444 -9.46666666666667e-06
449 -1.01333333333333e-05
454 -1.00666666666667e-05
459 -1.019e-05
465 -1.00566666666667e-05
470 -9.52333333333333e-06
475 -9.35666666666667e-06
481 -9.35666666666667e-06
486 -9.95666666666667e-06
491 -1.08666666666667e-05
496 -1.10666666666667e-05
501 -1.00333333333333e-05
507 -9.76666666666667e-06
512 -9.7e-06
517 -1.09333333333333e-05
522 -1.12666666666667e-05
527 -1.06e-05
533 -9.8e-06
538 -9.73333333333333e-06
543 -1.05333333333333e-05
548 -1.14666666666667e-05
553 -1.09433333333333e-05
559 -1.08766666666667e-05
564 -1.02766666666667e-05
569 -1.1e-05
574 -1.12e-05
579 -1.12666666666667e-05
585 -1.13333333333333e-05
590 -1.14666666666667e-05
595 -1.20666666666667e-05
600 -1.13333333333333e-05
606 -1.11333333333333e-05
611 -1.10666666666667e-05
616 -1.08666666666667e-05
621 -1.09333333333333e-05
626 -1.029e-05
632 -1.09566666666667e-05
637 -1.069e-05
642 -1.09333333333333e-05
647 -1.08666666666667e-05
652 -1.031e-05
658 -1.031e-05
663 -9.51e-06
668 -1.00666666666667e-05
673 -1.06e-05
678 -1.10666666666667e-05
684 -1.14e-05
689 -1.14e-05
694 -1.15333333333333e-05
699 -1.19333333333333e-05
704 -1.14333333333333e-05
710 -1.21666666666667e-05
715 -1.26333333333333e-05
720 -1.36e-05
725 -1.29333333333333e-05
731 -1.24666666666667e-05
736 -1.26666666666667e-05
741 -1.35333333333333e-05
746 -1.29e-05
752 -1.25666666666667e-05
757 -1.23666666666667e-05
762 -1.28666666666667e-05
767 -1.19666666666667e-05
773 -1.17e-05
778 -1.14333333333333e-05
783 -1.2e-05
788 -1.12766666666667e-05
794 -1.04766666666667e-05
799 -1.02766666666667e-05
804 -1.06666666666667e-05
809 -1.16e-05
814 -1.06333333333333e-05
820 -1.12333333333333e-05
825 -1.13666666666667e-05
830 -1.30666666666667e-05
835 -1.30666666666667e-05
840 -1.24666666666667e-05
846 -1.23333333333333e-05
851 -1.24666666666667e-05
856 -1.32e-05
861 -1.33333333333333e-05
866 -1.26666666666667e-05
872 -1.25333333333333e-05
877 -1.23333333333333e-05
882 -1.22666666666667e-05
888 -1.22666666666667e-05
893 -1.22e-05
898 -1.21e-05
904 -1.20333333333333e-05
909 -1.18333333333333e-05
914 -1.23333333333333e-05
919 -1.17e-05
925 -1.19e-05
930 -1.14333333333333e-05
936 -1.2e-05
941 -1.15e-05
947 -1.23e-05
952 -1.22333333333333e-05
957 -1.27333333333333e-05
962 -1.26e-05
967 -1.22666666666667e-05
973 -1.26666666666667e-05
978 -1.23e-05
984 -1.31666666666667e-05
989 -1.32333333333333e-05
995 -1.31333333333333e-05
1000 -1.32e-05
1010 -1.30666666666667e-05
1010 -1.36666666666667e-05
1020 -1.26666666666667e-05
1020 -1.24e-05
1030 -1.28666666666667e-05
1030 -1.36666666666667e-05
1040 -1.36666666666667e-05
1040 -1.169e-05
1050 -1.169e-05
1050 -1.169e-05
1060 -1.28666666666667e-05
1060 -1.24e-05
1070 -1.13433333333333e-05
1070 -1.12766666666667e-05
1080 -1.11433333333333e-05
1080 -1.09333333333333e-05
1090 -1.08e-05
1090 -9.99e-06
1100 -1.06566666666667e-05
1100 -1.079e-05
1110 -1.16666666666667e-05
1110 -1.11566666666667e-05
1120 -1.109e-05
1130 -1.109e-05
1130 -1.11333333333333e-05
1140 -1.06e-05
1140 -1.06e-05
1150 -1.14e-05
1150 -1.2e-05
1160 -1.19333333333333e-05
1160 -1.10333333333333e-05
1170 -1.01666666666667e-05
1170 -1.03e-05
1180 -1.11333333333333e-05
1180 -1.22666666666667e-05
1190 -1.18666666666667e-05
1190 -1.22666666666667e-05
1200 -1.24e-05
1200 -1.31333333333333e-05
1210 -1.3e-05
1210 -1.21e-05
1220 -1.20333333333333e-05
1220 -1.21e-05
1230 -1.3e-05
1230 -1.24666666666667e-05
1240 -1.24e-05
1250 -1.16666666666667e-05
1250 -1.22666666666667e-05
1260 -1.16666666666667e-05
1260 -1.24e-05
1270 -1.17333333333333e-05
1270 -1.23333333333333e-05
1280 -1.20666666666667e-05
1280 -1.2e-05
1290 -1.20666666666667e-05
1290 -1.22666666666667e-05
1300 -1.3e-05
1300 -1.28e-05
1310 -1.19666666666667e-05
1320 -1.19e-05
1320 -1.20333333333333e-05
1330 -1.21e-05
1330 -1.21666666666667e-05
1340 -1.21666666666667e-05
1340 -1.28666666666667e-05
1350 -1.28666666666667e-05
1350 -1.23333333333333e-05
1360 -1.24666666666667e-05
1360 -1.22666666666667e-05
1370 -1.3e-05
1370 -1.21666666666667e-05
1380 -1.15666666666667e-05
1380 -1.14333333333333e-05
1390 -1.12e-05
1390 -1.18e-05
1400 -1.17333333333333e-05
1400 -1.20666666666667e-05
1410 -1.23333333333333e-05
1420 -1.24666666666667e-05
1420 -1.22333333333333e-05
1430 -1.21e-05
1430 -1.19666666666667e-05
1440 -1.29333333333333e-05
1440 -1.17633333333333e-05
1450 -1.18966666666667e-05
1450 -1.083e-05
1460 -1.17333333333333e-05
1460 -1.16e-05
1470 -1.18666666666667e-05
1480 -1.24e-05
1480 -1.23333333333333e-05
1490 -1.22333333333333e-05
1490 -1.18333333333333e-05
1500 -1.17666666666667e-05
1500 -1.16666666666667e-05
1510 -1.09666666666667e-05
1510 -1.10333333333333e-05
1520 -1.17e-05
1520 -1.19333333333333e-05
1530 -1.18e-05
1530 -1.11333333333333e-05
1540 -1.14666666666667e-05
1550 -1.14666666666667e-05
1550 -1.21333333333333e-05
1560 -1.21333333333333e-05
1560 -1.15e-05
1570 -1.15666666666667e-05
1570 -1.17e-05
1580 -1.18666666666667e-05
1580 -1.19333333333333e-05
1590 -1.12666666666667e-05
1590 -1.18e-05
1600 -1.16e-05
1600 -1.15666666666667e-05
1610 -1.16333333333333e-05
1610 -1.13666666666667e-05
1620 -1.22666666666667e-05
1620 -1.23333333333333e-05
1630 -1.23666666666667e-05
1640 -1.27e-05
1640 -1.29666666666667e-05
1650 -1.38666666666667e-05
1650 -1.39333333333333e-05
1660 -1.31666666666667e-05
1660 -1.21666666666667e-05
1670 -1.21e-05
1670 -1.28666666666667e-05
1680 -1.31333333333333e-05
1680 -1.30666666666667e-05
1690 -1.32e-05
1690 -1.30333333333333e-05
1700 -1.29666666666667e-05
1700 -1.29e-05
1710 -1.34e-05
1710 -1.23666666666667e-05
1720 -1.19666666666667e-05
1720 -1.11e-05
1730 -1.11666666666667e-05
1740 -1.11666666666667e-05
1740 -1.20333333333333e-05
1750 -1.27333333333333e-05
1750 -1.26666666666667e-05
1760 -1.18e-05
1760 -1.14666666666667e-05
1770 -1.14666666666667e-05
1770 -1.24666666666667e-05
1780 -1.26666666666667e-05
1780 -1.21333333333333e-05
1790 -1.17333333333333e-05
1790 -1.10333333333333e-05
1800 -1.15e-05
1800 -1.09e-05
1810 -1.17333333333333e-05
1810 -1.2e-05
1820 -1.22e-05
1820 -1.21333333333333e-05
1830 -1.19333333333333e-05
1830 -1.16e-05
1840 -1.16666666666667e-05
1840 -1.09333333333333e-05
1850 -1.16666666666667e-05
1860 -1.14666666666667e-05
1860 -1.2e-05
1870 -1.13333333333333e-05
1870 -1.10666666666667e-05
1880 -1.11333333333333e-05
1880 -1.16666666666667e-05
1890 -1.12e-05
1890 -1.05333333333333e-05
1900 -1.06666666666667e-05
1900 -1.15333333333333e-05
1910 -1.21333333333333e-05
1910 -1.14666666666667e-05
1920 -1.07666666666667e-05
1920 -1.08333333333333e-05
1930 -1.15666666666667e-05
1930 -1.22e-05
1940 -1.27333333333333e-05
1940 -1.14433333333333e-05
1950 -1.17766666666667e-05
1950 -1.14433333333333e-05
1960 -1.29333333333333e-05
1960 -1.20333333333333e-05
1970 -1.21e-05
1980 -1.21e-05
1980 -1.28e-05
1990 -1.21e-05
1990 -1.24333333333333e-05
2000 -1.24333333333333e-05
2000 -1.22e-05
2010 -1.12e-05
2010 -1.10666666666667e-05
2020 -1.2e-05
2020 -1.25333333333333e-05
2030 -1.28e-05
2030 -1.19333333333333e-05
2040 -1.18666666666667e-05
2040 -1.08e-05
2050 -1.15333333333333e-05
2050 -1.15333333333333e-05
2060 -1.17666666666667e-05
2060 -1.18333333333333e-05
2070 -1.21666666666667e-05
2070 -1.22666666666667e-05
2080 -1.24666666666667e-05
2090 -1.17333333333333e-05
2090 -1.35333333333333e-05
2100 -1.31333333333333e-05
2100 -1.40666666666667e-05
2110 -1.31666666666667e-05
2110 -1.28333333333333e-05
2120 -1.25666666666667e-05
2130 -1.22666666666667e-05
2130 -1.24e-05
2140 -1.26e-05
2140 -1.19e-05
2150 -1.27e-05
2150 -1.26333333333333e-05
2160 -1.28e-05
2160 -1.31333333333333e-05
2170 -1.32666666666667e-05
2170 -1.44e-05
2180 -1.34e-05
2180 -1.34666666666667e-05
2190 -1.24333333333333e-05
2190 -1.28333333333333e-05
2200 -1.27e-05
2200 -1.31333333333333e-05
2210 -1.23666666666667e-05
2220 -1.20333333333333e-05
2220 -1.19666666666667e-05
2230 -1.2e-05
2230 -1.2e-05
2240 -1.2e-05
2240 -1.19666666666667e-05
2250 -1.18333333333333e-05
2250 -1.18333333333333e-05
2260 -1.26666666666667e-05
2260 -1.22e-05
2270 -1.23333333333333e-05
2270 -1.2e-05
2280 -1.18e-05
2280 -1.16666666666667e-05
2290 -1.18e-05
2290 -1.17333333333333e-05
2300 -1.15333333333333e-05
2300 -1.14666666666667e-05
2310 -1.20666666666667e-05
2310 -1.14e-05
2320 -1.06666666666667e-05
2330 -1.06e-05
2330 -1.14e-05
2340 -1.20666666666667e-05
2340 -1.16333333333333e-05
2350 -1.07233333333333e-05
2350 -1.07233333333333e-05
2360 -1.14233333333333e-05
2360 -1.24e-05
2370 -1.23333333333333e-05
2370 -1.15333333333333e-05
2380 -1.12666666666667e-05
2380 -1.13333333333333e-05
2390 -1.12766666666667e-05
2390 -1.121e-05
2400 -1.13433333333333e-05
2400 -1.14e-05
2410 -1.19333333333333e-05
2420 -1.12666666666667e-05
2420 -1.22e-05
2430 -1.18666666666667e-05
2430 -1.16666666666667e-05
2440 -1.12666666666667e-05
2440 -1.11333333333333e-05
2450 -1.16666666666667e-05
2450 -1.09333333333333e-05
2460 -1.02766666666667e-05
2460 -1.04766666666667e-05
2470 -1.11433333333333e-05
2470 -1.22e-05
2480 -1.12666666666667e-05
2480 -1.07433333333333e-05
2490 -1.02766666666667e-05
2490 -1.08766666666667e-05
2500 -1.15333333333333e-05
2500 -1.15333333333333e-05
2510 -1.04666666666667e-05
2510 -1.06666666666667e-05
2520 -1.09333333333333e-05
2520 -1.25333333333333e-05
2530 -1.26e-05
2530 -1.20666666666667e-05
2540 -1.22e-05
2550 -1.27333333333333e-05
2550 -1.38e-05
2560 -1.40666666666667e-05
2560 -1.30666666666667e-05
2570 -1.21333333333333e-05
2570 -1.20666666666667e-05
2580 -1.26666666666667e-05
2580 -1.32e-05
2590 -1.20333333333333e-05
2590 -1.21e-05
2600 -1.13333333333333e-05
2600 -1.20333333333333e-05
2610 -1.16333333333333e-05
2610 -1.22666666666667e-05
2620 -1.15666666666667e-05
2620 -1.08333333333333e-05
2630 -1.07666666666667e-05
2630 -1.14e-05
2640 -1.21333333333333e-05
2640 -1.15e-05
2650 -1.07e-05
2660 -1.07666666666667e-05
2660 -1.14e-05
2670 -1.21333333333333e-05
2670 -1.14666666666667e-05
2680 -1.16666666666667e-05
2680 -1.2e-05
2690 -1.28666666666667e-05
2690 -1.30666666666667e-05
2700 -1.25e-05
2700 -1.27666666666667e-05
2710 -1.28333333333333e-05
2710 -1.36e-05
2720 -1.37333333333333e-05
2720 -1.28666666666667e-05
2730 -1.25333333333333e-05
2730 -1.22e-05
2740 -1.26e-05
2740 -1.18e-05
2750 -1.08666666666667e-05
2750 -1.10666666666667e-05
2760 -1.16e-05
2760 -1.15333333333333e-05
2770 -1.04333333333333e-05
2780 -1.05666666666667e-05
2780 -1.15e-05
2790 -1.26e-05
2790 -1.28e-05
2800 -1.22e-05
2800 -1.22666666666667e-05
2810 -1.24666666666667e-05
2810 -1.24e-05
2820 -1.22e-05
2820 -1.11666666666667e-05
2830 -1.18333333333333e-05
2830 -1.20333333333333e-05
2840 -1.28666666666667e-05
2840 -1.171e-05
2850 -1.17766666666667e-05
2850 -1.19766666666667e-05
2860 -1.36e-05
2860 -1.40666666666667e-05
2870 -1.40666666666667e-05
2870 -1.32666666666667e-05
2880 -1.36e-05
2890 -1.38e-05
2890 -1.46666666666667e-05
2900 -1.41333333333333e-05
2900 -1.33e-05
2910 -1.24333333333333e-05
2910 -1.26333333333333e-05
2920 -1.34e-05
2920 -1.47333333333333e-05
2930 -1.36e-05
2930 -1.26e-05
2940 -1.18666666666667e-05
2940 -1.34e-05
2950 -1.36666666666667e-05
2950 -1.27e-05
2960 -1.11e-05
2960 -1.15e-05
2970 -1.25333333333333e-05
2970 -1.32666666666667e-05
2980 -1.31e-05
2980 -1.21e-05
2990 -1.24333333333333e-05
2990 -1.2e-05
3000 -1.26666666666667e-05
3010 -1.24e-05
3010 -1.28666666666667e-05
3020 -1.21333333333333e-05
3020 -1.13333333333333e-05
3030 -1.15333333333333e-05
3030 -1.24e-05
3040 -1.31333333333333e-05
3040 -1.31333333333333e-05
3050 -1.24e-05
3050 -1.26666666666667e-05
3060 -1.3e-05
3060 -1.37666666666667e-05
3070 -1.34333333333333e-05
3070 -1.39e-05
3080 -1.37e-05
3080 -1.42333333333333e-05
3090 -1.30333333333333e-05
3090 -1.37333333333333e-05
3100 -1.36e-05
3100 -1.34e-05
3110 -1.32e-05
3120 -1.30666666666667e-05
3120 -1.38666666666667e-05
3130 -1.30333333333333e-05
3130 -1.31666666666667e-05
3140 -1.26333333333333e-05
3140 -1.34e-05
3150 -1.36e-05
3150 -1.28233333333333e-05
3160 -1.28233333333333e-05
3160 -1.309e-05
3170 -1.41333333333333e-05
3170 -1.34666666666667e-05
3180 -1.20333333333333e-05
3180 -1.23666666666667e-05
3190 -1.29666666666667e-05
3190 -1.4e-05
3200 -1.42e-05
3200 -1.35e-05
3210 -1.32333333333333e-05
3210 -1.30333333333333e-05
3220 -1.37333333333333e-05
3220 -1.38666666666667e-05
3230 -1.32666666666667e-05
3240 -1.33333333333333e-05
3240 -1.34e-05
3250 -1.37333333333333e-05
3250 -1.40666666666667e-05
3260 -1.37666666666667e-05
3260 -1.39e-05
3270 -1.34333333333333e-05
3270 -1.37333333333333e-05
3280 -1.35333333333333e-05
3280 -1.29e-05
3290 -1.25e-05
3290 -1.27666666666667e-05
3300 -1.34e-05
3300 -1.34666666666667e-05
3310 -1.199e-05
3310 -1.199e-05
3320 -1.20566666666667e-05
3320 -1.36e-05
3330 -1.35333333333333e-05
3330 -1.28333333333333e-05
3340 -1.28333333333333e-05
3350 -1.29e-05
3350 -1.35333333333333e-05
3360 -1.34666666666667e-05
3360 -1.27e-05
3370 -1.28333333333333e-05
3370 -1.24333333333333e-05
3380 -1.34666666666667e-05
3380 -1.28666666666667e-05
3390 -1.27333333333333e-05
3390 -1.25333333333333e-05
3400 -1.33333333333333e-05
3400 -1.40666666666667e-05
3410 -1.42e-05
3410 -1.34e-05
3420 -1.43333333333333e-05
3420 -1.28233333333333e-05
3430 -1.47566666666667e-05
3430 -1.309e-05
3440 -1.42e-05
3450 -1.32e-05
3450 -1.38666666666667e-05
3460 -1.36e-05
3460 -1.34e-05
3470 -1.34e-05
3470 -1.32666666666667e-05
3480 -1.31333333333333e-05
3480 -1.3e-05
3490 -1.27333333333333e-05
3490 -1.29333333333333e-05
3500 -1.34e-05
3500 -1.46e-05
3510 -1.38666666666667e-05
3510 -1.29333333333333e-05
3520 -1.3e-05
3520 -1.39333333333333e-05
3530 -1.48e-05
3530 -1.39666666666667e-05
3540 -1.41e-05
3550 -1.42333333333333e-05
3550 -1.43e-05
3560 -1.55e-05
3560 -1.38333333333333e-05
3570 -1.56666666666667e-05
3570 -1.45333333333333e-05
3580 -1.55333333333333e-05
3580 -1.37666666666667e-05
3590 -1.37666666666667e-05
3590 -1.42e-05
3600 -1.47666666666667e-05
3610 -1.44333333333333e-05
3610 -1.33333333333333e-05
3620 -1.32666666666667e-05
3620 -1.24e-05
3630 -1.33333333333333e-05
3630 -1.28666666666667e-05
3640 -1.18766666666667e-05
3640 -1.26766666666667e-05
3650 -1.19766666666667e-05
3650 -1.33666666666667e-05
3660 -1.14e-05
3670 -1.21e-05
3670 -1.19e-05
3680 -1.26666666666667e-05
3680 -1.20666666666667e-05
3690 -1.1e-05
