   0.0000000000000000        1.0000000000000000E-004
   1.0000000000000000E-004   1.0600000000000002E-004
   2.0600000000000002E-004   1.1236000000000002E-004
   3.1836000000000006E-004   1.1910160000000003E-004
   4.3746160000000009E-004   1.2624769600000002E-004
   5.6370929600000014E-004   1.3382255776000005E-004
   6.9753185376000013E-004   1.4185191122560004E-004
   8.3938376498560023E-004   1.5036302589913606E-004
   9.8974679088473629E-004   1.5938480745308423E-004
   1.1491315983378205E-003   1.6894789590026930E-004
   1.3180794942380899E-003   1.7908476965428546E-004
   1.4971642638923754E-003   1.8982985583354260E-004
   1.6869941197259180E-003   2.0121964718355516E-004
   1.8882137669094731E-003   2.1329282601456848E-004
   2.1015065929240414E-003   2.2609039557544260E-004
   2.3275969884994840E-003   2.3965581930996917E-004
   2.5672528078094533E-003   2.5403516846856733E-004
   2.8212879762780207E-003   2.6927727857668137E-004
   3.0905652548547020E-003   2.8543391529128225E-004
   3.3759991701459843E-003   3.0255995020875921E-004
   3.6785591203547436E-003   3.2071354722128476E-004
   3.9992726675760282E-003   3.3995636005456183E-004
   4.3392290276305897E-003   3.6035374165783557E-004
   4.6995827692884254E-003   3.8197496615730573E-004
   5.0815577354457308E-003   4.0489346412674412E-004
   5.4864511995724747E-003   4.2918707197434877E-004
   5.9156382715468232E-003   4.5493829629280973E-004
   6.3705765678396331E-003   4.8223459407037834E-004
   6.8528111619100118E-003   5.1116866971460105E-004
   7.3639798316246126E-003   5.4183878989747718E-004
   7.9058186215220892E-003   5.7434911729132589E-004
   8.4801677388134152E-003   6.0881006432880551E-004
   9.0889778031422210E-003   6.4533866818853387E-004
   9.7343164713307555E-003   6.8405898827984596E-004
   1.0418375459610602E-002   7.2510252757663671E-004
   1.1143477987187239E-002   7.6860867923123500E-004
   1.1912086666418473E-002   8.1472519998510918E-004
   1.2726811866403582E-002   8.6360871198421581E-004
   1.3590420578387798E-002   9.1542523470326885E-004
   1.4505845813091067E-002   9.7035074878546498E-004
   1.5476196561876531E-002   1.0285717937125929E-003
   1.6504768355589124E-002   1.0902861013353485E-003
   1.7595054456924473E-002   1.1557032674154694E-003
   1.8750757724339942E-002   1.2250454634603976E-003
   1.9975803187800338E-002   1.2985481912680214E-003
   2.1274351379068360E-002   1.3764610827441028E-003
   2.2650812461812463E-002   1.4590487477087492E-003
   2.4109861209521213E-002   1.5465916725712742E-003
   2.5656452882092486E-002   1.6393871729255508E-003
   2.7295840055018037E-002   1.7377504033010839E-003
   2.9033590458319120E-002   1.8420154274991489E-003
   3.0875605885818270E-002   1.9525363531490980E-003
   3.2828142238967364E-002   2.0696885343380439E-003
   3.4897830773305411E-002   2.1938698463983266E-003
   3.7091700619703738E-002   2.3255020371822262E-003
   3.9417202656885961E-002   2.4650321594131600E-003
   4.1882234816299123E-002   2.6129340889779499E-003
   4.4495168905277070E-002   2.7697101343166271E-003
   4.7264879039593699E-002   2.9358927423756248E-003
   5.0200771781969321E-002   3.1120463069181626E-003
   5.3312818088887486E-002   3.2987690853332526E-003
   5.6611587174220740E-002   3.4966952304532478E-003
   6.0108282404673988E-002   3.7064969442804430E-003
   6.3814779348954437E-002   3.9288867609372701E-003
   6.7743666109891701E-002   4.1646199665935062E-003
   7.1908286076485209E-002   4.4144971645891165E-003
   7.6322783241074332E-002   4.6793669944644638E-003
   8.1002150235538792E-002   4.9601290141323322E-003
   8.5962279249671120E-002   5.2577367549802726E-003
   9.1220016004651391E-002   5.5732009602790893E-003
   9.6793216964930484E-002   5.9075930178958350E-003
  0.10270080998282632        6.2620485989695858E-003
  0.10896285858179591        6.6377715149077612E-003
  0.11560063009670367        7.0360378058022272E-003
  0.12263666790250589        7.4582000741503611E-003
  0.13009486797665626        7.9056920785993828E-003
  0.13800056005525563        8.3800336033153459E-003
  0.14638059365857098        8.8828356195142667E-003
  0.15526342927808526        9.4158057566851236E-003
  0.16467923503477039        9.9807541020862315E-003
  0.17465998913685662        1.0579599348211406E-002
  0.18523958848506802        1.1214375309104092E-002
  0.19645396379417213        1.1887237827650337E-002
  0.20834120162182246        1.2600472097309358E-002
  0.22094167371913181        1.3356500423147920E-002
  0.23429817414227974        1.4157890448536796E-002
  0.24845606459081654        1.5007363875449004E-002
  0.26346342846626553        1.5907805707975946E-002
  0.27937123417424148        1.6862274050454502E-002
  0.29623350822469596        1.7874010493481772E-002
  0.31410751871817771        1.8946451123090680E-002
  0.33305396984126839        2.0083238190476121E-002
  0.35313720803174453        2.1288232481904690E-002
  0.37442544051364923        2.2565526430818973E-002
  0.39699096694446823        2.3919458016668112E-002
  0.42091042496113634        2.5354625497668200E-002
  0.44626505045880455        2.6875903027528295E-002
  0.47314095348633284        2.8488457209179995E-002
  0.50162941069551281        3.0197764641730795E-002
  0.53182717533724366        3.2009630520234644E-002
  0.56383680585747831        3.3930208351448728E-002
  0.59776701420892708        3.5966020852535655E-002
  0.63373303506146272        3.8123982103687795E-002
  0.67185701716515056        4.0411421029909064E-002
  0.71226843819505958        4.2836106291703611E-002
  0.75510454448676323        4.5406272669205827E-002
  0.80051081715596906        4.8130649029358180E-002
  0.84864146618532721        5.1018487971119672E-002
  0.89965995415644684        5.4079597249386858E-002
  0.95373955140583366        5.7324373084350073E-002
   1.0110639244901838        6.0763835469411082E-002
   1.0718277599595949        6.4409665597575744E-002
   1.1362374255571706        6.8274245533430297E-002
   1.2045116710906008        7.2370700265436114E-002
   1.2768823713560369        7.6712942281362287E-002
   1.3535953136373993        8.1315718818244023E-002
   1.4349110324556433        8.6194661947338672E-002
   1.5211056944029819        9.1366341664178993E-002
   1.6124720360671609        9.6848322164029735E-002
   1.7093203582311907       0.10265922149387152     
   1.8119795797250622       0.10881877478350382     
   1.9207983545085661       0.11534790127051406     
   2.0361462557790801       0.12226877534674491     
   2.1584150311258252       0.12960490186754961     
   2.2880199329933748       0.13738119597960260     
   2.4254011289729775       0.14562406773837877     
   2.5710251967113562       0.15436151180268151     
   2.7253867085140375       0.16362320251084242     
   2.8890099110248801       0.17344059466149297     
   3.0624505056863729       0.18384703034118255     
   3.2462975360275554       0.19487785216165351     
   3.4411753881892091       0.20657052329135273     
   3.6477459114805617       0.21896475468883389     
   3.8667106661693955       0.23210263997016395     
   4.0988133061395597       0.24602879836837380     
   4.3448421045079337       0.26079052627047622     
   4.6056326307784099       0.27643795784670483     
   4.8820705886251146       0.29302423531750715     
   5.1750948239426213       0.31060568943655759     
   5.4857005133791787       0.32924203080275105     
   5.8149425441819300       0.34899655265091611     
   6.1639390968328458       0.36993634580997109     
   6.5338754426428167       0.39213252655856939     
   6.9260079692013861       0.41566047815208357     
   7.3416684473534692       0.44060010684120859     
   7.7822685541946779       0.46703611325168115     
   8.2493046674463599       0.49505828004678204     
   8.7443629474931424       0.52476177684958902     
   9.2691247243427313       0.55624748346056441     
   9.8253722078032961       0.58962233246819828     
   10.414994540271495       0.62499967241629018     
   11.039994212687786       0.66249965276126765     
   11.702493865449053       0.70224963192694378     
   12.404743497375996       0.74438460984256050     
   13.149128107218557       0.78904768643311418     
   13.938175793651672       0.83639054761910103     
   14.774566341270774       0.88657398047624714     
   15.661140321747020       0.93976841930482202     
   16.600908741051843       0.99615452446311137     
   17.597063265514954        1.0559237959308980     
   18.652987061445852        1.1192792236867519     
   19.772266285132606        1.1864359771079571     
   20.958702262240564        1.2576221357344346     
   22.216324397974997        1.3330794638785008     
   23.549403861853499        1.4130642317112110     
   24.962468093564709        1.4978480856138836     
   26.460316179178594        1.5877189707507167     
   28.048035149929312        1.6829821089957597     
   29.731017258925071        1.7839610355355053     
   31.514978294460576        1.8909986976676358     
   33.405976992128210        2.0044586195276941     
   35.410435611655906        2.1247261366993557     
   37.535161748355264        2.2522097049013170     
   39.787371453256583        2.3873422871953962     
   42.174713740451978        2.5305828244271202     
   44.705296564879099        2.6824177938927476     
   47.387714358771845        2.8433628615263125     
   50.231077220298161        3.0139646332178915     
   53.245041853516049        3.1948025112109653     
   56.439844364727016        3.3864906618836232     
   59.826335026610636        3.5896801015966409     
   63.416015128207277        3.8050609076924395     
   67.221076035899713        4.0333645621539862     
   71.254440598053705        4.2753664358832255     
   75.529807033936933        4.5318884220362197     
   80.061695455973151        4.8038017273583931     
   84.865497183331541        5.0000000000000000     
   89.865497183331541        5.0000000000000000     
   94.865497183331541        5.0000000000000000     
   99.865497183331541        5.0000000000000000     
   104.86549718333154        5.0000000000000000     
   109.86549718333154        5.0000000000000000     
   114.86549718333154        5.0000000000000000     
   119.86549718333154        5.0000000000000000     
   124.86549718333154        5.0000000000000000     
   129.86549718333154        5.0000000000000000     
   134.86549718333154        5.0000000000000000     
   139.86549718333154        5.0000000000000000     
   144.86549718333154        5.0000000000000000     
   149.86549718333154        5.0000000000000000     
   154.86549718333154        5.0000000000000000     
   159.86549718333154        5.0000000000000000     
   164.86549718333154        5.0000000000000000     
   169.86549718333154        5.0000000000000000     
   174.86549718333154        5.0000000000000000     
   179.86549718333154        5.0000000000000000     
   184.86549718333154        5.0000000000000000     
   189.86549718333154        5.0000000000000000     
   194.86549718333154        5.0000000000000000     
   199.86549718333154        5.0000000000000000     
   204.86549718333154        5.0000000000000000     
   209.86549718333154        5.0000000000000000     
   214.86549718333154        5.0000000000000000     
   219.86549718333154        5.0000000000000000     
   224.86549718333154        5.0000000000000000     
   229.86549718333154        5.0000000000000000     
   234.86549718333154        5.0000000000000000     
   239.86549718333154        5.0000000000000000     
   244.86549718333154        5.0000000000000000     
   249.86549718333154        5.0000000000000000     
   254.86549718333154        5.0000000000000000     
   259.86549718333151        5.0000000000000000     
   264.86549718333151        5.0000000000000000     
   269.86549718333151        5.0000000000000000     
   274.86549718333151        5.0000000000000000     
   279.86549718333151        5.0000000000000000     
   284.86549718333151        5.0000000000000000     
   289.86549718333151        5.0000000000000000     
   294.86549718333151        5.0000000000000000     
   299.86549718333151        5.0000000000000000     
   304.86549718333151        5.0000000000000000     
   309.86549718333151        5.0000000000000000     
   314.86549718333151        5.0000000000000000     
   319.86549718333151        5.0000000000000000     
   324.86549718333151        5.0000000000000000     
   329.86549718333151        5.0000000000000000     
   334.86549718333151        5.0000000000000000     
   339.86549718333151        5.0000000000000000     
   344.86549718333151        5.0000000000000000     
   349.86549718333151        5.0000000000000000     
   354.86549718333151        5.0000000000000000     
   359.86549718333151        5.0000000000000000     
   364.86549718333151        5.0000000000000000     
   369.86549718333151        5.0000000000000000     
   374.86549718333151        5.0000000000000000     
   379.86549718333151        5.0000000000000000     
   384.86549718333151        5.0000000000000000     
   389.86549718333151        5.0000000000000000     
   394.86549718333151        5.0000000000000000     
   399.86549718333151        5.0000000000000000     
   404.86549718333151        5.0000000000000000     
   409.86549718333151        5.0000000000000000     
   414.86549718333151        5.0000000000000000     
   419.86549718333151        5.0000000000000000     
   424.86549718333151        5.0000000000000000     
   429.86549718333151        5.0000000000000000     
   434.86549718333151        5.0000000000000000     
   439.86549718333151        5.0000000000000000     
   444.86549718333151        5.0000000000000000     
   449.86549718333151        5.0000000000000000     
   454.86549718333151        5.0000000000000000     
   459.86549718333151        5.0000000000000000     
   464.86549718333151        5.0000000000000000     
   469.86549718333151        5.0000000000000000     
   474.86549718333151        5.0000000000000000     
   479.86549718333151        5.0000000000000000     
   484.86549718333151        5.0000000000000000     
   489.86549718333151        5.0000000000000000     
   494.86549718333151        5.0000000000000000     
   499.86549718333151        5.0000000000000000     
   504.86549718333151        5.0000000000000000     
   509.86549718333151        5.0000000000000000     
   514.86549718333151        5.0000000000000000     
   519.86549718333151        5.0000000000000000     
   524.86549718333151        5.0000000000000000     
   529.86549718333151        5.0000000000000000     
   534.86549718333151        5.0000000000000000     
   539.86549718333151        5.0000000000000000     
   544.86549718333151        5.0000000000000000     
   549.86549718333151        5.0000000000000000     
   554.86549718333151        5.0000000000000000     
   559.86549718333151        5.0000000000000000     
   564.86549718333151        5.0000000000000000     
   569.86549718333151        5.0000000000000000     
   574.86549718333151        5.0000000000000000     
   579.86549718333151        5.0000000000000000     
   584.86549718333151        5.0000000000000000     
   589.86549718333151        5.0000000000000000     
   594.86549718333151        5.0000000000000000     
   599.86549718333151        5.0000000000000000     
   604.86549718333151        5.0000000000000000     
   609.86549718333151        5.0000000000000000     
   614.86549718333151        5.0000000000000000     
   619.86549718333151        5.0000000000000000     
   624.86549718333151        5.0000000000000000     
   629.86549718333151        5.0000000000000000     
   634.86549718333151        5.0000000000000000     
   639.86549718333151        5.0000000000000000     
   644.86549718333151        5.0000000000000000     
   649.86549718333151        5.0000000000000000     
   654.86549718333151        5.0000000000000000     
   659.86549718333151        5.0000000000000000     
   664.86549718333151        5.0000000000000000     
   669.86549718333151        5.0000000000000000     
   674.86549718333151        5.0000000000000000     
   679.86549718333151        5.0000000000000000     
   684.86549718333151        5.0000000000000000     
   689.86549718333151        5.0000000000000000     
   694.86549718333151        5.0000000000000000     
   699.86549718333151        5.0000000000000000     
   704.86549718333151        5.0000000000000000     
   709.86549718333151        5.0000000000000000     
   714.86549718333151        5.0000000000000000     
   719.86549718333151        5.0000000000000000     
   724.86549718333151        5.0000000000000000     
   729.86549718333151        5.0000000000000000     
   734.86549718333151        5.0000000000000000     
   739.86549718333151        5.0000000000000000     
   744.86549718333151        5.0000000000000000     
   749.86549718333151        5.0000000000000000     
   754.86549718333151        5.0000000000000000     
   759.86549718333151        5.0000000000000000     
   764.86549718333151        5.0000000000000000     
   769.86549718333151        5.0000000000000000     
   774.86549718333151        5.0000000000000000     
   779.86549718333151        5.0000000000000000     
   784.86549718333151        5.0000000000000000     
   789.86549718333151        5.0000000000000000     
   794.86549718333151        5.0000000000000000     
   799.86549718333151        5.0000000000000000     
   804.86549718333151        5.0000000000000000     
   809.86549718333151        5.0000000000000000     
   814.86549718333151        5.0000000000000000     
   819.86549718333151        5.0000000000000000     
   824.86549718333151        5.0000000000000000     
   829.86549718333151        5.0000000000000000     
   834.86549718333151        5.0000000000000000     
   839.86549718333151        5.0000000000000000     
   844.86549718333151        5.0000000000000000     
   849.86549718333151        5.0000000000000000     
   854.86549718333151        5.0000000000000000     
   859.86549718333151        5.0000000000000000     
   864.86549718333151        5.0000000000000000     
   869.86549718333151        5.0000000000000000     
   874.86549718333151        5.0000000000000000     
   879.86549718333151        5.0000000000000000     
   884.86549718333151        5.0000000000000000     
   889.86549718333151        5.0000000000000000     
   894.86549718333151        5.0000000000000000     
   899.86549718333151        5.0000000000000000     
   904.86549718333151        5.0000000000000000     
   909.86549718333151        5.0000000000000000     
   914.86549718333151        5.0000000000000000     
   919.86549718333151        5.0000000000000000     
   924.86549718333151        5.0000000000000000     
   929.86549718333151        5.0000000000000000     
   934.86549718333151        5.0000000000000000     
   939.86549718333151        5.0000000000000000     
   944.86549718333151        5.0000000000000000     
   949.86549718333151        5.0000000000000000     
   954.86549718333151        5.0000000000000000     
   959.86549718333151        5.0000000000000000     
   964.86549718333151        5.0000000000000000     
   969.86549718333151        5.0000000000000000     
   974.86549718333151        5.0000000000000000     
   979.86549718333151        5.0000000000000000     
   984.86549718333151        5.0000000000000000     
   989.86549718333151        5.0000000000000000     
   994.86549718333151        5.0000000000000000     
   999.86549718333151        5.0000000000000000     
   1004.8654971833315        5.0000000000000000     
   1009.8654971833315        5.0000000000000000     
   1014.8654971833315        5.0000000000000000     
   1019.8654971833315        5.0000000000000000     
   1024.8654971833316        5.0000000000000000     
   1029.8654971833316        5.0000000000000000     
   1034.8654971833316        5.0000000000000000     
   1039.8654971833316        5.0000000000000000     
   1044.8654971833316        5.0000000000000000     
   1049.8654971833316        5.0000000000000000     
   1054.8654971833316        5.0000000000000000     
   1059.8654971833316        5.0000000000000000     
   1064.8654971833316        5.0000000000000000     
   1069.8654971833316        5.0000000000000000     
   1074.8654971833316        5.0000000000000000     
   1079.8654971833316        5.0000000000000000     
   1084.8654971833316        5.0000000000000000     
   1089.8654971833316        5.0000000000000000     
   1094.8654971833316        5.0000000000000000     
   1099.8654971833316        5.0000000000000000     
   1104.8654971833316        5.0000000000000000     
   1109.8654971833316        5.0000000000000000     
   1114.8654971833316        5.0000000000000000     
   1119.8654971833316        5.0000000000000000     
   1124.8654971833316        5.0000000000000000     
   1129.8654971833316        5.0000000000000000     
   1134.8654971833316        5.0000000000000000     
   1139.8654971833316        5.0000000000000000     
   1144.8654971833316        5.0000000000000000     
   1149.8654971833316        5.0000000000000000     
   1154.8654971833316        5.0000000000000000     
   1159.8654971833316        5.0000000000000000     
   1164.8654971833316        5.0000000000000000     
   1169.8654971833316        5.0000000000000000     
   1174.8654971833316        5.0000000000000000     
   1179.8654971833316        5.0000000000000000     
   1184.8654971833316        5.0000000000000000     
   1189.8654971833316        5.0000000000000000     
   1194.8654971833316        5.0000000000000000     
   1199.8654971833316        5.0000000000000000     
   1204.8654971833316        5.0000000000000000     
   1209.8654971833316        5.0000000000000000     
   1214.8654971833316        5.0000000000000000     
   1219.8654971833316        5.0000000000000000     
   1224.8654971833316        5.0000000000000000     
   1229.8654971833316        5.0000000000000000     
   1234.8654971833316        5.0000000000000000     
   1239.8654971833316        5.0000000000000000     
   1244.8654971833316        5.0000000000000000     
   1249.8654971833316        5.0000000000000000     
   1254.8654971833316        5.0000000000000000     
   1259.8654971833316        5.0000000000000000     
   1264.8654971833316        5.0000000000000000     
   1269.8654971833316        5.0000000000000000     
   1274.8654971833316        5.0000000000000000     
   1279.8654971833316        5.0000000000000000     
   1284.8654971833316        5.0000000000000000     
   1289.8654971833316        5.0000000000000000     
   1294.8654971833316        5.0000000000000000     
   1299.8654971833316        5.0000000000000000     
   1304.8654971833316        5.0000000000000000     
   1309.8654971833316        5.0000000000000000     
   1314.8654971833316        5.0000000000000000     
   1319.8654971833316        5.0000000000000000     
   1324.8654971833316        5.0000000000000000     
   1329.8654971833316        5.0000000000000000     
   1334.8654971833316        5.0000000000000000     
   1339.8654971833316        5.0000000000000000     
   1344.8654971833316        5.0000000000000000     
   1349.8654971833316        5.0000000000000000     
   1354.8654971833316        5.0000000000000000     
   1359.8654971833316        5.0000000000000000     
   1364.8654971833316        5.0000000000000000     
   1369.8654971833316        5.0000000000000000     
   1374.8654971833316        5.0000000000000000     
   1379.8654971833316        5.0000000000000000     
   1384.8654971833316        5.0000000000000000     
   1389.8654971833316        5.0000000000000000     
   1394.8654971833316        5.0000000000000000     
   1399.8654971833316        5.0000000000000000     
   1404.8654971833316        5.0000000000000000     
   1409.8654971833316        5.0000000000000000     
   1414.8654971833316        5.0000000000000000     
   1419.8654971833316        5.0000000000000000     
   1424.8654971833316        5.0000000000000000     
   1429.8654971833316        5.0000000000000000     
   1434.8654971833316        5.0000000000000000     
   1439.8654971833316        5.0000000000000000     
   1444.8654971833316        5.0000000000000000     
   1449.8654971833316        5.0000000000000000     
   1454.8654971833316        5.0000000000000000     
   1459.8654971833316        5.0000000000000000     
   1464.8654971833316        5.0000000000000000     
   1469.8654971833316        5.0000000000000000     
   1474.8654971833316        5.0000000000000000     
   1479.8654971833316        5.0000000000000000     
   1484.8654971833316        5.0000000000000000     
   1489.8654971833316        5.0000000000000000     
   1494.8654971833316        5.0000000000000000     
   1499.8654971833316        5.0000000000000000     
   1504.8654971833316        5.0000000000000000     
   1509.8654971833316        5.0000000000000000     
   1514.8654971833316        5.0000000000000000     
   1519.8654971833316        5.0000000000000000     
   1524.8654971833316        5.0000000000000000     
   1529.8654971833316        5.0000000000000000     
   1534.8654971833316        5.0000000000000000     
   1539.8654971833316        5.0000000000000000     
   1544.8654971833316        5.0000000000000000     
   1549.8654971833316        5.0000000000000000     
   1554.8654971833316        5.0000000000000000     
   1559.8654971833316        5.0000000000000000     
   1564.8654971833316        5.0000000000000000     
   1569.8654971833316        5.0000000000000000     
   1574.8654971833316        5.0000000000000000     
   1579.8654971833316        5.0000000000000000     
   1584.8654971833316        5.0000000000000000     
   1589.8654971833316        5.0000000000000000     
   1594.8654971833316        5.0000000000000000     
   1599.8654971833316        5.0000000000000000     
   1604.8654971833316        5.0000000000000000     
   1609.8654971833316        5.0000000000000000     
   1614.8654971833316        5.0000000000000000     
   1619.8654971833316        5.0000000000000000     
   1624.8654971833316        5.0000000000000000     
   1629.8654971833316        5.0000000000000000     
   1634.8654971833316        5.0000000000000000     
   1639.8654971833316        5.0000000000000000     
   1644.8654971833316        5.0000000000000000     
   1649.8654971833316        5.0000000000000000     
   1654.8654971833316        5.0000000000000000     
   1659.8654971833316        5.0000000000000000     
   1664.8654971833316        5.0000000000000000     
   1669.8654971833316        5.0000000000000000     
   1674.8654971833316        5.0000000000000000     
   1679.8654971833316        5.0000000000000000     
   1684.8654971833316        5.0000000000000000     
   1689.8654971833316        5.0000000000000000     
   1694.8654971833316        5.0000000000000000     
   1699.8654971833316        5.0000000000000000     
   1704.8654971833316        5.0000000000000000     
   1709.8654971833316        5.0000000000000000     
   1714.8654971833316        5.0000000000000000     
   1719.8654971833316        5.0000000000000000     
   1724.8654971833316        5.0000000000000000     
   1729.8654971833316        5.0000000000000000     
   1734.8654971833316        5.0000000000000000     
   1739.8654971833316        5.0000000000000000     
   1744.8654971833316        5.0000000000000000     
   1749.8654971833316        5.0000000000000000     
   1754.8654971833316        5.0000000000000000     
   1759.8654971833316        5.0000000000000000     
   1764.8654971833316        5.0000000000000000     
   1769.8654971833316        5.0000000000000000     
   1774.8654971833316        5.0000000000000000     
   1779.8654971833316        5.0000000000000000     
   1784.8654971833316        5.0000000000000000     
   1789.8654971833316        5.0000000000000000     
   1794.8654971833316        5.0000000000000000     
   1799.8654971833316        5.0000000000000000     
   1804.8654971833316        5.0000000000000000     
   1809.8654971833316        5.0000000000000000     
   1814.8654971833316        5.0000000000000000     
   1819.8654971833316        5.0000000000000000     
   1824.8654971833316        5.0000000000000000     
   1829.8654971833316        5.0000000000000000     
   1834.8654971833316        5.0000000000000000     
   1839.8654971833316        5.0000000000000000     
   1844.8654971833316        5.0000000000000000     
   1849.8654971833316        5.0000000000000000     
   1854.8654971833316        5.0000000000000000     
   1859.8654971833316        5.0000000000000000     
   1864.8654971833316        5.0000000000000000     
   1869.8654971833316        5.0000000000000000     
   1874.8654971833316        5.0000000000000000     
   1879.8654971833316        5.0000000000000000     
   1884.8654971833316        5.0000000000000000     
   1889.8654971833316        5.0000000000000000     
   1894.8654971833316        5.0000000000000000     
   1899.8654971833316        5.0000000000000000     
   1904.8654971833316        5.0000000000000000     
   1909.8654971833316        5.0000000000000000     
   1914.8654971833316        5.0000000000000000     
   1919.8654971833316        5.0000000000000000     
   1924.8654971833316        5.0000000000000000     
   1929.8654971833316        5.0000000000000000     
   1934.8654971833316        5.0000000000000000     
   1939.8654971833316        5.0000000000000000     
   1944.8654971833316        5.0000000000000000     
   1949.8654971833316        5.0000000000000000     
   1954.8654971833316        5.0000000000000000     
   1959.8654971833316        5.0000000000000000     
   1964.8654971833316        5.0000000000000000     
   1969.8654971833316        5.0000000000000000     
   1974.8654971833316        5.0000000000000000     
   1979.8654971833316        5.0000000000000000     
   1984.8654971833316        5.0000000000000000     
   1989.8654971833316        5.0000000000000000     
   1994.8654971833316        5.0000000000000000     
   1999.8654971833316        5.0000000000000000     
   2004.8654971833316        5.0000000000000000     
   2009.8654971833316        5.0000000000000000     
   2014.8654971833316        5.0000000000000000     
   2019.8654971833316        5.0000000000000000     
   2024.8654971833316        5.0000000000000000     
   2029.8654971833316        5.0000000000000000     
   2034.8654971833316        5.0000000000000000     
   2039.8654971833316        5.0000000000000000     
   2044.8654971833316        5.0000000000000000     
   2049.8654971833316        5.0000000000000000     
   2054.8654971833316        5.0000000000000000     
   2059.8654971833316        5.0000000000000000     
   2064.8654971833316        5.0000000000000000     
   2069.8654971833316        5.0000000000000000     
   2074.8654971833316        5.0000000000000000     
   2079.8654971833316        5.0000000000000000     
   2084.8654971833316        5.0000000000000000     
   2089.8654971833316        5.0000000000000000     
   2094.8654971833316        5.0000000000000000     
   2099.8654971833316        5.0000000000000000     
   2104.8654971833316        5.0000000000000000     
   2109.8654971833316        5.0000000000000000     
   2114.8654971833316        5.0000000000000000     
   2119.8654971833316        5.0000000000000000     
   2124.8654971833316        5.0000000000000000     
   2129.8654971833316        5.0000000000000000     
   2134.8654971833316        5.0000000000000000     
   2139.8654971833316        5.0000000000000000     
   2144.8654971833316        5.0000000000000000     
   2149.8654971833316        5.0000000000000000     
   2154.8654971833316        5.0000000000000000     
   2159.8654971833316        5.0000000000000000     
   2164.8654971833316        5.0000000000000000     
   2169.8654971833316        5.0000000000000000     
   2174.8654971833316        5.0000000000000000     
   2179.8654971833316        5.0000000000000000     
   2184.8654971833316        5.0000000000000000     
   2189.8654971833316        5.0000000000000000     
   2194.8654971833316        5.0000000000000000     
   2199.8654971833316        5.0000000000000000     
   2204.8654971833316        5.0000000000000000     
   2209.8654971833316        5.0000000000000000     
   2214.8654971833316        5.0000000000000000     
   2219.8654971833316        5.0000000000000000     
   2224.8654971833316        5.0000000000000000     
   2229.8654971833316        5.0000000000000000     
   2234.8654971833316        5.0000000000000000     
   2239.8654971833316        5.0000000000000000     
   2244.8654971833316        5.0000000000000000     
   2249.8654971833316        5.0000000000000000     
   2254.8654971833316        5.0000000000000000     
   2259.8654971833316        5.0000000000000000     
   2264.8654971833316        5.0000000000000000     
   2269.8654971833316        5.0000000000000000     
   2274.8654971833316        5.0000000000000000     
   2279.8654971833316        5.0000000000000000     
   2284.8654971833316        5.0000000000000000     
   2289.8654971833316        5.0000000000000000     
   2294.8654971833316        5.0000000000000000     
   2299.8654971833316        5.0000000000000000     
   2304.8654971833316        5.0000000000000000     
   2309.8654971833316        5.0000000000000000     
   2314.8654971833316        5.0000000000000000     
   2319.8654971833316        5.0000000000000000     
   2324.8654971833316        5.0000000000000000     
   2329.8654971833316        5.0000000000000000     
   2334.8654971833316        5.0000000000000000     
   2339.8654971833316        5.0000000000000000     
   2344.8654971833316        5.0000000000000000     
   2349.8654971833316        5.0000000000000000     
   2354.8654971833316        5.0000000000000000     
   2359.8654971833316        5.0000000000000000     
   2364.8654971833316        5.0000000000000000     
   2369.8654971833316        5.0000000000000000     
   2374.8654971833316        5.0000000000000000     
   2379.8654971833316        5.0000000000000000     
   2384.8654971833316        5.0000000000000000     
   2389.8654971833316        5.0000000000000000     
   2394.8654971833316        5.0000000000000000     
   2399.8654971833316        5.0000000000000000     
   2404.8654971833316        5.0000000000000000     
   2409.8654971833316        5.0000000000000000     
   2414.8654971833316        5.0000000000000000     
   2419.8654971833316        5.0000000000000000     
   2424.8654971833316        5.0000000000000000     
   2429.8654971833316        5.0000000000000000     
   2434.8654971833316        5.0000000000000000     
   2439.8654971833316        5.0000000000000000     
   2444.8654971833316        5.0000000000000000     
   2449.8654971833316        5.0000000000000000     
   2454.8654971833316        5.0000000000000000     
   2459.8654971833316        5.0000000000000000     
   2464.8654971833316        5.0000000000000000     
   2469.8654971833316        5.0000000000000000     
   2474.8654971833316        5.0000000000000000     
   2479.8654971833316        5.0000000000000000     
   2484.8654971833316        5.0000000000000000     
   2489.8654971833316        5.0000000000000000     
   2494.8654971833316        5.0000000000000000     
   2499.8654971833316        5.0000000000000000     
   2504.8654971833316        5.0000000000000000     
   2509.8654971833316        5.0000000000000000     
   2514.8654971833316        5.0000000000000000     
   2519.8654971833316        5.0000000000000000     
   2524.8654971833316        5.0000000000000000     
   2529.8654971833316        5.0000000000000000     
   2534.8654971833316        5.0000000000000000     
   2539.8654971833316        5.0000000000000000     
   2544.8654971833316        5.0000000000000000     
   2549.8654971833316        5.0000000000000000     
   2554.8654971833316        5.0000000000000000     
   2559.8654971833316        5.0000000000000000     
   2564.8654971833316        5.0000000000000000     
   2569.8654971833316        5.0000000000000000     
   2574.8654971833316        5.0000000000000000     
   2579.8654971833316        5.0000000000000000     
   2584.8654971833316        5.0000000000000000     
   2589.8654971833316        5.0000000000000000     
   2594.8654971833316        5.0000000000000000     
   2599.8654971833316        5.0000000000000000     
   2604.8654971833316        5.0000000000000000     
   2609.8654971833316        5.0000000000000000     
   2614.8654971833316        5.0000000000000000     
   2619.8654971833316        5.0000000000000000     
   2624.8654971833316        5.0000000000000000     
   2629.8654971833316        5.0000000000000000     
   2634.8654971833316        5.0000000000000000     
   2639.8654971833316        5.0000000000000000     
   2644.8654971833316        5.0000000000000000     
   2649.8654971833316        5.0000000000000000     
   2654.8654971833316        5.0000000000000000     
   2659.8654971833316        5.0000000000000000     
   2664.8654971833316        5.0000000000000000     
   2669.8654971833316        5.0000000000000000     
   2674.8654971833316        5.0000000000000000     
   2679.8654971833316        5.0000000000000000     
   2684.8654971833316        5.0000000000000000     
   2689.8654971833316        5.0000000000000000     
   2694.8654971833316        5.0000000000000000     
   2699.8654971833316        5.0000000000000000     
   2704.8654971833316        5.0000000000000000     
   2709.8654971833316        5.0000000000000000     
   2714.8654971833316        5.0000000000000000     
   2719.8654971833316        5.0000000000000000     
   2724.8654971833316        5.0000000000000000     
   2729.8654971833316        5.0000000000000000     
   2734.8654971833316        5.0000000000000000     
   2739.8654971833316        5.0000000000000000     
   2744.8654971833316        5.0000000000000000     
   2749.8654971833316        5.0000000000000000     
   2754.8654971833316        5.0000000000000000     
   2759.8654971833316        5.0000000000000000     
   2764.8654971833316        5.0000000000000000     
   2769.8654971833316        5.0000000000000000     
   2774.8654971833316        5.0000000000000000     
   2779.8654971833316        5.0000000000000000     
   2784.8654971833316        5.0000000000000000     
   2789.8654971833316        5.0000000000000000     
   2794.8654971833316        5.0000000000000000     
   2799.8654971833316        5.0000000000000000     
   2804.8654971833316        5.0000000000000000     
   2809.8654971833316        5.0000000000000000     
   2814.8654971833316        5.0000000000000000     
   2819.8654971833316        5.0000000000000000     
   2824.8654971833316        5.0000000000000000     
   2829.8654971833316        5.0000000000000000     
   2834.8654971833316        5.0000000000000000     
   2839.8654971833316        5.0000000000000000     
   2844.8654971833316        5.0000000000000000     
   2849.8654971833316        5.0000000000000000     
   2854.8654971833316        5.0000000000000000     
   2859.8654971833316        5.0000000000000000     
   2864.8654971833316        5.0000000000000000     
   2869.8654971833316        5.0000000000000000     
   2874.8654971833316        5.0000000000000000     
   2879.8654971833316        5.0000000000000000     
   2884.8654971833316        5.0000000000000000     
   2889.8654971833316        5.0000000000000000     
   2894.8654971833316        5.0000000000000000     
   2899.8654971833316        5.0000000000000000     
   2904.8654971833316        5.0000000000000000     
   2909.8654971833316        5.0000000000000000     
   2914.8654971833316        5.0000000000000000     
   2919.8654971833316        5.0000000000000000     
   2924.8654971833316        5.0000000000000000     
   2929.8654971833316        5.0000000000000000     
   2934.8654971833316        5.0000000000000000     
   2939.8654971833316        5.0000000000000000     
   2944.8654971833316        5.0000000000000000     
   2949.8654971833316        5.0000000000000000     
   2954.8654971833316        5.0000000000000000     
   2959.8654971833316        5.0000000000000000     
   2964.8654971833316        5.0000000000000000     
   2969.8654971833316        5.0000000000000000     
   2974.8654971833316        5.0000000000000000     
   2979.8654971833316        5.0000000000000000     
   2984.8654971833316        5.0000000000000000     
   2989.8654971833316        5.0000000000000000     
   2994.8654971833316        5.0000000000000000     
   2999.8654971833316        5.0000000000000000     
   3004.8654971833316        5.0000000000000000     
   3009.8654971833316        5.0000000000000000     
   3014.8654971833316        5.0000000000000000     
   3019.8654971833316        5.0000000000000000     
   3024.8654971833316        5.0000000000000000     
   3029.8654971833316        5.0000000000000000     
   3034.8654971833316        5.0000000000000000     
   3039.8654971833316        5.0000000000000000     
   3044.8654971833316        5.0000000000000000     
   3049.8654971833316        5.0000000000000000     
   3054.8654971833316        5.0000000000000000     
   3059.8654971833316        5.0000000000000000     
   3064.8654971833316        5.0000000000000000     
   3069.8654971833316        5.0000000000000000     
   3074.8654971833316        5.0000000000000000     
   3079.8654971833316        5.0000000000000000     
   3084.8654971833316        5.0000000000000000     
   3089.8654971833316        5.0000000000000000     
   3094.8654971833316        5.0000000000000000     
   3099.8654971833316        5.0000000000000000     
   3104.8654971833316        5.0000000000000000     
   3109.8654971833316        5.0000000000000000     
   3114.8654971833316        5.0000000000000000     
   3119.8654971833316        5.0000000000000000     
   3124.8654971833316        5.0000000000000000     
   3129.8654971833316        5.0000000000000000     
   3134.8654971833316        5.0000000000000000     
   3139.8654971833316        5.0000000000000000     
   3144.8654971833316        5.0000000000000000     
   3149.8654971833316        5.0000000000000000     
   3154.8654971833316        5.0000000000000000     
   3159.8654971833316        5.0000000000000000     
   3164.8654971833316        5.0000000000000000     
   3169.8654971833316        5.0000000000000000     
   3174.8654971833316        5.0000000000000000     
   3179.8654971833316        5.0000000000000000     
   3184.8654971833316        5.0000000000000000     
   3189.8654971833316        5.0000000000000000     
   3194.8654971833316        5.0000000000000000     
   3199.8654971833316        5.0000000000000000     
   3204.8654971833316        5.0000000000000000     
   3209.8654971833316        5.0000000000000000     
   3214.8654971833316        5.0000000000000000     
   3219.8654971833316        5.0000000000000000     
   3224.8654971833316        5.0000000000000000     
   3229.8654971833316        5.0000000000000000     
   3234.8654971833316        5.0000000000000000     
   3239.8654971833316        5.0000000000000000     
   3244.8654971833316        5.0000000000000000     
   3249.8654971833316        5.0000000000000000     
   3254.8654971833316        5.0000000000000000     
   3259.8654971833316        5.0000000000000000     
   3264.8654971833316        5.0000000000000000     
   3269.8654971833316        5.0000000000000000     
   3274.8654971833316        5.0000000000000000     
   3279.8654971833316        5.0000000000000000     
   3284.8654971833316        5.0000000000000000     
   3289.8654971833316        5.0000000000000000     
   3294.8654971833316        5.0000000000000000     
   3299.8654971833316        5.0000000000000000     
   3304.8654971833316        5.0000000000000000     
   3309.8654971833316        5.0000000000000000     
   3314.8654971833316        5.0000000000000000     
   3319.8654971833316        5.0000000000000000     
   3324.8654971833316        5.0000000000000000     
   3329.8654971833316        5.0000000000000000     
   3334.8654971833316        5.0000000000000000     
   3339.8654971833316        5.0000000000000000     
   3344.8654971833316        5.0000000000000000     
   3349.8654971833316        5.0000000000000000     
   3354.8654971833316        5.0000000000000000     
   3359.8654971833316        5.0000000000000000     
   3364.8654971833316        5.0000000000000000     
   3369.8654971833316        5.0000000000000000     
   3374.8654971833316        5.0000000000000000     
   3379.8654971833316        5.0000000000000000     
   3384.8654971833316        5.0000000000000000     
   3389.8654971833316        5.0000000000000000     
   3394.8654971833316        5.0000000000000000     
   3399.8654971833316        5.0000000000000000     
   3404.8654971833316        5.0000000000000000     
   3409.8654971833316        5.0000000000000000     
   3414.8654971833316        5.0000000000000000     
   3419.8654971833316        5.0000000000000000     
   3424.8654971833316        5.0000000000000000     
   3429.8654971833316        5.0000000000000000     
   3434.8654971833316        5.0000000000000000     
   3439.8654971833316        5.0000000000000000     
   3444.8654971833316        5.0000000000000000     
   3449.8654971833316        5.0000000000000000     
   3454.8654971833316        5.0000000000000000     
   3459.8654971833316        5.0000000000000000     
   3464.8654971833316        5.0000000000000000     
   3469.8654971833316        5.0000000000000000     
   3474.8654971833316        5.0000000000000000     
   3479.8654971833316        5.0000000000000000     
   3484.8654971833316        5.0000000000000000     
   3489.8654971833316        5.0000000000000000     
   3494.8654971833316        5.0000000000000000     
   3499.8654971833316        5.0000000000000000     
   3504.8654971833316        5.0000000000000000     
   3509.8654971833316        5.0000000000000000     
   3514.8654971833316        5.0000000000000000     
   3519.8654971833316        5.0000000000000000     
   3524.8654971833316        5.0000000000000000     
   3529.8654971833316        5.0000000000000000     
   3534.8654971833316        5.0000000000000000     
   3539.8654971833316        5.0000000000000000     
   3544.8654971833316        5.0000000000000000     
   3549.8654971833316        5.0000000000000000     
   3554.8654971833316        5.0000000000000000     
   3559.8654971833316        5.0000000000000000     
   3564.8654971833316        5.0000000000000000     
   3569.8654971833316        5.0000000000000000     
   3574.8654971833316        5.0000000000000000     
   3579.8654971833316        5.0000000000000000     
   3584.8654971833316        5.0000000000000000     
   3589.8654971833316        5.0000000000000000     
   3594.8654971833316        5.0000000000000000     
   3599.8654971833316        5.0000000000000000     
   3604.8654971833316        5.0000000000000000     
   3609.8654971833316        5.0000000000000000     
   3614.8654971833316        5.0000000000000000     
   3619.8654971833316        5.0000000000000000     
   3624.8654971833316        5.0000000000000000     
   3629.8654971833316        5.0000000000000000     
   3634.8654971833316        5.0000000000000000     
   3639.8654971833316        5.0000000000000000     
   3644.8654971833316        5.0000000000000000     
   3649.8654971833316        5.0000000000000000     
   3654.8654971833316        5.0000000000000000     
   3659.8654971833316        5.0000000000000000     
   3664.8654971833316        5.0000000000000000     
   3669.8654971833316        5.0000000000000000     
   3674.8654971833316        5.0000000000000000     
   3679.8654971833316        5.0000000000000000     
   3684.8654971833316        5.0000000000000000     
   3689.8654971833316        5.0000000000000000     
   3694.8654971833316        5.0000000000000000     
   3699.8654971833316        5.0000000000000000     
   3704.8654971833316        5.0000000000000000     
   3709.8654971833316        5.0000000000000000     
   3714.8654971833316        5.0000000000000000     
   3719.8654971833316        5.0000000000000000     
   3724.8654971833316        5.0000000000000000     
   3729.8654971833316        5.0000000000000000     
   3734.8654971833316        5.0000000000000000     
   3739.8654971833316        5.0000000000000000     
   3744.8654971833316        5.0000000000000000     
   3749.8654971833316        5.0000000000000000     
   3754.8654971833316        5.0000000000000000     
   3759.8654971833316        5.0000000000000000     
   3764.8654971833316        5.0000000000000000     
   3769.8654971833316        5.0000000000000000     
   3774.8654971833316        5.0000000000000000     
   3779.8654971833316        5.0000000000000000     
   3784.8654971833316        5.0000000000000000     
   3789.8654971833316        5.0000000000000000     
   3794.8654971833316        5.0000000000000000     
   3799.8654971833316        5.0000000000000000     
