                    1     2.5000000000000001E-003     2.2715762010143687     
                    2     7.4999999999999997E-003     2.2618329585940473     
                    3     1.2500000000000001E-002     2.2520614294047490     
                    4     1.7500000000000002E-002     2.2422613148213251     
                    5     2.2499999999999999E-002     2.2324323298409818     
                    6     2.7500000000000000E-002     2.2225741653377291     
                    7     3.2500000000000001E-002     2.2126865258658617     
                    8     3.7500000000000006E-002     2.2027690912618212     
                    9     4.2499999999999996E-002     2.1928215550930359     
                   10     4.7500000000000001E-002     2.1828435855855073     
                   11     5.2500000000000005E-002     2.1728348647387223     
                   12     5.7499999999999996E-002     2.1627950485561858     
                   13     6.2500000000000000E-002     2.1527238068480967     
                   14     6.7500000000000004E-002     2.1426207827408810     
                   15     7.2500000000000009E-002     2.1324856331903490     
                   16     7.7499999999999999E-002     2.1223179877450491     
                   17     8.2500000000000004E-002     2.1121174897937181     
                   18     8.7499999999999994E-002     2.1018837545559359     
                   19     9.2499999999999999E-002     2.0916164110888511     
                   20     9.7500000000000003E-002     2.0813150594771894     
                   21    0.10250000000000001          2.0709793136254682     
                   22    0.10750000000000000          2.0606087576178780     
                   23    0.11250000000000000          2.0502029893235250     
                   24    0.11749999999999999          2.0397615758950534     
                   25    0.12250000000000000          2.0292840982158462     
                   26    0.12750000000000000          2.0187701055044904     
                   27    0.13250000000000001          2.0082191606343649     
                   28    0.13750000000000001          1.9976307938091269     
                   29    0.14250000000000002          1.9870045487867101     
                   30    0.14749999999999999          1.9763399355889462     
                   31    0.15250000000000000          1.9656364776636970     
                   32    0.15750000000000000          1.9548936635894889     
                   33    0.16250000000000001          1.9441109952113131     
                   34    0.16750000000000001          1.9332879382987262     
                   35    0.17250000000000001          1.9224239716928007     
                   36    0.17749999999999999          1.9115185368735090     
                   37    0.18250000000000000          1.9005710881573787     
                   38    0.18750000000000000          1.8895810411271163     
                   39    0.19250000000000000          1.8785478239217381     
                   40    0.19750000000000001          1.8674708244782741     
                   41    0.20250000000000001          1.8563494429585210     
                   42    0.20750000000000002          1.8451830377492575     
                   43    0.21249999999999999          1.8339709790723084     
                   44    0.21750000000000000          1.8227125936859729     
                   45    0.22250000000000000          1.8114072197278150     
                   46    0.22750000000000001          1.8000541500559200     
                   47    0.23250000000000001          1.7886526883767400     
                   48    0.23749999999999999          1.7772020911602939     
                   49    0.24249999999999999          1.7657016251085325     
                   50    0.24750000000000000          1.7541505075736319     
                   51    0.25250000000000000          1.7425479654256968     
                   52    0.25750000000000001          1.7308931738978202     
                   53    0.26250000000000001          1.7191853169155271     
                   54    0.26750000000000002          1.7074235242861970     
                   55    0.27250000000000002          1.6956069335565043     
                   56    0.27750000000000002          1.6837346254570331     
                   57    0.28250000000000003          1.6718056873580922     
                   58    0.28749999999999998          1.6598191468728065     
                   59    0.29249999999999998          1.6477740369860849     
                   60    0.29749999999999999          1.6356693277110299     
                   61    0.30249999999999999          1.6235039929705359     
                   62    0.30750000000000000          1.6112769401923663     
                   63    0.31250000000000000          1.5989870790278602     
                   64    0.31750000000000000          1.5866332487603130     
                   65    0.32250000000000001          1.5742142889505928     
                   66    0.32750000000000001          1.5617289645213162     
                   67    0.33250000000000002          1.5491760384247861     
                   68    0.33750000000000002          1.5365541942516465     
                   69    0.34250000000000003          1.5238621110224519     
                   70    0.34750000000000003          1.5110983831536797     
                   71    0.35250000000000004          1.4982615974803908     
                   72    0.35749999999999998          1.4853502503943137     
                   73    0.36249999999999999          1.4723628272113849     
                   74    0.36749999999999999          1.4592977162756164     
                   75    0.37250000000000000          1.4461532907917238     
                   76    0.37750000000000000          1.4329278196640576     
                   77    0.38250000000000001          1.4196195519208779     
                   78    0.38750000000000001          1.4062266240290335     
                   79    0.39250000000000002          1.3927471470424844     
                   80    0.39750000000000002          1.3791791100997068     
                   81    0.40250000000000002          1.3655204704344706     
                   82    0.40750000000000003          1.3517690527229114     
                   83    0.41250000000000003          1.3379226420988237     
                   84    0.41749999999999998          1.3239788789694069     
                   85    0.42249999999999999          1.3099353551797197     
                   86    0.42749999999999999          1.2957895038582055     
                   87    0.43250000000000000          1.2815386988743875     
                   88    0.43750000000000000          1.2671801392046822     
                   89    0.44250000000000000          1.2527109518223485     
                   90    0.44750000000000001          1.2381280699871340     
                   91    0.45250000000000001          1.2234283396946464     
                   92    0.45750000000000002          1.2086083911850547     
                   93    0.46250000000000002          1.1936647490570738     
                   94    0.46750000000000003          1.1785936961543833     
                   95    0.47250000000000003          1.1633913874123469     
                   96    0.47750000000000004          1.1480537051064017     
                   97    0.48249999999999998          1.1325763764400174     
                   98    0.48749999999999999          1.1169548189133907     
                   99    0.49249999999999999          1.1011842615677585     
                  100    0.49750000000000000          1.0852595789355441     
                  101    0.50249999999999995          1.0691754157117406     
                  102    0.50750000000000006          1.0529260073491300     
                  103    0.51249999999999996          1.0365053077052986     
                  104    0.51750000000000007          1.0199067938050030     
                  105    0.52249999999999996          1.0031235956691973     
                  106    0.52750000000000008         0.98614828201399152     
                  107    0.53249999999999997         0.96897299093785083     
                  108    0.53750000000000009         0.95158919225745175     
                  109    0.54249999999999998         0.93398781689913069     
                  110    0.54750000000000010         0.91615899001609158     
                  111    0.55249999999999999         0.89809215561194344     
                  112    0.55750000000000011         0.87977577225834713     
                  113    0.56250000000000000         0.86119742734619886     
                  114    0.56750000000000012         0.84234348364250233     
                  115    0.57250000000000001         0.82319917403652676     
                  116    0.57750000000000001         0.80374818147543947     
                  117    0.58250000000000002         0.78397269907166334     
                  118    0.58749999999999991         0.76385291653606946     
                  119    0.59250000000000003         0.74336701996141064     
                  120    0.59749999999999992         0.72249054161392323     
                  121    0.60250000000000004         0.70119625440086431     
                  122    0.60749999999999993         0.67945331238846540     
                  123    0.61250000000000004         0.65722695788813801     
                  124    0.61749999999999994         0.63447732333355833     
                  125    0.62250000000000005         0.61115879341200574     
                  126    0.62749999999999995         0.58721822184326000     
                  127    0.63250000000000006         0.56259362554689196     
                  128    0.63749999999999996         0.53721130645573578     
                  129    0.64250000000000007         0.51098315714315878     
                  130    0.64749999999999996         0.48380151704557600     
                  131    0.65250000000000008         0.45553329111452345     
                  132    0.65749999999999997         0.42600945735501561     
                  133    0.66250000000000009         0.39501075638967453     
                  134    0.66749999999999998         0.36224201489586449     
                  135    0.67250000000000010         0.32729019541591753     
                  136    0.67749999999999999         0.28954148282458997     
                  137    0.68250000000000011         0.24800890205717291     
                  138    0.68750000000000000         0.20088677922165959     
                  139    0.69250000000000012         0.14400458435829677     
                  140    0.69750000000000001          5.6190894774043619E-002
