                    1     0.0000000000000000          8.6469139606735780E-003
                    2     5.0000000000000001E-003     8.6097732851818706E-003
                    3     1.0000000000000000E-002     8.5724899674116898E-003
                    4     1.4999999999999999E-002     8.5351337859436664E-003
                    5     2.0000000000000000E-002     8.4976326928409042E-003
                    6     2.5000000000000001E-002     8.4600565656636709E-003
                    7     2.9999999999999999E-002     8.4223331777641772E-003
                    8     3.5000000000000003E-002     8.3845325060079544E-003
                    9     4.0000000000000001E-002     8.3465821406387315E-003
                   10     4.4999999999999998E-002     8.3085521580935611E-003
                   11     5.0000000000000003E-002     8.2703699608954687E-003
                   12     5.5000000000000000E-002     8.2321057252522627E-003
                   13     5.9999999999999998E-002     8.1936866611240344E-003
                   14     6.5000000000000002E-002     8.1551830446130406E-003
                   15     7.0000000000000007E-002     8.1165218880273910E-003
                   16     7.4999999999999997E-002     8.0777735674023871E-003
                   17     8.0000000000000002E-002     8.0388648920399104E-003
                   18     8.5000000000000006E-002     7.9998663378511060E-003
                   19     8.9999999999999997E-002     7.9607045054920274E-003
                   20     9.5000000000000001E-002     7.9214499705846514E-003
                   21    0.10000000000000001          7.8820291191921184E-003
                   22    0.10500000000000000          7.8425126263609798E-003
                   23    0.11000000000000000          7.8028266572825241E-003
                   24    0.11500000000000000          7.7630419860051977E-003
                   25    0.12000000000000000          7.7230845502108377E-003
                   26    0.12500000000000000          7.6830252223736711E-003
                   27    0.13000000000000000          7.6427897056401675E-003
                   28    0.13500000000000001          7.6024489701615834E-003
                   29    0.14000000000000001          7.5619284771020270E-003
                   30    0.14499999999999999          7.5212992933467292E-003
                   31    0.14999999999999999          7.4804866301730385E-003
                   32    0.15500000000000000          7.4395616500383026E-003
                   33    0.16000000000000000          7.3984493059309642E-003
                   34    0.16500000000000001          7.3572208544721183E-003
                   35    0.17000000000000001          7.3158009814165061E-003
                   36    0.17500000000000002          7.2742610358626468E-003
                   37    0.17999999999999999          7.2325254267940455E-003
                   38    0.18500000000000000          7.1906655937866611E-003
                   39    0.19000000000000000          7.1486056588665166E-003
                   40    0.19500000000000001          7.1064171497327213E-003
                   41    0.20000000000000001          7.0640238905561046E-003
                   42    0.20500000000000002          7.0214974944040002E-003
                   43    0.20999999999999999          6.9787614759124188E-003
                   44    0.21500000000000000          6.9358875303083944E-003
                   45    0.22000000000000000          6.8927988501522094E-003
                   46    0.22500000000000001          6.8495672091078595E-003
                   47    0.23000000000000001          6.8061154641681247E-003
                   48    0.23500000000000001          6.7625154631274203E-003
                   49    0.23999999999999999          6.7186897128669364E-003
                   50    0.24500000000000000          6.6747101303411410E-003
                   51    0.25000000000000000          6.6304988566080747E-003
                   52    0.25500000000000000          6.5861278720557486E-003
                   53    0.26000000000000001          6.5415189349088904E-003
                   54    0.26500000000000001          6.4967440823996874E-003
                   55    0.27000000000000002          6.4517246714609960E-003
                   56    0.27500000000000002          6.4065327885932180E-003
                   57    0.28000000000000003          6.3610893693587531E-003
                   58    0.28500000000000003          6.3154665408198000E-003
                   59    0.28999999999999998          6.2695847952723384E-003
                   60    0.29499999999999998          6.2235162903356879E-003
                   61    0.29999999999999999          6.1771810510983984E-003
                   62    0.30499999999999999          6.1306512542376552E-003
                   63    0.31000000000000000          6.0838464313848588E-003
                   64    0.31500000000000000          6.0368387650507338E-003
                   65    0.32000000000000001          5.9895472645446176E-003
                   66    0.32500000000000001          5.9420441029898437E-003
                   67    0.33000000000000002          5.8942477355358545E-003
                   68    0.33500000000000002          5.8462303083799067E-003
                   69    0.34000000000000002          5.7979096872815420E-003
                   70    0.34500000000000003          5.7493579712742217E-003
                   71    0.35000000000000003          5.7004923976117844E-003
                   72    0.35499999999999998          5.6513849947725445E-003
                   73    0.35999999999999999          5.6019523279191748E-003
                   74    0.36499999999999999          5.5522663278854247E-003
                   75    0.37000000000000000          5.5022428389936897E-003
                   76    0.37500000000000000          5.4519536629905416E-003
                   77    0.38000000000000000          5.4013138686160866E-003
                   78    0.38500000000000001          5.3503950919417103E-003
                   79    0.39000000000000001          5.2991115643939895E-003
                   80    0.39500000000000002          5.2475347136725706E-003
                   81    0.40000000000000002          5.1955778639660131E-003
                   82    0.40500000000000003          5.1433121846195147E-003
                   83    0.41000000000000003          5.0906500130017849E-003
                   84    0.41500000000000004          5.0376622013861777E-003
                   85    0.41999999999999998          4.9842600092903037E-003
                   86    0.42499999999999999          4.9305139026702503E-003
                   87    0.42999999999999999          4.8763339585028796E-003
                   88    0.43500000000000000          4.8217901744179422E-003
                   89    0.44000000000000000          4.7667913237602159E-003
                   90    0.44500000000000001          4.7114068382526578E-003
                   91    0.45000000000000001          4.6555440466806335E-003
                   92    0.45500000000000002          4.5992716981539655E-003
                   93    0.46000000000000002          4.5424955117988322E-003
                   94    0.46500000000000002          4.4852834137409821E-003
                   95    0.47000000000000003          4.4275393186486208E-003
                   96    0.47500000000000003          4.3693301597783236E-003
                   97    0.47999999999999998          4.3105578157286179E-003
                   98    0.48499999999999999          4.2512880198722625E-003
                   99    0.48999999999999999          4.1914203370567206E-003
                  100    0.49500000000000000          4.1310190466033320E-003
                  101    0.50000000000000000          4.0699810636700218E-003
                  102    0.50500000000000000          4.0083688988545160E-003
                  103    0.51000000000000001          3.9460764071769048E-003
                  104    0.51500000000000001          3.8831639373151160E-003
                  105    0.52000000000000002          3.8195217772128884E-003
                  106    0.52500000000000002          3.7552076172362291E-003
                  107    0.53000000000000003          3.6901075446349524E-003
                  108    0.53500000000000003          3.6242759575523054E-003
                  109    0.54000000000000004          3.5575939400713809E-003
                  110    0.54500000000000004          3.4901117780822936E-003
                  111    0.55000000000000004          3.4217045211214522E-003
                  112    0.55500000000000005          3.3524172664839646E-003
                  113    0.56000000000000005          3.2821176815343504E-003
                  114    0.56500000000000006          3.2108442386659056E-003
                  115    0.57000000000000006          3.1384554291046932E-003
                  116    0.57500000000000007          3.0649811471014816E-003
                  117    0.57999999999999996          2.9902682683147722E-003
                  118    0.58499999999999996          2.9143353940340021E-003
                  119    0.58999999999999997          2.8370143850567071E-003
                  120    0.59499999999999997          2.7583086791622968E-003
                  121    0.59999999999999998          2.6780302484881195E-003
                  122    0.60499999999999998          2.5961616809402370E-003
                  123    0.60999999999999999          2.5124878329134182E-003
                  124    0.61499999999999999          2.4269617830672140E-003
                  125    0.62000000000000000          2.3393301137313604E-003
                  126    0.62500000000000000          2.2495026186149640E-003
                  127    0.63000000000000000          2.1571695049801189E-003
                  128    0.63500000000000001          2.0621741431220445E-003
                  129    0.64000000000000001          1.9641191237685972E-003
                  130    0.64500000000000002          1.8627397362623217E-003
                  131    0.65000000000000002          1.7574925288982295E-003
                  132    0.65500000000000003          1.6479224967340799E-003
                  133    0.66000000000000003          1.5332183860304451E-003
                  134    0.66500000000000004          1.4125505522959562E-003
                  135    0.67000000000000004          1.2845436337654594E-003
                  136    0.67500000000000004          1.1474931195860629E-003
                  137    0.68000000000000005          9.9853963296694264E-004
                  138    0.68500000000000005          8.3323094886300717E-004
                  139    0.69000000000000006          6.4272564220200308E-004
                  140    0.69500000000000006          4.0553027862490757E-004
                  141    0.70000000000000007          0.0000000000000000     
