                    1     0.0000000000000000         0.13153277137548422     
                    2     5.0000000000000001E-003    0.13096824061040702     
                    3     1.0000000000000000E-002    0.13040153631775028     
                    4     1.4999999999999999E-002    0.12983372479499281     
                    5     2.0000000000000000E-002    0.12926370520077182     
                    6     2.5000000000000001E-002    0.12869254533925542     
                    7     2.9999999999999999E-002    0.12811914164866336     
                    8     3.5000000000000003E-002    0.12754456344492809     
                    9     4.0000000000000001E-002    0.12696770437878932     
                   10     4.4999999999999998E-002    0.12638963528212008     
                   11     5.0000000000000003E-002    0.12580924694784465     
                   12     5.5000000000000000E-002    0.12522761172693850     
                   13     5.9999999999999998E-002    0.12464361748066777     
                   14     6.5000000000000002E-002    0.12405833808112803     
                   15     7.0000000000000007E-002    0.12347065838032147     
                   16     7.4999999999999997E-002    0.12288165377219196     
                   17     8.0000000000000002E-002    0.12229020601782836     
                   18     8.5000000000000006E-002    0.12169739203229947     
                   19     8.9999999999999997E-002    0.12110209039978075     
                   20     9.5000000000000001E-002    0.12050537955410828     
                   21    0.10000000000000001         0.11990613481185590     
                   22    0.10500000000000000         0.11930543612143080     
                   23    0.11000000000000000         0.11870215543605765     
                   24    0.11500000000000000         0.11809737421244976     
                   25    0.12000000000000000         0.11748996093926693     
                   26    0.12500000000000000         0.11688099857293614     
                   27    0.13000000000000000         0.11626935203041654     
                   28    0.13500000000000001         0.11565610575663696     
                   29    0.14000000000000001         0.11504012098330099     
                   30    0.14499999999999999         0.11442248362967893     
                   31    0.14999999999999999         0.11380205112169074     
                   32    0.15500000000000000         0.11317991083546697     
                   33    0.16000000000000000         0.11255491626302817     
                   34    0.16500000000000001         0.11192815621614181     
                   35    0.17000000000000001         0.11129848011654113     
                   36    0.17500000000000002         0.11066697818618712     
                   37    0.17999999999999999         0.11003249563110237     
                   38    0.18500000000000000         0.10939612405323530     
                   39    0.19000000000000000         0.10875670428758602     
                   40    0.19500000000000001         0.10811532928050337     
                   41    0.20000000000000001         0.10747083532980875     
                   42    0.20500000000000002         0.10682431668457915     
                   43    0.20999999999999999         0.10617460492738263     
                   44    0.21500000000000000         0.10552279556146170     
                   45    0.22000000000000000         0.10486771526292890     
                   46    0.22500000000000001         0.10421046073281741     
                   47    0.23000000000000001         0.10354985353508925     
                   48    0.23500000000000001         0.10288699150332313     
                   49    0.23999999999999999         0.10222069086759716     
                   50    0.24500000000000000         0.10155205051870288     
                   51    0.25000000000000000         0.10087988111330792     
                   52    0.25500000000000000         0.10020528251259268     
                   53    0.26000000000000001          9.9527059540496648E-002
                   54    0.26500000000000001          9.8846312928650495E-002
                   55    0.27000000000000002          9.8161841386874310E-002
                   56    0.27500000000000002          9.7474746402314155E-002
                   57    0.28000000000000003          9.6783820264590995E-002
                   58    0.28500000000000003          9.6090165084246212E-002
                   59    0.28999999999999998          9.5392566396926851E-002
                   60    0.29499999999999998          9.4692126784712255E-002
                   61    0.29999999999999999          9.3987624664336508E-002
                   62    0.30499999999999999          9.3280162914835665E-002
                   63    0.31000000000000000          9.2568512433910982E-002
                   64    0.31500000000000000          9.1853776196743328E-002
                   65    0.32000000000000001          9.1134717142031002E-002
                   66    0.32500000000000001          9.0412438109926066E-002
                   67    0.33000000000000002          8.9685693594853649E-002
                   68    0.33500000000000002          8.8955586035515552E-002
                   69    0.34000000000000002          8.8220860945106255E-002
                   70    0.34500000000000003          8.7482620053406512E-002
                   71    0.35000000000000003          8.6739599296215372E-002
                   72    0.35499999999999998          8.5992899338955195E-002
                   73    0.35999999999999999          8.5241245875763233E-002
                   74    0.36499999999999999          8.4485738096014770E-002
                   75    0.37000000000000000          8.3725090709244943E-002
                   76    0.37500000000000000          8.2960400950872842E-002
                   77    0.38000000000000000          8.2190371711584720E-002
                   78    0.38500000000000001          8.1416097716657670E-002
                   79    0.39000000000000001          8.0636269097198829E-002
                   80    0.39500000000000002          7.9851977419223022E-002
                   81    0.40000000000000002          7.9061898988702903E-002
                   82    0.40500000000000003          7.8267121452413546E-002
                   83    0.41000000000000003          7.7466306078510627E-002
                   84    0.41500000000000004          7.6660535701647992E-002
                   85    0.41999999999999998          7.5848455165055881E-002
                   86    0.42499999999999999          7.5031141438185414E-002
                   87    0.42999999999999999          7.4207221344158594E-002
                   88    0.43500000000000000          7.3377764739913032E-002
                   89    0.44000000000000000          7.2541378583417748E-002
                   90    0.44500000000000001          7.1699124134817493E-002
                   91    0.45000000000000001          7.0849586339708767E-002
                   92    0.45500000000000002          6.9993816086086985E-002
                   93    0.46000000000000002          6.9130373791726887E-002
                   94    0.46500000000000002          6.8260297836947093E-002
                   95    0.47000000000000003          6.7382121143839499E-002
                   96    0.47500000000000003          6.6496867000294738E-002
                   97    0.47999999999999998          6.5603037304087425E-002
                   98    0.48499999999999999          6.4701637100765555E-002
                   99    0.48999999999999999          6.3791133033376884E-002
                  100    0.49500000000000000          6.2872508037441502E-002
                  101    0.50000000000000000          6.1944188383453155E-002
                  102    0.50500000000000000          6.1007130108160348E-002
                  103    0.51000000000000001          6.0059712856689734E-002
                  104    0.51500000000000001          5.9102859782847315E-002
                  105    0.52000000000000002          5.8134896183777790E-002
                  106    0.52500000000000002          5.7156704775066861E-002
                  107    0.53000000000000003          5.6166546853605843E-002
                  108    0.53500000000000003          5.5165255047720130E-002
                  109    0.54000000000000004          5.4151014429658528E-002
                  110    0.54500000000000004          5.3124595057573762E-002
                  111    0.55000000000000004          5.2084090067792750E-002
                  112    0.55500000000000005          5.1030190562551730E-002
                  113    0.56000000000000005          4.9960877213638143E-002
                  114    0.56500000000000006          4.8876740300171272E-002
                  115    0.57000000000000006          4.7775620701603121E-002
                  116    0.57500000000000007          4.6657978134538786E-002
                  117    0.57999999999999996          4.5521476525691301E-002
                  118    0.58499999999999996          4.4366403691254878E-002
                  119    0.58999999999999997          4.3190194822406124E-002
                  120    0.59499999999999997          4.1992906894630110E-002
                  121    0.59999999999999998          4.0771672117694967E-002
                  122    0.60499999999999998          3.9526230028279097E-002
                  123    0.60999999999999999          3.8253299756759632E-002
                  124    0.61499999999999999          3.6952171515646753E-002
                  125    0.62000000000000000          3.5618981362662026E-002
                  126    0.62500000000000000          3.4252360357959713E-002
                  127    0.63000000000000000          3.2847585709648582E-002
                  128    0.63500000000000001          3.1402276849574140E-002
                  129    0.64000000000000001          2.9910376124838153E-002
                  130    0.64500000000000002          2.8367856679137264E-002
                  131    0.65000000000000002          2.6766435705236628E-002
                  132    0.65500000000000003          2.5099187339792342E-002
                  133    0.66000000000000003          2.3353747999866885E-002
                  134    0.66500000000000004          2.1517483332755397E-002
                  135    0.67000000000000004          1.9569432372841623E-002
                  136    0.67500000000000004          1.7483626590248887E-002
                  137    0.68000000000000005          1.5216480988840920E-002
                  138    0.68500000000000005          1.2700129443283713E-002
                  139    0.69000000000000006          9.7997339478204225E-003
                  140    0.69500000000000006          6.1872932654127698E-003
                  141    0.70000000000000007          0.0000000000000000     
