                    1   0.0000000000000000        5.4676210058360525E-004
                    2  0.10000000000000001        5.4676210058305654E-004
                    3  0.20000000000000001        5.4676210058127650E-004
                    4  0.30000000000000004        5.4676210057793737E-004
                    5  0.40000000000000002        5.4676210057256905E-004
                    6  0.50000000000000000        5.4676210056451039E-004
                    7  0.60000000000000009        5.4676210055284199E-004
                    8  0.70000000000000007        5.4676210053629501E-004
                    9  0.80000000000000004        5.4676210051312962E-004
                   10  0.90000000000000002        5.4676210048096904E-004
                   11   1.0000000000000000        5.4676210043657822E-004
                   12   1.1000000000000001        5.4676210037556659E-004
                   13   1.2000000000000002        5.4676210029199032E-004
                   14   1.3000000000000000        5.4676210017782329E-004
                   15   1.4000000000000001        5.4676210002225036E-004
                   16   1.5000000000000000        5.4676209981072989E-004
                   17   1.6000000000000001        5.4676209952375003E-004
                   18   1.7000000000000002        5.4676209913518369E-004
                   19   1.8000000000000000        5.4676209861011541E-004
                   20   1.9000000000000001        5.4676209790198069E-004
                   21   2.0000000000000000        5.4676209694879947E-004
                   22   2.1000000000000001        5.4676209566823885E-004
                   23   2.2000000000000002        5.4676209395114386E-004
                   24   2.3000000000000003        5.4676209165308324E-004
                   25   2.4000000000000004        5.4676208858332374E-004
                   26   2.5000000000000000        5.4676208449047810E-004
                   27   2.6000000000000001        5.4676207904386077E-004
                   28   2.7000000000000002        5.4676207180931924E-004
                   29   2.8000000000000003        5.4676206221796213E-004
                   30   2.9000000000000004        5.4676204952578105E-004
                   31   3.0000000000000000        5.4676203276161569E-004
                   32   3.1000000000000001        5.4676201066023128E-004
                   33   3.2000000000000002        5.4676198157641508E-004
                   34   3.3000000000000003        5.4676194337492949E-004
                   35   3.4000000000000004        5.4676189328980410E-004
                   36   3.5000000000000000        5.4676182774477864E-004
                   37   3.6000000000000001        5.4676174212460904E-004
                   38   3.7000000000000002        5.4676163048434626E-004
                   39   3.8000000000000003        5.4676148518047077E-004
                   40   3.9000000000000004        5.4676129640375895E-004
                   41   4.0000000000000000        5.4676105158881221E-004
                   42   4.1000000000000005        5.4676073466907360E-004
                   43   4.2000000000000002        5.4676032513863171E-004
                   44   4.2999999999999998        5.4675979687286648E-004
                   45   4.4000000000000004        5.4675911664863082E-004
                   46   4.5000000000000000        5.4675824229075739E-004
                   47   4.6000000000000005        5.4675712035465445E-004
                   48   4.7000000000000002        5.4675568323397092E-004
                   49   4.8000000000000007        5.4675384555696676E-004
                   50   4.9000000000000004        5.4675149970437439E-004
                   51   5.0000000000000000        5.4674851024402922E-004
                   52   5.1000000000000005        5.4674470703203106E-004
                   53   5.2000000000000002        5.4673987667503516E-004
                   54   5.3000000000000007        5.4673375198149366E-004
                   55   5.4000000000000004        5.4672599894897678E-004
                   56   5.5000000000000000        5.4671620073727645E-004
                   57   5.6000000000000005        5.4670383795955250E-004
                   58   5.7000000000000002        5.4668826448234979E-004
                   59   5.8000000000000007        5.4666867775517950E-004
                   60   5.9000000000000004        5.4664408248595610E-004
                   61   6.0000000000000000        5.4661324623319664E-004
                   62   6.1000000000000005        5.4657464519163599E-004
                   63   6.2000000000000002        5.4652639809534616E-004
                   64   6.3000000000000007        5.4646618574036884E-004
                   65   6.4000000000000004        5.4639115312397923E-004
                   66   6.5000000000000000        5.4629779059413720E-004
                   67   6.6000000000000005        5.4618178968169836E-004
                   68   6.7000000000000002        5.4603786842716674E-004
                   69   6.8000000000000007        5.4585955998663735E-004
                   70   6.9000000000000004        5.4563895707656035E-004
                   71   7.0000000000000000        5.4536640335653744E-004
                   72   7.1000000000000005        5.4503012110896276E-004
                   73   7.2000000000000002        5.4461576250096106E-004
                   74   7.3000000000000007        5.4410586924470228E-004
                   75   7.4000000000000004        5.4347922253187761E-004
                   76   7.5000000000000000        5.4271006161770872E-004
                   77   7.6000000000000005        5.4176714526329441E-004
                   78   7.7000000000000002        5.4061262528613677E-004
                   79   7.8000000000000007        5.3920069556708569E-004
                   80   7.9000000000000004        5.3747597283889726E-004
                   81   8.0000000000000000        5.3537155722411102E-004
                   82   8.0999999999999996        5.3280671054450304E-004
                   83   8.2000000000000011        5.2968407858886815E-004
                   84   8.3000000000000007        5.2588636944058808E-004
                   85   8.4000000000000004        5.2127238320267481E-004
                   86   8.5000000000000000        5.1567226850497900E-004
                   87   8.5999999999999996        5.0888185742736954E-004
                   88   8.7000000000000011        5.0065590219851243E-004
                   89   8.8000000000000007        4.9070000336775589E-004
                   90   8.9000000000000004        4.7866097906696325E-004
                   91   9.0000000000000000        4.6411537725126698E-004
                   92   9.0999999999999996        4.4655577596797538E-004
                   93   9.2000000000000011        4.2537444900499574E-004
                   94   9.3000000000000007        3.9984389363215372E-004
                   95   9.4000000000000004        3.6909362108834061E-004
                   96   9.5000000000000000        3.3208249602470773E-004
                   97   9.6000000000000014        2.8756577475996499E-004
                   98   9.7000000000000011        2.3405582973018256E-004
                   99   9.8000000000000007        1.6977535390455393E-004
                  100   9.9000000000000004        9.2601608207322020E-005
                  101   10.000000000000000        0.0000000000000000     
