                    1   0.0000000000000000        1.5856100916872851E-006                       NaN                       NaN
                    2  0.10000000000000001        1.5856100916798928E-006                       NaN                       NaN
                    3  0.20000000000000001        1.5856100916615850E-006                       NaN                       NaN
                    4  0.30000000000000004        1.5856100916349971E-006                       NaN                       NaN
                    5  0.40000000000000002        1.5856100915971951E-006                       NaN                       NaN
                    6  0.50000000000000000        1.5856100915441447E-006                       NaN                       NaN
                    7  0.60000000000000009        1.5856100914703176E-006                       NaN                       NaN
                    8  0.70000000000000007        1.5856100913681686E-006                       NaN                       NaN
                    9  0.80000000000000004        1.5856100912274324E-006                       NaN                       NaN
                   10  0.90000000000000002        1.5856100910341727E-006                       NaN                       NaN
                   11   1.0000000000000000        1.5856100907695206E-006                       NaN                       NaN
                   12   1.1000000000000001        1.5856100904079822E-006                       NaN                       NaN
                   13   1.2000000000000002        1.5856100899151935E-006                       NaN                       NaN
                   14   1.3000000000000000        1.5856100892449291E-006                       NaN                       NaN
                   15   1.4000000000000001        1.5856100883351306E-006                       NaN                       NaN
                   16   1.5000000000000000        1.5856100871026565E-006                       NaN                       NaN
                   17   1.6000000000000001        1.5856100854363431E-006                       NaN                       NaN
                   18   1.7000000000000002        1.5856100831878541E-006                       NaN                       NaN
                   19   1.8000000000000000        1.5856100801596535E-006                       NaN                       NaN
                   20   1.9000000000000001        1.5856100760892015E-006                       NaN                       NaN
                   21   2.0000000000000000        1.5856100706282490E-006                       NaN                       NaN
                   22   2.1000000000000001        1.5856100633157871E-006                       NaN                       NaN
                   23   2.2000000000000002        1.5856100535427182E-006                       NaN                       NaN
                   24   2.3000000000000003        1.5856100405058723E-006                       NaN                       NaN
                   25   2.4000000000000004        1.5856100231482477E-006                       NaN                       NaN
                   26   2.5000000000000000        1.5856100000814994E-006                       NaN                       NaN
                   27   2.6000000000000001        1.5856099694856226E-006                       NaN                       NaN
                   28   2.7000000000000002        1.5856099289793758E-006                       NaN                       NaN
                   29   2.8000000000000003        1.5856098754532275E-006                       NaN                       NaN
                   30   2.9000000000000004        1.5856098048544442E-006                       NaN                       NaN
                   31   3.0000000000000000        1.5856097119111371E-006                       NaN                       NaN
                   32   3.1000000000000001        1.5856095897786313E-006                       NaN                       NaN
                   33   3.2000000000000002        1.5856094295871826E-006                       NaN                       NaN
                   34   3.3000000000000003        1.5856092198646567E-006                       NaN                       NaN
                   35   3.4000000000000004        1.5856089458010097E-006                       NaN                       NaN
                   36   3.5000000000000000        1.5856085883130658E-006                       NaN                       NaN
                   37   3.6000000000000001        1.5856081228576062E-006                       NaN                       NaN
                   38   3.7000000000000002        1.5856075179279214E-006                       NaN                       NaN
                   39   3.8000000000000003        1.5856067331530143E-006                       NaN                       NaN
                   40   3.9000000000000004        1.5856057168989178E-006                       NaN                       NaN
                   41   4.0000000000000000        1.5856044032473659E-006                       NaN                       NaN
                   42   4.1000000000000005        1.5856027081971905E-006                       NaN                       NaN
                   43   4.2000000000000002        1.5856005248972104E-006                       NaN                       NaN
                   44   4.2999999999999998        1.5855977176744940E-006                       NaN                       NaN
                   45   4.4000000000000004        1.5855941145669843E-006                       NaN                       NaN
                   46   4.5000000000000000        1.5855894980024589E-006                       NaN                       NaN
                   47   4.6000000000000005        1.5855835931840238E-006                       NaN                       NaN
                   48   4.7000000000000002        1.5855760536428690E-006                       NaN                       NaN
                   49   4.8000000000000007        1.5855664432980978E-006                       NaN                       NaN
                   50   4.9000000000000004        1.5855542142166713E-006                       NaN                       NaN
                   51   5.0000000000000000        1.5855386790886415E-006                       NaN                       NaN
                   52   5.1000000000000005        1.5855189772176805E-006                       NaN                       NaN
                   53   5.2000000000000002        1.5854940325667678E-006                       NaN                       NaN
                   54   5.3000000000000007        1.5854625020849841E-006                       NaN                       NaN
                   55   5.4000000000000004        1.5854227121629631E-006                       NaN                       NaN
                   56   5.5000000000000000        1.5853725806088743E-006                       NaN                       NaN
                   57   5.6000000000000005        1.5853095209889299E-006                       NaN                       NaN
                   58   5.7000000000000002        1.5852303255180029E-006                       NaN                       NaN
                   59   5.8000000000000007        1.5851310218959100E-006                       NaN                       NaN
                   60   5.9000000000000004        1.5850066985376353E-006                       NaN                       NaN
                   61   6.0000000000000000        1.5848512915108634E-006                       NaN                       NaN
                   62   6.1000000000000005        1.5846573251359237E-006                       NaN                       NaN
                   63   6.2000000000000002        1.5844155965786117E-006                       NaN                       NaN
                   64   6.3000000000000007        1.5841147928247114E-006                       NaN                       NaN
                   65   6.4000000000000004        1.5837410261058852E-006                       NaN                       NaN
                   66   6.5000000000000000        1.5832772710782404E-006                       NaN                       NaN
                   67   6.6000000000000005        1.5827026837522190E-006                       NaN                       NaN
                   68   6.7000000000000002        1.5819917782338663E-006                       NaN                       NaN
                   69   6.8000000000000007        1.5811134326429740E-006                       NaN                       NaN
                   70   6.9000000000000004        1.5800296899797928E-006                       NaN                       NaN
                   71   7.0000000000000000        1.5786943130488078E-006                       NaN                       NaN
                   72   7.1000000000000005        1.5770510446133287E-006                       NaN                       NaN
                   73   7.2000000000000002        1.5750315145076628E-006                       NaN                       NaN
                   74   7.3000000000000007        1.5725527241882859E-006                       NaN                       NaN
                   75   7.4000000000000004        1.5695140258212970E-006                       NaN                       NaN
                   76   7.5000000000000000        1.5657934970751961E-006                       NaN                       NaN
                   77   7.6000000000000005        1.5612435938337017E-006                       NaN                       NaN
                   78   7.7000000000000002        1.5556859404884725E-006                       NaN                       NaN
                   79   7.8000000000000007        1.5489050906329807E-006                       NaN                       NaN
                   80   7.9000000000000004        1.5406410590421311E-006                       NaN                       NaN
                   81   8.0000000000000000        1.5305803878179159E-006                       NaN                       NaN
                   82   8.0999999999999996        1.5183454643544980E-006                       NaN                       NaN
                   83   8.2000000000000011        1.5034817549501189E-006                       NaN                       NaN
                   84   8.3000000000000007        1.4854425538285789E-006                       NaN                       NaN
                   85   8.4000000000000004        1.4635707710750554E-006                       NaN                       NaN
                   86   8.5000000000000000        1.4370771922106870E-006                       NaN                       NaN
                   87   8.5999999999999996        1.4050145340512928E-006                       NaN                       NaN
                   88   8.7000000000000011        1.3662464928081434E-006                       NaN                       NaN
                   89   8.8000000000000007        1.3194108271476069E-006                       NaN                       NaN
                   90   8.9000000000000004        1.2628753364281077E-006                       NaN                       NaN
                   91   9.0000000000000000        1.1946853769691870E-006                       NaN                       NaN
                   92   9.0999999999999996        1.1125013002925336E-006                       NaN                       NaN
                   93   9.2000000000000011        1.0135238888363160E-006                       NaN                       NaN
                   94   9.3000000000000007        8.9440549717648672E-007                       NaN                       NaN
                   95   9.4000000000000004        7.5114416895762826E-007                       NaN                       NaN
                   96   9.5000000000000000        5.7895747802636073E-007                       NaN                       NaN
                   97   9.6000000000000014        3.7213222055707778E-007                       NaN                       NaN
                   98   9.7000000000000011        1.2384534404664318E-007                       NaN                       NaN
                   99   9.8000000000000007       -1.7404938398206804E-007                       NaN                       NaN
                  100   9.9000000000000004       -5.3127551721081763E-007                       NaN                       NaN
                  101   10.000000000000000       -8.7250161269021171E-007                       NaN                       NaN
