                    1     1.0000000000000000E-002    0.74050804677424986     
                    2     2.9999999999999999E-002    0.73721646536122853     
                    3     5.0000000000000003E-002    0.73382470626251173     
                    4     7.0000000000000007E-002    0.73032603243015726     
                    5     8.9999999999999997E-002    0.72671397878623600     
                    6    0.11000000000000000         0.72298040091145732     
                    7    0.13000000000000000         0.71911740609917274     
                    8    0.15000000000000002         0.71511507642130889     
                    9    0.16999999999999998         0.71096362964042981     
                   10    0.19000000000000000         0.70665081424058118     
                   11    0.21000000000000002         0.70216431543037094     
                   12    0.22999999999999998         0.69748874066182021     
                   13    0.25000000000000000         0.69260830469820567     
                   14    0.27000000000000002         0.68750328161615037     
                   15    0.29000000000000004         0.68215300310367721     
                   16    0.31000000000000000         0.67653158933638124     
                   17    0.33000000000000002         0.67061128185509089     
                   18    0.34999999999999998         0.66435715362994241     
                   19    0.37000000000000000         0.65773075294135708     
                   20    0.39000000000000001         0.65068327853083274     
                   21    0.41000000000000003         0.64315937835883930     
                   22    0.42999999999999999         0.63508782497485439     
                   23    0.45000000000000001         0.62638492746980989     
                   24    0.46999999999999997         0.61694067718873769     
                   25    0.48999999999999999         0.60662004417601234     
                   26    0.51000000000000001         0.59523964445862632     
                   27    0.53000000000000003         0.58256108612563096     
                   28    0.55000000000000004         0.56824347472052972     
                   29    0.57000000000000006         0.55180576359442945     
                   30    0.58999999999999997         0.53249758156736315     
                   31    0.60999999999999999         0.50910831609501406     
                   32    0.63000000000000000         0.47940519169400764     
                   33    0.65000000000000002         0.43862083615900982     
                   34    0.67000000000000004         0.37284673615503477     
                   35    0.69000000000000006         0.16552020795347183     
