                    1   5.0000000000000001E-003  -1.6156646805789280E-005
                    2   1.4999999999999999E-002  -1.5926757430202020E-005
                    3   2.5000000000000001E-002  -1.5696760980516391E-005
                    4   3.5000000000000003E-002  -1.5466660868740185E-005
                    5   4.4999999999999998E-002  -1.5236460353424326E-005
                    6   5.5000000000000000E-002  -1.5006162543979763E-005
                    7   6.5000000000000002E-002  -1.4775770404788351E-005
                    8   7.5000000000000011E-002  -1.4545286759109189E-005
                    9   8.4999999999999992E-002  -1.4314714292781369E-005
                   10   9.5000000000000001E-002  -1.4084055557723452E-005
                   11  0.10500000000000001       -1.3853312975229489E-005
                   12  0.11499999999999999       -1.3622488839060562E-005
                   13  0.12500000000000000       -1.3391585318330163E-005
                   14  0.13500000000000001       -1.3160604460180796E-005
                   15  0.14500000000000002       -1.2929548192248464E-005
                   16  0.15500000000000000       -1.2698418324910440E-005
                   17  0.16500000000000001       -1.2467216553310768E-005
                   18  0.17499999999999999       -1.2235944459156643E-005
                   19  0.18500000000000000       -1.2004603512277319E-005
                   20  0.19500000000000001       -1.1773195071935636E-005
                   21  0.20500000000000002       -1.1541720387880447E-005
                   22  0.21500000000000000       -1.1310180601126094E-005
                   23  0.22500000000000001       -1.1078576744442665E-005
                   24  0.23499999999999999       -1.0846909742538122E-005
                   25  0.24500000000000000       -1.0615180411910128E-005
                   26  0.25500000000000000       -1.0383389460341718E-005
                   27  0.26500000000000001       -1.0151537486010794E-005
                   28  0.27500000000000002       -9.9196249761783003E-006
                   29  0.28500000000000003       -9.6876523054141776E-006
                   30  0.29499999999999998       -9.4556197333131871E-006
                   31  0.30499999999999999       -9.2235274016447442E-006
                   32  0.31500000000000000       -8.9913753308709050E-006
                   33  0.32500000000000001       -8.7591634159553946E-006
                   34  0.33500000000000002       -8.5268914213724486E-006
                   35  0.34500000000000003       -8.2945589752076587E-006
                   36  0.35499999999999998       -8.0621655622227128E-006
                   37  0.36499999999999999       -7.8297105157312443E-006
                   38  0.37500000000000000       -7.5971930081028212E-006
                   39  0.38500000000000001       -7.3646120396749268E-006
                   40  0.39500000000000002       -7.1319664258065500E-006
                   41  0.40500000000000003       -6.8992547817495584E-006
                   42  0.41500000000000004       -6.6664755049416098E-006
                   43  0.42499999999999999       -6.4336267542328163E-006
                   44  0.43500000000000000       -6.2007064254414275E-006
                   45  0.44500000000000001       -5.9677121224834358E-006
                   46  0.45500000000000002       -5.7346411231255323E-006
                   47  0.46500000000000002       -5.5014903381545802E-006
                   48  0.47499999999999998       -5.2682562624170341E-006
                   49  0.48499999999999999       -5.0349349157261160E-006
                   50  0.49500000000000000       -4.8015217710162757E-006
                   51  0.50500000000000000       -4.5680116662734103E-006
                   52  0.51500000000000001       -4.3343986955810421E-006
                   53  0.52500000000000002       -4.1006760729359960E-006
                   54  0.53500000000000003       -3.8668359600497767E-006
                   55  0.54500000000000004       -3.6328692457589929E-006
                   56  0.55500000000000005       -3.3987652592527900E-006
                   57  0.56500000000000006       -3.1645113909561803E-006
                   58  0.57499999999999996       -2.9300925816025066E-006
                   59  0.58499999999999996       -2.6954906181781077E-006
                   60  0.59499999999999997       -2.4606831381730256E-006
                   61  0.60499999999999998       -2.2256421772367287E-006
                   62  0.61499999999999999       -1.9903319709372686E-006
                   63  0.62500000000000000       -1.7547054730507493E-006
                   64  0.63500000000000001       -1.5186985179820383E-006
                   65  0.64500000000000002       -1.2822192864767293E-006
                   66  0.65500000000000003       -1.0451273245815254E-006
                   67  0.66500000000000004       -8.0718550457704068E-007
                   68  0.67500000000000004       -5.6792404673763724E-007
                   69  0.68500000000000005       -3.2608890156782528E-007
                   70  0.69500000000000006       -7.9543651560990945E-008
