                    1   0.0000000000000000        0.0000000000000000     
                    2   1.0000000000000000E-002   0.0000000000000000     
                    3   2.0000000000000000E-002   0.0000000000000000     
                    4   2.9999999999999999E-002   0.0000000000000000     
                    5   4.0000000000000001E-002   0.0000000000000000     
                    6   5.0000000000000003E-002   0.0000000000000000     
                    7   5.9999999999999998E-002   0.0000000000000000     
                    8   7.0000000000000007E-002   0.0000000000000000     
                    9   8.0000000000000002E-002   0.0000000000000000     
                   10   8.9999999999999997E-002   0.0000000000000000     
                   11  0.10000000000000001        0.0000000000000000     
                   12  0.11000000000000000        0.0000000000000000     
                   13  0.12000000000000000        0.0000000000000000     
                   14  0.13000000000000000        0.0000000000000000     
                   15  0.14000000000000001        0.0000000000000000     
                   16  0.14999999999999999        0.0000000000000000     
                   17  0.16000000000000000        0.0000000000000000     
                   18  0.17000000000000001        0.0000000000000000     
                   19  0.17999999999999999        0.0000000000000000     
                   20  0.19000000000000000        0.0000000000000000     
                   21  0.20000000000000001        0.0000000000000000     
                   22  0.20999999999999999        0.0000000000000000     
                   23  0.22000000000000000        0.0000000000000000     
                   24  0.23000000000000001        0.0000000000000000     
                   25  0.23999999999999999        0.0000000000000000     
                   26  0.25000000000000000        0.0000000000000000     
                   27  0.26000000000000001        0.0000000000000000     
                   28  0.27000000000000002        0.0000000000000000     
                   29  0.28000000000000003        0.0000000000000000     
                   30  0.28999999999999998        0.0000000000000000     
                   31  0.29999999999999999        0.0000000000000000     
                   32  0.31000000000000000        0.0000000000000000     
                   33  0.32000000000000001        0.0000000000000000     
                   34  0.33000000000000002        0.0000000000000000     
                   35  0.34000000000000002        0.0000000000000000     
                   36  0.35000000000000003        0.0000000000000000     
                   37  0.35999999999999999        0.0000000000000000     
                   38  0.37000000000000000        0.0000000000000000     
                   39  0.38000000000000000        0.0000000000000000     
                   40  0.39000000000000001        0.0000000000000000     
                   41  0.40000000000000002        0.0000000000000000     
                   42  0.41000000000000003        0.0000000000000000     
                   43  0.41999999999999998        0.0000000000000000     
                   44  0.42999999999999999        0.0000000000000000     
                   45  0.44000000000000000        0.0000000000000000     
                   46  0.45000000000000001        0.0000000000000000     
                   47  0.46000000000000002        0.0000000000000000     
                   48  0.47000000000000003        0.0000000000000000     
                   49  0.47999999999999998        0.0000000000000000     
                   50  0.48999999999999999        0.0000000000000000     
                   51  0.50000000000000000        0.0000000000000000     
                   52  0.51000000000000001        0.0000000000000000     
                   53  0.52000000000000002        0.0000000000000000     
                   54  0.53000000000000003        0.0000000000000000     
                   55  0.54000000000000004        0.0000000000000000     
                   56  0.55000000000000004        0.0000000000000000     
                   57  0.56000000000000005        0.0000000000000000     
                   58  0.57000000000000006        0.0000000000000000     
                   59  0.57999999999999996        0.0000000000000000     
                   60  0.58999999999999997        0.0000000000000000     
                   61  0.59999999999999998        0.0000000000000000     
                   62  0.60999999999999999        0.0000000000000000     
                   63  0.62000000000000000        0.0000000000000000     
                   64  0.63000000000000000        0.0000000000000000     
                   65  0.64000000000000001        0.0000000000000000     
                   66  0.65000000000000002        0.0000000000000000     
                   67  0.66000000000000003        0.0000000000000000     
                   68  0.67000000000000004        0.0000000000000000     
                   69  0.68000000000000005        0.0000000000000000     
                   70  0.69000000000000006        0.0000000000000000     
                   71  0.70000000000000007        0.0000000000000000     
