                    1   0.0000000000000000        0.0000000000000000     
                    2   1.0000000000000000E-002   0.0000000000000000     
                    3   2.0000000000000000E-002   0.0000000000000000     
                    4   2.9999999999999999E-002   0.0000000000000000     
                    5   4.0000000000000001E-002   0.0000000000000000     
                    6   5.0000000000000003E-002   0.0000000000000000     
                    7   5.9999999999999998E-002   0.0000000000000000     
                    8   7.0000000000000007E-002   0.0000000000000000     
                    9   8.0000000000000002E-002   0.0000000000000000     
                   10   8.9999999999999997E-002   0.0000000000000000     
                   11  0.10000000000000001        0.0000000000000000     
                   12  0.11000000000000000        0.0000000000000000     
                   13  0.12000000000000000        0.0000000000000000     
                   14  0.13000000000000000        0.0000000000000000     
                   15  0.14000000000000001        0.0000000000000000     
                   16  0.14999999999999999        0.0000000000000000     
                   17  0.16000000000000000        0.0000000000000000     
                   18  0.17000000000000001        0.0000000000000000     
                   19  0.17999999999999999        0.0000000000000000     
                   20  0.19000000000000000        0.0000000000000000     
                   21  0.20000000000000001        0.0000000000000000     
                   22  0.20999999999999999        0.0000000000000000     
                   23  0.22000000000000000        0.0000000000000000     
                   24  0.23000000000000001        0.0000000000000000     
                   25  0.23999999999999999        0.0000000000000000     
                   26  0.25000000000000000        0.0000000000000000     
                   27  0.26000000000000001        0.0000000000000000     
                   28  0.27000000000000002        0.0000000000000000     
                   29  0.28000000000000003        0.0000000000000000     
                   30  0.28999999999999998        0.0000000000000000     
                   31  0.29999999999999999        0.0000000000000000     
                   32  0.31000000000000000        0.0000000000000000     
                   33  0.32000000000000001        0.0000000000000000     
                   34  0.33000000000000002        0.0000000000000000     
                   35  0.34000000000000002        0.0000000000000000     
                   36  0.35000000000000003        0.0000000000000000     
                   37  0.35999999999999999        0.0000000000000000     
                   38  0.37000000000000000        0.0000000000000000     
                   39  0.38000000000000000        0.0000000000000000     
                   40  0.39000000000000001        0.0000000000000000     
                   41  0.40000000000000002        0.0000000000000000     
                   42  0.41000000000000003        0.0000000000000000     
                   43  0.41999999999999998        0.0000000000000000     
                   44  0.42999999999999999        0.0000000000000000     
                   45  0.44000000000000000        0.0000000000000000     
                   46  0.45000000000000001        0.0000000000000000     
                   47  0.46000000000000002        0.0000000000000000     
                   48  0.47000000000000003        0.0000000000000000     
                   49  0.47999999999999998        0.0000000000000000     
                   50  0.48999999999999999        0.0000000000000000     
                   51  0.50000000000000000        0.0000000000000000     
                   52  0.51000000000000001        0.0000000000000000     
                   53  0.52000000000000002        0.0000000000000000     
                   54  0.53000000000000003        0.0000000000000000     
                   55  0.54000000000000004        0.0000000000000000     
                   56  0.55000000000000004        0.0000000000000000     
                   57  0.56000000000000005        0.0000000000000000     
                   58  0.57000000000000006        0.0000000000000000     
                   59  0.57999999999999996        0.0000000000000000     
                   60  0.58999999999999997        0.0000000000000000     
                   61  0.59999999999999998        0.0000000000000000     
                   62  0.60999999999999999        0.0000000000000000     
                   63  0.62000000000000000        0.0000000000000000     
                   64  0.63000000000000000        0.0000000000000000     
                   65  0.64000000000000001        0.0000000000000000     
                   66  0.65000000000000002        0.0000000000000000     
                   67  0.66000000000000003        0.0000000000000000     
                   68  0.67000000000000004        0.0000000000000000     
                   69  0.68000000000000005        0.0000000000000000     
                   70  0.69000000000000006        0.0000000000000000     
                   71  0.70000000000000007        0.0000000000000000     
                   72  0.70999999999999996        0.0000000000000000     
                   73  0.71999999999999997        0.0000000000000000     
                   74  0.72999999999999998        0.0000000000000000     
                   75  0.73999999999999999        0.0000000000000000     
                   76  0.75000000000000000        0.0000000000000000     
                   77  0.76000000000000001        0.0000000000000000     
                   78  0.77000000000000002        0.0000000000000000     
                   79  0.78000000000000003        0.0000000000000000     
                   80  0.79000000000000004        0.0000000000000000     
                   81  0.80000000000000004        0.0000000000000000     
                   82  0.81000000000000005        0.0000000000000000     
                   83  0.82000000000000006        0.0000000000000000     
                   84  0.83000000000000007        0.0000000000000000     
                   85  0.83999999999999997        0.0000000000000000     
                   86  0.84999999999999998        0.0000000000000000     
                   87  0.85999999999999999        0.0000000000000000     
                   88  0.87000000000000000        0.0000000000000000     
                   89  0.88000000000000000        0.0000000000000000     
                   90  0.89000000000000001        0.0000000000000000     
                   91  0.90000000000000002        0.0000000000000000     
                   92  0.91000000000000003        0.0000000000000000     
                   93  0.92000000000000004        0.0000000000000000     
                   94  0.93000000000000005        0.0000000000000000     
                   95  0.94000000000000006        0.0000000000000000     
                   96  0.95000000000000007        0.0000000000000000     
                   97  0.95999999999999996        0.0000000000000000     
                   98  0.96999999999999997        0.0000000000000000     
                   99  0.97999999999999998        0.0000000000000000     
                  100  0.98999999999999999        0.0000000000000000     
                  101   1.0000000000000000        0.0000000000000000     
                  102   1.0100000000000000        0.0000000000000000     
                  103   1.0200000000000000        0.0000000000000000     
                  104   1.0300000000000000        0.0000000000000000     
                  105   1.0400000000000000        0.0000000000000000     
                  106   1.0500000000000000        0.0000000000000000     
                  107   1.0600000000000001        0.0000000000000000     
                  108   1.0700000000000001        0.0000000000000000     
                  109   1.0800000000000001        0.0000000000000000     
                  110   1.0900000000000001        0.0000000000000000     
                  111   1.1000000000000001        0.0000000000000000     
                  112   1.1100000000000001        0.0000000000000000     
                  113   1.1200000000000001        0.0000000000000000     
                  114   1.1300000000000001        0.0000000000000000     
                  115   1.1400000000000001        0.0000000000000000     
                  116   1.1500000000000001        0.0000000000000000     
                  117   1.1599999999999999        0.0000000000000000     
                  118   1.1699999999999999        0.0000000000000000     
                  119   1.1799999999999999        0.0000000000000000     
                  120   1.1899999999999999        0.0000000000000000     
                  121   1.2000000000000000        0.0000000000000000     
                  122   1.2100000000000000        0.0000000000000000     
                  123   1.2200000000000000        0.0000000000000000     
                  124   1.2300000000000000        0.0000000000000000     
                  125   1.2400000000000000        0.0000000000000000     
                  126   1.2500000000000000        0.0000000000000000     
                  127   1.2600000000000000        0.0000000000000000     
                  128   1.2700000000000000        0.0000000000000000     
                  129   1.2800000000000000        0.0000000000000000     
                  130   1.2900000000000000        0.0000000000000000     
                  131   1.3000000000000000        0.0000000000000000     
                  132   1.3100000000000001        0.0000000000000000     
                  133   1.3200000000000001        0.0000000000000000     
                  134   1.3300000000000001        0.0000000000000000     
                  135   1.3400000000000001        0.0000000000000000     
                  136   1.3500000000000001        0.0000000000000000     
                  137   1.3600000000000001        0.0000000000000000     
                  138   1.3700000000000001        0.0000000000000000     
                  139   1.3800000000000001        0.0000000000000000     
                  140   1.3900000000000001        0.0000000000000000     
                  141   1.4000000000000001        0.0000000000000000     
                  142   1.4099999999999999        0.0000000000000000     
                  143   1.4199999999999999        0.0000000000000000     
                  144   1.4299999999999999        0.0000000000000000     
                  145   1.4399999999999999        0.0000000000000000     
                  146   1.4500000000000000        0.0000000000000000     
                  147   1.4600000000000000        0.0000000000000000     
                  148   1.4700000000000000        0.0000000000000000     
                  149   1.4800000000000000        0.0000000000000000     
                  150   1.4900000000000000        0.0000000000000000     
                  151   1.5000000000000000        0.0000000000000000     
                  152   1.5100000000000000        0.0000000000000000     
                  153   1.5200000000000000        0.0000000000000000     
                  154   1.5300000000000000        0.0000000000000000     
                  155   1.5400000000000000        0.0000000000000000     
                  156   1.5500000000000000        0.0000000000000000     
                  157   1.5600000000000001        0.0000000000000000     
                  158   1.5700000000000001        0.0000000000000000     
                  159   1.5800000000000001        0.0000000000000000     
                  160   1.5900000000000001        0.0000000000000000     
                  161   1.6000000000000001        0.0000000000000000     
                  162   1.6100000000000001        0.0000000000000000     
                  163   1.6200000000000001        0.0000000000000000     
                  164   1.6300000000000001        0.0000000000000000     
                  165   1.6400000000000001        0.0000000000000000     
                  166   1.6500000000000001        0.0000000000000000     
                  167   1.6600000000000001        0.0000000000000000     
                  168   1.6699999999999999        0.0000000000000000     
                  169   1.6799999999999999        0.0000000000000000     
                  170   1.6899999999999999        0.0000000000000000     
                  171   1.7000000000000000        0.0000000000000000     
                  172   1.7100000000000000        0.0000000000000000     
                  173   1.7200000000000000        0.0000000000000000     
                  174   1.7300000000000000        0.0000000000000000     
                  175   1.7400000000000000        0.0000000000000000     
                  176   1.7500000000000000        0.0000000000000000     
                  177   1.7600000000000000        0.0000000000000000     
                  178   1.7700000000000000        0.0000000000000000     
                  179   1.7800000000000000        0.0000000000000000     
                  180   1.7900000000000000        0.0000000000000000     
                  181   1.8000000000000000        0.0000000000000000     
                  182   1.8100000000000001        0.0000000000000000     
                  183   1.8200000000000001        0.0000000000000000     
                  184   1.8300000000000001        0.0000000000000000     
                  185   1.8400000000000001        0.0000000000000000     
                  186   1.8500000000000001        0.0000000000000000     
                  187   1.8600000000000001        0.0000000000000000     
                  188   1.8700000000000001        0.0000000000000000     
                  189   1.8800000000000001        0.0000000000000000     
                  190   1.8900000000000001        0.0000000000000000     
                  191   1.9000000000000001        0.0000000000000000     
                  192   1.9100000000000001        0.0000000000000000     
                  193   1.9199999999999999        0.0000000000000000     
                  194   1.9299999999999999        0.0000000000000000     
                  195   1.9399999999999999        0.0000000000000000     
                  196   1.9500000000000000        0.0000000000000000     
                  197   1.9600000000000000        0.0000000000000000     
                  198   1.9700000000000000        0.0000000000000000     
                  199   1.9800000000000000        0.0000000000000000     
                  200   1.9900000000000000        0.0000000000000000     
                  201   2.0000000000000000        0.0000000000000000     
                  202   2.0100000000000002        0.0000000000000000     
                  203   2.0200000000000000        0.0000000000000000     
                  204   2.0300000000000002        0.0000000000000000     
                  205   2.0400000000000000        0.0000000000000000     
                  206   2.0499999999999998        0.0000000000000000     
                  207   2.0600000000000001        0.0000000000000000     
                  208   2.0699999999999998        0.0000000000000000     
                  209   2.0800000000000001        0.0000000000000000     
                  210   2.0899999999999999        0.0000000000000000     
                  211   2.1000000000000001        0.0000000000000000     
                  212   2.1099999999999999        0.0000000000000000     
                  213   2.1200000000000001        0.0000000000000000     
                  214   2.1299999999999999        0.0000000000000000     
                  215   2.1400000000000001        0.0000000000000000     
                  216   2.1499999999999999        0.0000000000000000     
                  217   2.1600000000000001        0.0000000000000000     
                  218   2.1699999999999999        0.0000000000000000     
                  219   2.1800000000000002        0.0000000000000000     
                  220   2.1899999999999999        0.0000000000000000     
                  221   2.2000000000000002        0.0000000000000000     
                  222   2.2100000000000000        0.0000000000000000     
                  223   2.2200000000000002        0.0000000000000000     
                  224   2.2300000000000000        0.0000000000000000     
                  225   2.2400000000000002        0.0000000000000000     
                  226   2.2500000000000000        0.0000000000000000     
                  227   2.2600000000000002        0.0000000000000000     
                  228   2.2700000000000000        0.0000000000000000     
                  229   2.2800000000000002        0.0000000000000000     
                  230   2.2900000000000000        0.0000000000000000     
                  231   2.3000000000000003        0.0000000000000000     
                  232   2.3100000000000001        0.0000000000000000     
                  233   2.3199999999999998        0.0000000000000000     
                  234   2.3300000000000001        0.0000000000000000     
                  235   2.3399999999999999        0.0000000000000000     
                  236   2.3500000000000001        0.0000000000000000     
                  237   2.3599999999999999        0.0000000000000000     
                  238   2.3700000000000001        0.0000000000000000     
                  239   2.3799999999999999        0.0000000000000000     
                  240   2.3900000000000001        0.0000000000000000     
                  241   2.3999999999999999        0.0000000000000000     
                  242   2.4100000000000001        0.0000000000000000     
                  243   2.4199999999999999        0.0000000000000000     
                  244   2.4300000000000002        0.0000000000000000     
                  245   2.4399999999999999        0.0000000000000000     
                  246   2.4500000000000002        0.0000000000000000     
                  247   2.4600000000000000        0.0000000000000000     
                  248   2.4700000000000002        0.0000000000000000     
                  249   2.4800000000000000        0.0000000000000000     
                  250   2.4900000000000002        0.0000000000000000     
                  251   2.5000000000000000        0.0000000000000000     
                  252   2.5100000000000002        0.0000000000000000     
                  253   2.5200000000000000        0.0000000000000000     
                  254   2.5300000000000002        0.0000000000000000     
                  255   2.5400000000000000        0.0000000000000000     
                  256   2.5500000000000003        0.0000000000000000     
                  257   2.5600000000000001        0.0000000000000000     
                  258   2.5699999999999998        0.0000000000000000     
                  259   2.5800000000000001        0.0000000000000000     
                  260   2.5899999999999999        0.0000000000000000     
                  261   2.6000000000000001        0.0000000000000000     
                  262   2.6099999999999999        0.0000000000000000     
                  263   2.6200000000000001        0.0000000000000000     
                  264   2.6299999999999999        0.0000000000000000     
                  265   2.6400000000000001        0.0000000000000000     
                  266   2.6499999999999999        0.0000000000000000     
                  267   2.6600000000000001        0.0000000000000000     
                  268   2.6699999999999999        0.0000000000000000     
                  269   2.6800000000000002        0.0000000000000000     
                  270   2.6899999999999999        0.0000000000000000     
                  271   2.7000000000000002        0.0000000000000000     
                  272   2.7100000000000000        0.0000000000000000     
                  273   2.7200000000000002        0.0000000000000000     
                  274   2.7300000000000000        0.0000000000000000     
                  275   2.7400000000000002        0.0000000000000000     
                  276   2.7500000000000000        0.0000000000000000     
                  277   2.7600000000000002        0.0000000000000000     
                  278   2.7700000000000000        0.0000000000000000     
                  279   2.7800000000000002        0.0000000000000000     
                  280   2.7900000000000000        0.0000000000000000     
                  281   2.8000000000000003        0.0000000000000000     
                  282   2.8100000000000001        0.0000000000000000     
                  283   2.8199999999999998        0.0000000000000000     
                  284   2.8300000000000001        0.0000000000000000     
                  285   2.8399999999999999        0.0000000000000000     
                  286   2.8500000000000001        0.0000000000000000     
                  287   2.8599999999999999        0.0000000000000000     
                  288   2.8700000000000001        0.0000000000000000     
                  289   2.8799999999999999        0.0000000000000000     
                  290   2.8900000000000001        0.0000000000000000     
                  291   2.8999999999999999        0.0000000000000000     
                  292   2.9100000000000001        0.0000000000000000     
                  293   2.9199999999999999        0.0000000000000000     
                  294   2.9300000000000002        0.0000000000000000     
                  295   2.9399999999999999        0.0000000000000000     
                  296   2.9500000000000002        0.0000000000000000     
                  297   2.9600000000000000        0.0000000000000000     
                  298   2.9700000000000002        0.0000000000000000     
                  299   2.9800000000000000        0.0000000000000000     
                  300   2.9900000000000002        0.0000000000000000     
                  301   3.0000000000000000        0.0000000000000000     
                  302   3.0100000000000002        0.0000000000000000     
                  303   3.0200000000000000        0.0000000000000000     
                  304   3.0300000000000002        0.0000000000000000     
                  305   3.0400000000000000        0.0000000000000000     
                  306   3.0500000000000003        0.0000000000000000     
                  307   3.0600000000000001        0.0000000000000000     
                  308   3.0700000000000003        0.0000000000000000     
                  309   3.0800000000000001        0.0000000000000000     
                  310   3.0899999999999999        0.0000000000000000     
                  311   3.1000000000000001        0.0000000000000000     
                  312   3.1099999999999999        0.0000000000000000     
                  313   3.1200000000000001        0.0000000000000000     
                  314   3.1299999999999999        0.0000000000000000     
                  315   3.1400000000000001        0.0000000000000000     
                  316   3.1499999999999999        0.0000000000000000     
                  317   3.1600000000000001        0.0000000000000000     
                  318   3.1699999999999999        0.0000000000000000     
                  319   3.1800000000000002        0.0000000000000000     
                  320   3.1899999999999999        0.0000000000000000     
                  321   3.2000000000000002        0.0000000000000000     
                  322   3.2100000000000000        0.0000000000000000     
                  323   3.2200000000000002        0.0000000000000000     
                  324   3.2300000000000000        0.0000000000000000     
                  325   3.2400000000000002        0.0000000000000000     
                  326   3.2500000000000000        0.0000000000000000     
                  327   3.2600000000000002        0.0000000000000000     
                  328   3.2700000000000000        0.0000000000000000     
                  329   3.2800000000000002        0.0000000000000000     
                  330   3.2900000000000000        0.0000000000000000     
                  331   3.3000000000000003        0.0000000000000000     
                  332   3.3100000000000001        0.0000000000000000     
                  333   3.3200000000000003        0.0000000000000000     
                  334   3.3300000000000001        0.0000000000000000     
                  335   3.3399999999999999        0.0000000000000000     
                  336   3.3500000000000001        0.0000000000000000     
                  337   3.3599999999999999        0.0000000000000000     
                  338   3.3700000000000001        0.0000000000000000     
                  339   3.3799999999999999        0.0000000000000000     
                  340   3.3900000000000001        0.0000000000000000     
                  341   3.3999999999999999        0.0000000000000000     
                  342   3.4100000000000001        0.0000000000000000     
                  343   3.4199999999999999        0.0000000000000000     
                  344   3.4300000000000002        0.0000000000000000     
                  345   3.4399999999999999        0.0000000000000000     
                  346   3.4500000000000002        0.0000000000000000     
                  347   3.4600000000000000        0.0000000000000000     
                  348   3.4700000000000002        0.0000000000000000     
                  349   3.4800000000000000        0.0000000000000000     
                  350   3.4900000000000002        0.0000000000000000     
                  351   3.5000000000000000        0.0000000000000000     
                  352   3.5100000000000002        0.0000000000000000     
                  353   3.5200000000000000        0.0000000000000000     
                  354   3.5300000000000002        0.0000000000000000     
                  355   3.5400000000000000        0.0000000000000000     
                  356   3.5500000000000003        0.0000000000000000     
                  357   3.5600000000000001        0.0000000000000000     
                  358   3.5700000000000003        0.0000000000000000     
                  359   3.5800000000000001        0.0000000000000000     
                  360   3.5899999999999999        0.0000000000000000     
                  361   3.6000000000000001        0.0000000000000000     
                  362   3.6099999999999999        0.0000000000000000     
                  363   3.6200000000000001        0.0000000000000000     
                  364   3.6299999999999999        0.0000000000000000     
                  365   3.6400000000000001        0.0000000000000000     
                  366   3.6499999999999999        0.0000000000000000     
                  367   3.6600000000000001        0.0000000000000000     
                  368   3.6699999999999999        0.0000000000000000     
                  369   3.6800000000000002        0.0000000000000000     
                  370   3.6899999999999999        0.0000000000000000     
                  371   3.7000000000000002        0.0000000000000000     
                  372   3.7100000000000000        0.0000000000000000     
                  373   3.7200000000000002        0.0000000000000000     
                  374   3.7300000000000000        0.0000000000000000     
                  375   3.7400000000000002        0.0000000000000000     
                  376   3.7500000000000000        0.0000000000000000     
                  377   3.7600000000000002        0.0000000000000000     
                  378   3.7700000000000000        0.0000000000000000     
                  379   3.7800000000000002        0.0000000000000000     
                  380   3.7900000000000000        0.0000000000000000     
                  381   3.8000000000000003        0.0000000000000000     
                  382   3.8100000000000001        0.0000000000000000     
                  383   3.8200000000000003        0.0000000000000000     
                  384   3.8300000000000001        0.0000000000000000     
                  385   3.8399999999999999        0.0000000000000000     
                  386   3.8500000000000001        0.0000000000000000     
                  387   3.8599999999999999        0.0000000000000000     
                  388   3.8700000000000001        0.0000000000000000     
                  389   3.8799999999999999        0.0000000000000000     
                  390   3.8900000000000001        0.0000000000000000     
                  391   3.8999999999999999        0.0000000000000000     
                  392   3.9100000000000001        0.0000000000000000     
                  393   3.9199999999999999        0.0000000000000000     
                  394   3.9300000000000002        0.0000000000000000     
                  395   3.9399999999999999        0.0000000000000000     
                  396   3.9500000000000002        0.0000000000000000     
                  397   3.9600000000000000        0.0000000000000000     
                  398   3.9700000000000002        0.0000000000000000     
                  399   3.9800000000000000        0.0000000000000000     
                  400   3.9900000000000002        0.0000000000000000     
                  401   4.0000000000000000        0.0000000000000000     
                  402   4.0099999999999998        0.0000000000000000     
                  403   4.0200000000000005        0.0000000000000000     
                  404   4.0300000000000002        0.0000000000000000     
                  405   4.0400000000000000        0.0000000000000000     
                  406   4.0499999999999998        0.0000000000000000     
                  407   4.0600000000000005        0.0000000000000000     
                  408   4.0700000000000003        0.0000000000000000     
                  409   4.0800000000000001        0.0000000000000000     
                  410   4.0899999999999999        0.0000000000000000     
                  411   4.0999999999999996        0.0000000000000000     
                  412   4.1100000000000003        0.0000000000000000     
                  413   4.1200000000000001        0.0000000000000000     
                  414   4.1299999999999999        0.0000000000000000     
                  415   4.1399999999999997        0.0000000000000000     
                  416   4.1500000000000004        0.0000000000000000     
                  417   4.1600000000000001        0.0000000000000000     
                  418   4.1699999999999999        0.0000000000000000     
                  419   4.1799999999999997        0.0000000000000000     
                  420   4.1900000000000004        0.0000000000000000     
                  421   4.2000000000000002        0.0000000000000000     
                  422   4.2100000000000000        0.0000000000000000     
                  423   4.2199999999999998        0.0000000000000000     
                  424   4.2300000000000004        0.0000000000000000     
                  425   4.2400000000000002        0.0000000000000000     
                  426   4.2500000000000000        0.0000000000000000     
                  427   4.2599999999999998        0.0000000000000000     
                  428   4.2700000000000005        0.0000000000000000     
                  429   4.2800000000000002        0.0000000000000000     
                  430   4.2900000000000000        0.0000000000000000     
                  431   4.2999999999999998        0.0000000000000000     
                  432   4.3100000000000005        0.0000000000000000     
                  433   4.3200000000000003        0.0000000000000000     
                  434   4.3300000000000001        0.0000000000000000     
                  435   4.3399999999999999        0.0000000000000000     
                  436   4.3500000000000005        0.0000000000000000     
                  437   4.3600000000000003        0.0000000000000000     
                  438   4.3700000000000001        0.0000000000000000     
                  439   4.3799999999999999        0.0000000000000000     
                  440   4.3899999999999997        0.0000000000000000     
                  441   4.4000000000000004        0.0000000000000000     
                  442   4.4100000000000001        0.0000000000000000     
                  443   4.4199999999999999        0.0000000000000000     
                  444   4.4299999999999997        0.0000000000000000     
                  445   4.4400000000000004        0.0000000000000000     
                  446   4.4500000000000002        0.0000000000000000     
                  447   4.4600000000000000        0.0000000000000000     
                  448   4.4699999999999998        0.0000000000000000     
                  449   4.4800000000000004        0.0000000000000000     
                  450   4.4900000000000002        0.0000000000000000     
                  451   4.5000000000000000        0.0000000000000000     
                  452   4.5099999999999998        0.0000000000000000     
                  453   4.5200000000000005        0.0000000000000000     
                  454   4.5300000000000002        0.0000000000000000     
                  455   4.5400000000000000        0.0000000000000000     
                  456   4.5499999999999998        0.0000000000000000     
                  457   4.5600000000000005        0.0000000000000000     
                  458   4.5700000000000003        0.0000000000000000     
                  459   4.5800000000000001        0.0000000000000000     
                  460   4.5899999999999999        0.0000000000000000     
                  461   4.6000000000000005        0.0000000000000000     
                  462   4.6100000000000003        0.0000000000000000     
                  463   4.6200000000000001        0.0000000000000000     
                  464   4.6299999999999999        0.0000000000000000     
                  465   4.6399999999999997        0.0000000000000000     
                  466   4.6500000000000004        0.0000000000000000     
                  467   4.6600000000000001        0.0000000000000000     
                  468   4.6699999999999999        0.0000000000000000     
                  469   4.6799999999999997        0.0000000000000000     
                  470   4.6900000000000004        0.0000000000000000     
                  471   4.7000000000000002        0.0000000000000000     
                  472   4.7100000000000000        0.0000000000000000     
                  473   4.7199999999999998        0.0000000000000000     
                  474   4.7300000000000004        0.0000000000000000     
                  475   4.7400000000000002        0.0000000000000000     
                  476   4.7500000000000000        0.0000000000000000     
                  477   4.7599999999999998        0.0000000000000000     
                  478   4.7700000000000005        0.0000000000000000     
                  479   4.7800000000000002        0.0000000000000000     
                  480   4.7900000000000000        0.0000000000000000     
                  481   4.7999999999999998        0.0000000000000000     
                  482   4.8100000000000005        0.0000000000000000     
                  483   4.8200000000000003        0.0000000000000000     
                  484   4.8300000000000001        0.0000000000000000     
                  485   4.8399999999999999        0.0000000000000000     
                  486   4.8500000000000005        0.0000000000000000     
                  487   4.8600000000000003        0.0000000000000000     
                  488   4.8700000000000001        0.0000000000000000     
                  489   4.8799999999999999        0.0000000000000000     
                  490   4.8899999999999997        0.0000000000000000     
                  491   4.9000000000000004        0.0000000000000000     
                  492   4.9100000000000001        0.0000000000000000     
                  493   4.9199999999999999        0.0000000000000000     
                  494   4.9299999999999997        0.0000000000000000     
                  495   4.9400000000000004        0.0000000000000000     
                  496   4.9500000000000002        0.0000000000000000     
                  497   4.9600000000000000        0.0000000000000000     
                  498   4.9699999999999998        0.0000000000000000     
                  499   4.9800000000000004        0.0000000000000000     
                  500   4.9900000000000002        0.0000000000000000     
                  501   5.0000000000000000        0.0000000000000000     
                  502   5.0099999999999998        0.0000000000000000     
                  503   5.0200000000000005        0.0000000000000000     
                  504   5.0300000000000002        0.0000000000000000     
                  505   5.0400000000000000        0.0000000000000000     
                  506   5.0499999999999998        0.0000000000000000     
                  507   5.0600000000000005        0.0000000000000000     
                  508   5.0700000000000003        0.0000000000000000     
                  509   5.0800000000000001        0.0000000000000000     
                  510   5.0899999999999999        0.0000000000000000     
                  511   5.1000000000000005        0.0000000000000000     
                  512   5.1100000000000003        0.0000000000000000     
                  513   5.1200000000000001        0.0000000000000000     
                  514   5.1299999999999999        0.0000000000000000     
                  515   5.1399999999999997        0.0000000000000000     
                  516   5.1500000000000004        0.0000000000000000     
                  517   5.1600000000000001        0.0000000000000000     
                  518   5.1699999999999999        0.0000000000000000     
                  519   5.1799999999999997        0.0000000000000000     
                  520   5.1900000000000004        0.0000000000000000     
                  521   5.2000000000000002        0.0000000000000000     
                  522   5.2100000000000000        0.0000000000000000     
                  523   5.2199999999999998        0.0000000000000000     
                  524   5.2300000000000004        0.0000000000000000     
                  525   5.2400000000000002        0.0000000000000000     
                  526   5.2500000000000000        0.0000000000000000     
                  527   5.2599999999999998        0.0000000000000000     
                  528   5.2700000000000005        0.0000000000000000     
                  529   5.2800000000000002        0.0000000000000000     
                  530   5.2900000000000000        0.0000000000000000     
                  531   5.2999999999999998        0.0000000000000000     
                  532   5.3100000000000005        0.0000000000000000     
                  533   5.3200000000000003        0.0000000000000000     
                  534   5.3300000000000001        0.0000000000000000     
                  535   5.3399999999999999        0.0000000000000000     
                  536   5.3500000000000005        0.0000000000000000     
                  537   5.3600000000000003        0.0000000000000000     
                  538   5.3700000000000001        0.0000000000000000     
                  539   5.3799999999999999        0.0000000000000000     
                  540   5.3899999999999997        0.0000000000000000     
                  541   5.4000000000000004        0.0000000000000000     
                  542   5.4100000000000001        0.0000000000000000     
                  543   5.4199999999999999        0.0000000000000000     
                  544   5.4299999999999997        0.0000000000000000     
                  545   5.4400000000000004        0.0000000000000000     
                  546   5.4500000000000002        0.0000000000000000     
                  547   5.4600000000000000        0.0000000000000000     
                  548   5.4699999999999998        0.0000000000000000     
                  549   5.4800000000000004        0.0000000000000000     
                  550   5.4900000000000002        0.0000000000000000     
                  551   5.5000000000000000        0.0000000000000000     
                  552   5.5099999999999998        0.0000000000000000     
                  553   5.5200000000000005        0.0000000000000000     
                  554   5.5300000000000002        0.0000000000000000     
                  555   5.5400000000000000        0.0000000000000000     
                  556   5.5499999999999998        0.0000000000000000     
                  557   5.5600000000000005        0.0000000000000000     
                  558   5.5700000000000003        0.0000000000000000     
                  559   5.5800000000000001        0.0000000000000000     
                  560   5.5899999999999999        0.0000000000000000     
                  561   5.6000000000000005        0.0000000000000000     
                  562   5.6100000000000003        0.0000000000000000     
                  563   5.6200000000000001        0.0000000000000000     
                  564   5.6299999999999999        0.0000000000000000     
                  565   5.6399999999999997        0.0000000000000000     
                  566   5.6500000000000004        0.0000000000000000     
                  567   5.6600000000000001        0.0000000000000000     
                  568   5.6699999999999999        0.0000000000000000     
                  569   5.6799999999999997        0.0000000000000000     
                  570   5.6900000000000004        0.0000000000000000     
                  571   5.7000000000000002        0.0000000000000000     
                  572   5.7100000000000000        0.0000000000000000     
                  573   5.7199999999999998        0.0000000000000000     
                  574   5.7300000000000004        0.0000000000000000     
                  575   5.7400000000000002        0.0000000000000000     
                  576   5.7500000000000000        0.0000000000000000     
                  577   5.7599999999999998        0.0000000000000000     
                  578   5.7700000000000005        0.0000000000000000     
                  579   5.7800000000000002        0.0000000000000000     
                  580   5.7900000000000000        0.0000000000000000     
                  581   5.7999999999999998        0.0000000000000000     
                  582   5.8100000000000005        0.0000000000000000     
                  583   5.8200000000000003        0.0000000000000000     
                  584   5.8300000000000001        0.0000000000000000     
                  585   5.8399999999999999        0.0000000000000000     
                  586   5.8500000000000005        0.0000000000000000     
                  587   5.8600000000000003        0.0000000000000000     
                  588   5.8700000000000001        0.0000000000000000     
                  589   5.8799999999999999        0.0000000000000000     
                  590   5.8899999999999997        0.0000000000000000     
                  591   5.9000000000000004        0.0000000000000000     
                  592   5.9100000000000001        0.0000000000000000     
                  593   5.9199999999999999        0.0000000000000000     
                  594   5.9299999999999997        0.0000000000000000     
                  595   5.9400000000000004        0.0000000000000000     
                  596   5.9500000000000002        0.0000000000000000     
                  597   5.9600000000000000        0.0000000000000000     
                  598   5.9699999999999998        0.0000000000000000     
                  599   5.9800000000000004        0.0000000000000000     
                  600   5.9900000000000002        0.0000000000000000     
                  601   6.0000000000000000        0.0000000000000000     
                  602   6.0099999999999998        0.0000000000000000     
                  603   6.0200000000000005        0.0000000000000000     
                  604   6.0300000000000002        0.0000000000000000     
                  605   6.0400000000000000        0.0000000000000000     
                  606   6.0499999999999998        0.0000000000000000     
                  607   6.0600000000000005        0.0000000000000000     
                  608   6.0700000000000003        0.0000000000000000     
                  609   6.0800000000000001        0.0000000000000000     
                  610   6.0899999999999999        0.0000000000000000     
                  611   6.1000000000000005        0.0000000000000000     
                  612   6.1100000000000003        0.0000000000000000     
                  613   6.1200000000000001        0.0000000000000000     
                  614   6.1299999999999999        0.0000000000000000     
                  615   6.1400000000000006        0.0000000000000000     
                  616   6.1500000000000004        0.0000000000000000     
                  617   6.1600000000000001        0.0000000000000000     
                  618   6.1699999999999999        0.0000000000000000     
                  619   6.1799999999999997        0.0000000000000000     
                  620   6.1900000000000004        0.0000000000000000     
                  621   6.2000000000000002        0.0000000000000000     
                  622   6.2100000000000000        0.0000000000000000     
                  623   6.2199999999999998        0.0000000000000000     
                  624   6.2300000000000004        0.0000000000000000     
                  625   6.2400000000000002        0.0000000000000000     
                  626   6.2500000000000000        0.0000000000000000     
                  627   6.2599999999999998        0.0000000000000000     
                  628   6.2700000000000005        0.0000000000000000     
                  629   6.2800000000000002        0.0000000000000000     
                  630   6.2900000000000000        0.0000000000000000     
                  631   6.2999999999999998        0.0000000000000000     
                  632   6.3100000000000005        0.0000000000000000     
                  633   6.3200000000000003        0.0000000000000000     
                  634   6.3300000000000001        0.0000000000000000     
                  635   6.3399999999999999        0.0000000000000000     
                  636   6.3500000000000005        0.0000000000000000     
                  637   6.3600000000000003        0.0000000000000000     
                  638   6.3700000000000001        0.0000000000000000     
                  639   6.3799999999999999        0.0000000000000000     
                  640   6.3900000000000006        0.0000000000000000     
                  641   6.4000000000000004        0.0000000000000000     
                  642   6.4100000000000001        0.0000000000000000     
                  643   6.4199999999999999        0.0000000000000000     
                  644   6.4299999999999997        0.0000000000000000     
                  645   6.4400000000000004        0.0000000000000000     
                  646   6.4500000000000002        0.0000000000000000     
                  647   6.4600000000000000        0.0000000000000000     
                  648   6.4699999999999998        0.0000000000000000     
                  649   6.4800000000000004        0.0000000000000000     
                  650   6.4900000000000002        0.0000000000000000     
                  651   6.5000000000000000        0.0000000000000000     
                  652   6.5099999999999998        0.0000000000000000     
                  653   6.5200000000000005        0.0000000000000000     
                  654   6.5300000000000002        0.0000000000000000     
                  655   6.5400000000000000        0.0000000000000000     
                  656   6.5499999999999998        0.0000000000000000     
                  657   6.5600000000000005        0.0000000000000000     
                  658   6.5700000000000003        0.0000000000000000     
                  659   6.5800000000000001        0.0000000000000000     
                  660   6.5899999999999999        0.0000000000000000     
                  661   6.6000000000000005        0.0000000000000000     
                  662   6.6100000000000003        0.0000000000000000     
                  663   6.6200000000000001        0.0000000000000000     
                  664   6.6299999999999999        0.0000000000000000     
                  665   6.6400000000000006        0.0000000000000000     
                  666   6.6500000000000004        0.0000000000000000     
                  667   6.6600000000000001        0.0000000000000000     
                  668   6.6699999999999999        0.0000000000000000     
                  669   6.6799999999999997        0.0000000000000000     
                  670   6.6900000000000004        0.0000000000000000     
                  671   6.7000000000000002        0.0000000000000000     
                  672   6.7100000000000000        0.0000000000000000     
                  673   6.7199999999999998        0.0000000000000000     
                  674   6.7300000000000004        0.0000000000000000     
                  675   6.7400000000000002        0.0000000000000000     
                  676   6.7500000000000000        0.0000000000000000     
                  677   6.7599999999999998        0.0000000000000000     
                  678   6.7700000000000005        0.0000000000000000     
                  679   6.7800000000000002        0.0000000000000000     
                  680   6.7900000000000000        0.0000000000000000     
                  681   6.7999999999999998        0.0000000000000000     
                  682   6.8100000000000005        0.0000000000000000     
                  683   6.8200000000000003        0.0000000000000000     
                  684   6.8300000000000001        0.0000000000000000     
                  685   6.8399999999999999        0.0000000000000000     
                  686   6.8500000000000005        0.0000000000000000     
                  687   6.8600000000000003        0.0000000000000000     
                  688   6.8700000000000001        0.0000000000000000     
                  689   6.8799999999999999        0.0000000000000000     
                  690   6.8900000000000006        0.0000000000000000     
                  691   6.9000000000000004        0.0000000000000000     
                  692   6.9100000000000001        0.0000000000000000     
                  693   6.9199999999999999        0.0000000000000000     
                  694   6.9299999999999997        0.0000000000000000     
                  695   6.9400000000000004        0.0000000000000000     
                  696   6.9500000000000002        0.0000000000000000     
                  697   6.9600000000000000        0.0000000000000000     
                  698   6.9699999999999998        0.0000000000000000     
                  699   6.9800000000000004        0.0000000000000000     
                  700   6.9900000000000002        0.0000000000000000     
                  701   7.0000000000000000        0.0000000000000000     
                  702   7.0099999999999998        0.0000000000000000     
                  703   7.0200000000000005        0.0000000000000000     
                  704   7.0300000000000002        0.0000000000000000     
                  705   7.0400000000000000        0.0000000000000000     
                  706   7.0499999999999998        0.0000000000000000     
                  707   7.0600000000000005        0.0000000000000000     
                  708   7.0700000000000003        0.0000000000000000     
                  709   7.0800000000000001        0.0000000000000000     
                  710   7.0899999999999999        0.0000000000000000     
                  711   7.1000000000000005        0.0000000000000000     
                  712   7.1100000000000003        0.0000000000000000     
                  713   7.1200000000000001        0.0000000000000000     
                  714   7.1299999999999999        0.0000000000000000     
                  715   7.1400000000000006        0.0000000000000000     
                  716   7.1500000000000004        0.0000000000000000     
                  717   7.1600000000000001        0.0000000000000000     
                  718   7.1699999999999999        0.0000000000000000     
                  719   7.1799999999999997        0.0000000000000000     
                  720   7.1900000000000004        0.0000000000000000     
                  721   7.2000000000000002        0.0000000000000000     
                  722   7.2100000000000000        0.0000000000000000     
                  723   7.2199999999999998        0.0000000000000000     
                  724   7.2300000000000004        0.0000000000000000     
                  725   7.2400000000000002        0.0000000000000000     
                  726   7.2500000000000000        0.0000000000000000     
                  727   7.2599999999999998        0.0000000000000000     
                  728   7.2700000000000005        0.0000000000000000     
                  729   7.2800000000000002        0.0000000000000000     
                  730   7.2900000000000000        0.0000000000000000     
                  731   7.2999999999999998        0.0000000000000000     
                  732   7.3100000000000005        0.0000000000000000     
                  733   7.3200000000000003        0.0000000000000000     
                  734   7.3300000000000001        0.0000000000000000     
                  735   7.3399999999999999        0.0000000000000000     
                  736   7.3500000000000005        0.0000000000000000     
                  737   7.3600000000000003        0.0000000000000000     
                  738   7.3700000000000001        0.0000000000000000     
                  739   7.3799999999999999        0.0000000000000000     
                  740   7.3900000000000006        0.0000000000000000     
                  741   7.4000000000000004        0.0000000000000000     
                  742   7.4100000000000001        0.0000000000000000     
                  743   7.4199999999999999        0.0000000000000000     
                  744   7.4299999999999997        0.0000000000000000     
                  745   7.4400000000000004        0.0000000000000000     
                  746   7.4500000000000002        0.0000000000000000     
                  747   7.4600000000000000        0.0000000000000000     
                  748   7.4699999999999998        0.0000000000000000     
                  749   7.4800000000000004        0.0000000000000000     
                  750   7.4900000000000002        0.0000000000000000     
                  751   7.5000000000000000        0.0000000000000000     
                  752   7.5099999999999998        0.0000000000000000     
                  753   7.5200000000000005        0.0000000000000000     
                  754   7.5300000000000002        0.0000000000000000     
                  755   7.5400000000000000        0.0000000000000000     
                  756   7.5499999999999998        0.0000000000000000     
                  757   7.5600000000000005        0.0000000000000000     
                  758   7.5700000000000003        0.0000000000000000     
                  759   7.5800000000000001        0.0000000000000000     
                  760   7.5899999999999999        0.0000000000000000     
                  761   7.6000000000000005        0.0000000000000000     
                  762   7.6100000000000003        0.0000000000000000     
                  763   7.6200000000000001        0.0000000000000000     
                  764   7.6299999999999999        0.0000000000000000     
                  765   7.6400000000000006        0.0000000000000000     
                  766   7.6500000000000004        0.0000000000000000     
                  767   7.6600000000000001        0.0000000000000000     
                  768   7.6699999999999999        0.0000000000000000     
                  769   7.6799999999999997        0.0000000000000000     
                  770   7.6900000000000004        0.0000000000000000     
                  771   7.7000000000000002        0.0000000000000000     
                  772   7.7100000000000000        0.0000000000000000     
                  773   7.7199999999999998        0.0000000000000000     
                  774   7.7300000000000004        0.0000000000000000     
                  775   7.7400000000000002        0.0000000000000000     
                  776   7.7500000000000000        0.0000000000000000     
                  777   7.7599999999999998        0.0000000000000000     
                  778   7.7700000000000005        0.0000000000000000     
                  779   7.7800000000000002        0.0000000000000000     
                  780   7.7900000000000000        0.0000000000000000     
                  781   7.7999999999999998        0.0000000000000000     
                  782   7.8100000000000005        0.0000000000000000     
                  783   7.8200000000000003        0.0000000000000000     
                  784   7.8300000000000001        0.0000000000000000     
                  785   7.8399999999999999        0.0000000000000000     
                  786   7.8500000000000005        0.0000000000000000     
                  787   7.8600000000000003        0.0000000000000000     
                  788   7.8700000000000001        0.0000000000000000     
                  789   7.8799999999999999        0.0000000000000000     
                  790   7.8900000000000006        0.0000000000000000     
                  791   7.9000000000000004        0.0000000000000000     
                  792   7.9100000000000001        0.0000000000000000     
                  793   7.9199999999999999        0.0000000000000000     
                  794   7.9300000000000006        0.0000000000000000     
                  795   7.9400000000000004        0.0000000000000000     
                  796   7.9500000000000002        0.0000000000000000     
                  797   7.9600000000000000        0.0000000000000000     
                  798   7.9699999999999998        0.0000000000000000     
                  799   7.9800000000000004        0.0000000000000000     
                  800   7.9900000000000002        0.0000000000000000     
                  801   8.0000000000000000        0.0000000000000000     
                  802   8.0099999999999998        0.0000000000000000     
                  803   8.0199999999999996        0.0000000000000000     
                  804   8.0299999999999994        0.0000000000000000     
                  805   8.0400000000000009        0.0000000000000000     
                  806   8.0500000000000007        0.0000000000000000     
                  807   8.0600000000000005        0.0000000000000000     
                  808   8.0700000000000003        0.0000000000000000     
                  809   8.0800000000000001        0.0000000000000000     
                  810   8.0899999999999999        0.0000000000000000     
                  811   8.0999999999999996        0.0000000000000000     
                  812   8.1099999999999994        0.0000000000000000     
                  813   8.1200000000000010        0.0000000000000000     
                  814   8.1300000000000008        0.0000000000000000     
                  815   8.1400000000000006        0.0000000000000000     
                  816   8.1500000000000004        0.0000000000000000     
                  817   8.1600000000000001        0.0000000000000000     
                  818   8.1699999999999999        0.0000000000000000     
                  819   8.1799999999999997        0.0000000000000000     
                  820   8.1899999999999995        0.0000000000000000     
                  821   8.1999999999999993        0.0000000000000000     
                  822   8.2100000000000009        0.0000000000000000     
                  823   8.2200000000000006        0.0000000000000000     
                  824   8.2300000000000004        0.0000000000000000     
                  825   8.2400000000000002        0.0000000000000000     
                  826   8.2500000000000000        0.0000000000000000     
                  827   8.2599999999999998        0.0000000000000000     
                  828   8.2699999999999996        0.0000000000000000     
                  829   8.2799999999999994        0.0000000000000000     
                  830   8.2900000000000009        0.0000000000000000     
                  831   8.3000000000000007        0.0000000000000000     
                  832   8.3100000000000005        0.0000000000000000     
                  833   8.3200000000000003        0.0000000000000000     
                  834   8.3300000000000001        0.0000000000000000     
                  835   8.3399999999999999        0.0000000000000000     
                  836   8.3499999999999996        0.0000000000000000     
                  837   8.3599999999999994        0.0000000000000000     
                  838   8.3700000000000010        0.0000000000000000     
                  839   8.3800000000000008        0.0000000000000000     
                  840   8.3900000000000006        0.0000000000000000     
                  841   8.4000000000000004        0.0000000000000000     
                  842   8.4100000000000001        0.0000000000000000     
                  843   8.4199999999999999        0.0000000000000000     
                  844   8.4299999999999997        0.0000000000000000     
                  845   8.4399999999999995        0.0000000000000000     
                  846   8.4499999999999993        0.0000000000000000     
                  847   8.4600000000000009        0.0000000000000000     
                  848   8.4700000000000006        0.0000000000000000     
                  849   8.4800000000000004        0.0000000000000000     
                  850   8.4900000000000002        0.0000000000000000     
                  851   8.5000000000000000        0.0000000000000000     
                  852   8.5099999999999998        0.0000000000000000     
                  853   8.5199999999999996        0.0000000000000000     
                  854   8.5299999999999994        0.0000000000000000     
                  855   8.5400000000000009        0.0000000000000000     
                  856   8.5500000000000007        0.0000000000000000     
                  857   8.5600000000000005        0.0000000000000000     
                  858   8.5700000000000003        0.0000000000000000     
                  859   8.5800000000000001        0.0000000000000000     
                  860   8.5899999999999999        0.0000000000000000     
                  861   8.5999999999999996        0.0000000000000000     
                  862   8.6099999999999994        0.0000000000000000     
                  863   8.6200000000000010        0.0000000000000000     
                  864   8.6300000000000008        0.0000000000000000     
                  865   8.6400000000000006        0.0000000000000000     
                  866   8.6500000000000004        0.0000000000000000     
                  867   8.6600000000000001        0.0000000000000000     
                  868   8.6699999999999999        0.0000000000000000     
                  869   8.6799999999999997        0.0000000000000000     
                  870   8.6899999999999995        0.0000000000000000     
                  871   8.7000000000000011        0.0000000000000000     
                  872   8.7100000000000009        0.0000000000000000     
                  873   8.7200000000000006        0.0000000000000000     
                  874   8.7300000000000004        0.0000000000000000     
                  875   8.7400000000000002        0.0000000000000000     
                  876   8.7500000000000000        0.0000000000000000     
                  877   8.7599999999999998        0.0000000000000000     
                  878   8.7699999999999996        0.0000000000000000     
                  879   8.7799999999999994        0.0000000000000000     
                  880   8.7900000000000009        0.0000000000000000     
                  881   8.8000000000000007        0.0000000000000000     
                  882   8.8100000000000005        0.0000000000000000     
                  883   8.8200000000000003        0.0000000000000000     
                  884   8.8300000000000001        0.0000000000000000     
                  885   8.8399999999999999        0.0000000000000000     
                  886   8.8499999999999996        0.0000000000000000     
                  887   8.8599999999999994        0.0000000000000000     
                  888   8.8700000000000010        0.0000000000000000     
                  889   8.8800000000000008        0.0000000000000000     
                  890   8.8900000000000006        0.0000000000000000     
                  891   8.9000000000000004        0.0000000000000000     
                  892   8.9100000000000001        0.0000000000000000     
                  893   8.9199999999999999        0.0000000000000000     
                  894   8.9299999999999997        0.0000000000000000     
                  895   8.9399999999999995        0.0000000000000000     
                  896   8.9500000000000011        0.0000000000000000     
                  897   8.9600000000000009        0.0000000000000000     
                  898   8.9700000000000006        0.0000000000000000     
                  899   8.9800000000000004        0.0000000000000000     
                  900   8.9900000000000002        0.0000000000000000     
                  901   9.0000000000000000        0.0000000000000000     
                  902   9.0099999999999998        0.0000000000000000     
                  903   9.0199999999999996        0.0000000000000000     
                  904   9.0299999999999994        0.0000000000000000     
                  905   9.0400000000000009        0.0000000000000000     
                  906   9.0500000000000007        0.0000000000000000     
                  907   9.0600000000000005        0.0000000000000000     
                  908   9.0700000000000003        0.0000000000000000     
                  909   9.0800000000000001        0.0000000000000000     
                  910   9.0899999999999999        0.0000000000000000     
                  911   9.0999999999999996        0.0000000000000000     
                  912   9.1099999999999994        0.0000000000000000     
                  913   9.1200000000000010        0.0000000000000000     
                  914   9.1300000000000008        0.0000000000000000     
                  915   9.1400000000000006        0.0000000000000000     
                  916   9.1500000000000004        0.0000000000000000     
                  917   9.1600000000000001        0.0000000000000000     
                  918   9.1699999999999999        0.0000000000000000     
                  919   9.1799999999999997        0.0000000000000000     
                  920   9.1899999999999995        0.0000000000000000     
                  921   9.2000000000000011        0.0000000000000000     
                  922   9.2100000000000009        0.0000000000000000     
                  923   9.2200000000000006        0.0000000000000000     
                  924   9.2300000000000004        0.0000000000000000     
                  925   9.2400000000000002        0.0000000000000000     
                  926   9.2500000000000000        0.0000000000000000     
                  927   9.2599999999999998        0.0000000000000000     
                  928   9.2699999999999996        0.0000000000000000     
                  929   9.2799999999999994        0.0000000000000000     
                  930   9.2900000000000009        0.0000000000000000     
                  931   9.3000000000000007        0.0000000000000000     
                  932   9.3100000000000005        0.0000000000000000     
                  933   9.3200000000000003        0.0000000000000000     
                  934   9.3300000000000001        0.0000000000000000     
                  935   9.3399999999999999        0.0000000000000000     
                  936   9.3499999999999996        0.0000000000000000     
                  937   9.3599999999999994        0.0000000000000000     
                  938   9.3700000000000010        0.0000000000000000     
                  939   9.3800000000000008        0.0000000000000000     
                  940   9.3900000000000006        0.0000000000000000     
                  941   9.4000000000000004        0.0000000000000000     
                  942   9.4100000000000001        0.0000000000000000     
                  943   9.4199999999999999        0.0000000000000000     
                  944   9.4299999999999997        0.0000000000000000     
                  945   9.4399999999999995        0.0000000000000000     
                  946   9.4500000000000011        0.0000000000000000     
                  947   9.4600000000000009        0.0000000000000000     
                  948   9.4700000000000006        0.0000000000000000     
                  949   9.4800000000000004        0.0000000000000000     
                  950   9.4900000000000002        0.0000000000000000     
                  951   9.5000000000000000        0.0000000000000000     
                  952   9.5099999999999998        0.0000000000000000     
                  953   9.5199999999999996        0.0000000000000000     
                  954   9.5299999999999994        0.0000000000000000     
                  955   9.5400000000000009        0.0000000000000000     
                  956   9.5500000000000007        0.0000000000000000     
                  957   9.5600000000000005        0.0000000000000000     
                  958   9.5700000000000003        0.0000000000000000     
                  959   9.5800000000000001        0.0000000000000000     
                  960   9.5899999999999999        0.0000000000000000     
                  961   9.5999999999999996        0.0000000000000000     
                  962   9.6099999999999994        0.0000000000000000     
                  963   9.6200000000000010        0.0000000000000000     
                  964   9.6300000000000008        0.0000000000000000     
                  965   9.6400000000000006        0.0000000000000000     
                  966   9.6500000000000004        0.0000000000000000     
                  967   9.6600000000000001        0.0000000000000000     
                  968   9.6699999999999999        0.0000000000000000     
                  969   9.6799999999999997        0.0000000000000000     
                  970   9.6899999999999995        0.0000000000000000     
                  971   9.7000000000000011        0.0000000000000000     
                  972   9.7100000000000009        0.0000000000000000     
                  973   9.7200000000000006        0.0000000000000000     
                  974   9.7300000000000004        0.0000000000000000     
                  975   9.7400000000000002        0.0000000000000000     
                  976   9.7500000000000000        0.0000000000000000     
                  977   9.7599999999999998        0.0000000000000000     
                  978   9.7699999999999996        0.0000000000000000     
                  979   9.7799999999999994        0.0000000000000000     
                  980   9.7900000000000009        0.0000000000000000     
                  981   9.8000000000000007        0.0000000000000000     
                  982   9.8100000000000005        0.0000000000000000     
                  983   9.8200000000000003        0.0000000000000000     
                  984   9.8300000000000001        0.0000000000000000     
                  985   9.8399999999999999        0.0000000000000000     
                  986   9.8499999999999996        0.0000000000000000     
                  987   9.8599999999999994        0.0000000000000000     
                  988   9.8700000000000010        0.0000000000000000     
                  989   9.8800000000000008        0.0000000000000000     
                  990   9.8900000000000006        0.0000000000000000     
                  991   9.9000000000000004        0.0000000000000000     
                  992   9.9100000000000001        0.0000000000000000     
                  993   9.9199999999999999        0.0000000000000000     
                  994   9.9299999999999997        0.0000000000000000     
                  995   9.9399999999999995        0.0000000000000000     
                  996   9.9500000000000011        0.0000000000000000     
                  997   9.9600000000000009        0.0000000000000000     
                  998   9.9700000000000006        0.0000000000000000     
                  999   9.9800000000000004        0.0000000000000000     
                 1000   9.9900000000000002        0.0000000000000000     
                 1001   10.000000000000000        0.0000000000000000     
