 
 
 0.0   0.4
 
 0.0                          0.4                      1.0                          0.0
  -1.1220184543019630E-003  0.39996122141097479       0.96324525160086050        6.5311244939845581E-002
  -1.2589254117941662E-003  0.39995179678571113       0.95932323391801344        7.2352901925631957E-002
  -1.4125375446227527E-003  0.39994008216601673       0.95498711319300944        8.0152333093381503E-002
  -1.5848931924611108E-003  0.39992552142175586       0.95019421635123569        8.8790543534591995E-002
  -1.7782794100389191E-003  0.39990742352475500       0.94489773250768627        9.8356993395363926E-002
  -1.9952623149688746E-003  0.39988492991401614       0.93904637986981854       0.10895040292200857     
  -2.2387211385683334E-003  0.39985697401317843       0.93258406554462181       0.12067960417781376     
  -2.5118864315095721E-003  0.39982223103885806       0.92544954516465927       0.13366442949096494     
  -2.8183829312644435E-003  0.39977905581112144       0.91757609211177649       0.14803662010320129     
  -3.1622776601683664E-003  0.39972540575960580       0.90889118987756967       0.16394072919841193     
  -3.5481338923357385E-003  0.39965874569600374       0.89931626600655334       0.18153498052353195     
  -3.9810717055349526E-003  0.39957593018131132       0.88876649242920813       0.20099202587574280     
  -4.4668359215096071E-003  0.39947305844225811       0.87715068517886330       0.22249952012296567     
  -5.0118723362726943E-003  0.39934529577939115       0.86437134693269235       0.24626039895946447     
  -5.6234132519034563E-003  0.39918665426472988       0.85032490900744406       0.27249269951021265     
  -6.3095734448018912E-003  0.39898972427606533       0.83490224587533002       0.30142870379950676     
  -7.0794578438413301E-003  0.39874534711959009       0.81798955538866913       0.33331310602675546     
  -7.9432823472427565E-003  0.39844221777159894       0.79946972196542621       0.36839980223927599     
  -8.9125093813373860E-003  0.39806640583189279       0.77922430781733809       0.40694677130579332     
  -9.9999999999999187E-003  0.39760078246991876       0.75713634791302042       0.44920835650558083     
  -1.1220184543019544E-002  0.39702434200120373       0.73309415536693445       0.49542406875528450     
  -1.2589254117941573E-002  0.39631140957714023       0.70699637064593501       0.54580282441168337     
  -1.4125375446227433E-002  0.39543073250172556       0.67875850218833267       0.60050132573607784     
  -1.5848931924611013E-002  0.39434446357197073       0.64832119447695757       0.65959513729681873     
  -1.7782794100389090E-002  0.39300706277275438       0.61566040231289687       0.72304099088301377     
  -1.9952623149688646E-002  0.39136417131837720       0.58079951906922977       0.79062910265835595     
  -2.2387211385683229E-002  0.38935155227672880       0.54382326663212077       0.86192501623036433     
  -2.5118864315095617E-002  0.38689424711058484       0.50489276692861296       0.93620197455338294     
  -2.8183829312644335E-002  0.38390616760851670       0.46426064903565750        1.0123673991853204     
  -3.1622776601683569E-002  0.38029042341601471       0.42228430230644737        1.0888909991645561     
  -3.5481338923357295E-002  0.37594076403168664       0.37943453191001669        1.1637473811792460     
  -3.9810717055349450E-002  0.37074456568701991       0.33629608775807351        1.2343922459835901     
  -4.4668359215096008E-002  0.36458777804578485       0.29355614820006604        1.2977967806075337     
  -5.0118723362726887E-002  0.35736211110007177       0.25197730910748511        1.3505667972377471     
  -5.6234132519034537E-002  0.34897443848207849       0.21235343866072157        1.3891674885060126     
  -6.3095734448018914E-002  0.33935789913463593       0.17545014580455795        1.4102574888362838     
  -7.0794578438413330E-002  0.32848354414432052       0.14193620487730060        1.4111062626602064     
  -7.9432823472427652E-002  0.31637075113338636       0.11231683361968152        1.3900319545852926     
  -8.9125093813373996E-002  0.30309426073010093        8.6882272010074646E-002   1.3467658688562230     
  -9.9999999999999381E-002  0.28878583910450006        6.5683781436027502E-002   1.2826423043826369     
 -0.11220184543019567       0.27362937144071048        4.8543420668995460E-002   1.2005412906927790     
 -0.12589254117941598       0.25784951901334235        3.5095349900459615E-002   1.1045739179074050     
 -0.14125375446227462       0.24169552963439425        2.4848278073334944E-002  0.99957346645325318     
 -0.15848931924611043       0.22542286368470110        1.7254305364582879E-002  0.89050920826192526     
 -0.17782794100389129       0.20927561030447089        1.1770229083425824E-002  0.78195112843009629     
 -0.19952623149688686       0.19347217101498509        7.9022481134605419E-003  0.67768218450626994     
 -0.22387211385683276       0.17819565317883879        5.2312434287873407E-003  0.58049928945374707     
 -0.25118864315095668       0.16358926228289217        3.4209010970314255E-003  0.49219045246113713     
 -0.28183829312644393       0.14975606490291904        2.2136343984078440E-003  0.41364113076568737     
 -0.31622776601683633       0.13676198291624198        1.4196696737689999E-003  0.34501216461413531     
 -0.35481338923357364       0.12464076023912628        9.0364742310817582E-004  0.28593884021565119     
 -0.39810717055349526       0.11339979568159930        5.7158405844330898E-004  0.23571626599079684     
 -0.44668359215096087       0.10302601705363867        3.5966326561925969E-004  0.19345256200749941     
 -0.50118723362726969        9.3491271059800957E-002   2.2534275009174377E-004  0.15818408854855495     
 -0.56234132519034619        8.4756956845124423E-002   1.4068796858082502E-004  0.12895492082883286     
 -0.63095734448019003        7.6777814896191468E-002   8.7582130149947761E-005  0.10486666224479169     
 -0.70794578438413436        6.9504899425593333E-002   5.4393987689412441E-005   8.5105763173358898E-002
 -0.79432823472427760        6.2887825124263899E-002   3.3717407760819084E-005   6.8955002526711856E-002
 -0.89125093813374112        5.6876404556820852E-002   2.0868062029912525E-005   5.5794591431790989E-002
 -0.99999999999999512        5.1421794734264482E-002   1.2899203337101652E-005   4.5097018128578963E-002
  -1.1220184543019580        4.6477261136771621E-002   7.9652780476020603E-006   3.6418546372241754E-002
  -1.2589254117941611        4.1998651745947135E-002   4.9145208965462182E-006   2.9389309900655806E-002
  -1.4125375446227475        3.7944656739201894E-002   3.0302084983420310E-006   2.3703222360261501E-002
  -1.5848931924611058        3.4276913684522778E-002   1.8673714381087538E-006   1.9108412412971315E-002
  -1.7782794100389141        3.0960004375363864E-002   1.1502729739089544E-006   1.5398551553618160E-002
  -1.9952623149688695        2.7961378145911611E-002   7.0830382879451179E-007   1.2405223086791112E-002
  -2.2387211385683279        2.5251227497351605E-002   4.3602979923973423E-007   9.9913478362141286E-003
  -2.5118864315095673        2.2802334859358404E-002   2.6835791584955531E-007   8.0456072345558242E-003
  -2.8183829312644395        2.0589903966946165E-002   1.6513284272856674E-007   6.4777670031997596E-003
  -3.1622776601683635        1.8591385320313011E-002   1.0159883897678956E-007   5.2147904614285763E-003
  -3.5481338923357368        1.6786302222945158E-002   6.2501826319101283E-008   4.1976300569226809E-003
  -3.9810717055349532        1.5156081718239484E-002   3.8446371641099519E-008   3.3785927754766036E-003
  -4.4668359215096096        1.3683893172276237E-002   2.3647474456418299E-008   2.7191857587696615E-003
  -5.0118723362726989        1.2354496127473217E-002   1.4544118879843882E-008   2.1883603667580704E-003
  -5.6234132519034645        1.1154098261364908E-002   8.9447568126340161E-009   1.7610847024880291E-003
  -6.3095734448019041        1.0070223737778680E-002   5.5008820987137197E-009   1.4171855468814072E-003
  -7.0794578438413476        9.0915918676001805E-003   3.3828457707734802E-009   1.1404103979200842E-003
  -7.9432823472427811        8.2080057536426804E-003   2.0802754577723908E-009   9.1766877499739629E-004
  -8.9125093813374185        7.4102504423727497E-003   1.2792354050758212E-009   7.3841916895099364E-004
  -9.9999999999999591        6.6900000176729688E-003   7.8663422442000391E-010   5.9417409321530824E-004
  -11.220184543019590        6.0397330289865781E-003   4.8371478794848415E-010   4.7810075258876964E-004
  -12.589254117941623        5.4526556340109417E-003   2.9744124749487860E-010   3.8469903088103147E-004
  -14.125375446227489        4.9226318444630726E-003   1.8289812094857656E-010   3.0954193897442283E-004
  -15.848931924611076        4.4441202851017011E-003   1.1246418824767798E-010   2.4906648041103532E-004
  -17.782794100389165        4.0121169060361528E-003   6.9153922064044204E-011   2.0040518788197622E-004
  -19.952623149688726        3.6221031227917002E-003   4.2522365059266057E-011   1.6125045158424099E-004
  -22.387211385683319        3.2699988951488523E-003   2.6146672315853478E-011   1.2974527605163648E-004
  -25.118864315095720        2.9521202927388301E-003   1.6077338774597958E-011   1.0439532996553941E-004
  -28.183829312644448        2.6651411316364645E-003   9.8857785502629678E-012   8.3998146873598263E-005
  -31.622776601683697        2.4060583010255929E-003   6.0786448222796037E-012   6.7586137587413820E-005
  -35.481338923357441        2.1721604319859611E-003   3.7376789575117629E-012   5.4380723288982314E-005
  -39.810717055349613        1.9609995913284113E-003   2.2982469353934174E-012   4.3755421449765207E-005
  -44.668359215096189        1.7703657120875247E-003   1.4131587591031536E-012   3.5206138494290954E-005
  -50.118723362727096        1.5982634987606441E-003   8.6893016620248426E-013   2.8327263167094655E-005
  -56.234132519034766        1.4428915697135124E-003   5.3429180985339340E-013   2.2792428552120733E-005
  -63.095734448019172        1.3026236214478603E-003   3.2852765657232273E-013   1.8339031408806859E-005
  -70.794578438413623        1.1759914197606240E-003   2.0200642140506487E-013   1.4755775246762714E-005
  -79.432823472427970        1.0616694413451697E-003   1.2421048848345465E-013   1.1872646695384119E-005
  -89.125093813374363        9.5846100622368462E-004   7.6375004385694281E-014   9.5528499625498269E-006
  -99.999999999999801        8.6528575668778484E-004   4.6961734948808493E-014   7.6863169436033735E-006
  -112.20184543019607        7.8116835228862974E-004   2.8875993972285765E-014   6.1844852126032221E-006
  -125.89254117941636        7.0522826297969490E-004   1.7755368561554958E-014   4.9760962277519557E-006
  -141.25375446227497        6.3667055388901385E-004   1.0917479679666855E-014   4.0038144522540133E-006
  -158.48931924611077        5.7477756548963478E-004   6.7129753650580118E-015   3.2215070182818958E-006
  -177.82794100389154        5.1890140224587333E-004   4.1276957961825242E-015   2.5920548874839151E-006
  -199.52623149688705        4.6845715122944903E-004   2.5380506684209921E-015   2.0855916698141293E-006
  -223.87211385683287        4.2291675980709470E-004   1.5606045610272534E-015   1.6780865475077207E-006
  -251.18864315095666        3.8180350837583156E-004   9.5958939383493881E-016   1.3502040739640911E-006
  -281.83829312644377        3.4468702033324484E-004   5.9003529917737661E-016   1.0863867517979196E-006
  -316.22776601683597        3.1117875708095029E-004   3.6280272231069084E-016   8.7411686304588949E-007
  -354.81338923357316        2.8092795092738988E-004   2.2308125261479661E-016   7.0332252859387003E-007
  -398.10717055349448        2.5361793333323121E-004   1.3716888375201780E-016   5.6589981659505295E-007
  -446.68359215095984        2.2896282007616483E-004   8.4342821455416252E-017   4.5532822551347180E-007
  -501.18723362726837        2.0670451864455825E-004   5.1860971116412369E-017   3.6636129759961849E-007
  -562.34132519034449        1.8661002653993272E-004   3.1888431775276202E-017   2.9477768322928643E-007
  -630.95734448018788        1.6846899221159551E-004   1.9607655872847305E-017   2.3718084470977147E-007
  -707.94578438413157        1.5209151309464230E-004   1.2056414835234677E-017   1.9083789594400884E-007
  -794.32823472427401        1.3730614770356850E-004   7.4132849777729027E-018   1.5354993122765470E-007
  -891.25093813373678        1.2395812097376133E-004   4.5583031610565556E-018   1.2354769053216703E-007
  -999.99999999998977        1.1190770406555595E-004   2.8028232797962263E-018   9.9407610783521385E-008
  -1122.0184543019516        1.0102875167145337E-004   1.7234085094297017E-018   7.9984279917375198E-008
  -1258.9254117941532        9.1207381515580286E-005   1.0596946296751677E-018   6.4356088769985678E-008
  -1412.5375446227381        8.2340782222755998E-005   6.5158826046452862E-019   5.1781502076288439E-008
  -1584.8931924610947        7.4336137078173615E-005   4.0065054622711987E-019   4.1663873703909027E-008
  -1778.2794100389010        6.7109652411753321E-005   2.4635323366616180E-019   3.3523136661017834E-008
  -1995.2623149688543        6.0585680436373936E-005   1.5147843377082383E-019   2.6973024612428121E-008
  -2238.7211385683104        5.4695927357886789E-005   9.3141525277500592E-020   2.1702744099396792E-008
  -2511.8864315095461        4.9378738467411638E-005   5.7271140028716724E-020   1.7462227837409426E-008
  -2818.3829312644148        4.4578452732245633E-005   3.5215055480746711E-020   1.4050269382807943E-008
  -3162.2776601683340        4.0244820129215031E-005   2.1653143779631587E-020   1.1304976175660359E-008
  -3548.1338923357025        3.6332475621079397E-005   1.3314151482586974E-020   9.0960879697233474E-009
  -3981.0717055349123        3.2800464269534605E-005   8.1866455601892345E-021   7.3187961701806779E-009
  -4466.8359215095616        2.9611812513656269E-005   5.0338308793339725E-021   5.8887708156926034E-009
  -5011.8723362726432        2.6733141125885964E-005   3.0952183268318540E-021   4.7381592422396168E-009
  -5623.4132519033992        2.4134315793943658E-005   1.9031987235348539E-021   3.8123665711256790E-009
  -6309.5734448018266        2.1788131670920124E-005   1.1702442588064645E-021   3.0674652599259271E-009
  -7079.4578438412573        1.9670028591384200E-005   7.1956360888698094E-022   2.4681108032895946E-009
  -7943.2823472426753        1.7757833972353679E-005   4.4244769428011353E-022   1.9858646865887585E-009
  -8912.5093813372951        1.6031530707786578E-005   2.7205391820882579E-022   1.5978450189646744E-009
  -9999.9999999998163        1.4473047626883889E-005   1.6728127677558818E-022   1.2856408202399565E-009
  -11220.184543019423        1.3066070322695321E-005   1.0285858495070617E-022   1.0344384461624882E-009
  -12589.254117941429        1.1795870370758116E-005   6.3246202747013776E-023   8.3231870210686105E-010
  -14125.375446227266        1.0649151150007935E-005   3.8889022989039253E-023   6.6969129428211297E-010
  -15848.931924610817        9.6139086519953744E-006   2.3912250877086835E-023   5.3883978396280479E-010
  -17782.794100388863        8.6793058213410577E-006   1.4703353041068448E-023   4.3355545347100779E-010
  -19952.623149688381        7.8355591120089022E-006   9.0408777209024548E-024   3.4884271137235890E-010
  -22387.211385682920        7.0738360718538914E-006   5.5590865664361869E-024   2.8068205878291171E-010
  -25118.864315095256        6.3861628833460046E-006   3.4182220506697439E-024   2.2583936987605487E-010
  -28183.829312643917        5.7653408925945225E-006   2.1018026454501461E-024   1.8171243722150192E-010
  -31622.776601683083        5.2048712528876035E-006   1.2923890839841464E-024   1.4620750075146097E-010
  -35481.338923356736        4.6988868939057703E-006   7.9467993880822647E-025   1.1763990182945395E-010
  -39810.717055348796        4.2420911044541133E-006   4.8865144344167735E-025   9.4654148598966168E-011
  -44668.359215095254        3.8297020857891524E-006   3.0046090767157425E-025   7.6159599826660555E-011
  -50118.723362726021        3.4574028951172803E-006   1.8475075125574163E-025   6.1278715530192124E-011
  -56234.132519033526        3.1212962552667257E-006   1.1361013212378338E-025   4.9305418956669372E-011
  -63095.734448017749        2.8178637574747136E-006   6.9855981641210448E-026   3.9671594246988066E-011
  -70794.578438411991        2.5439290302192231E-006   4.2958085099701133E-026   3.1920130147957462E-011
  -79432.823472426098        2.2966244885418034E-006   2.6413324877474634E-026   2.5683230734778811E-011
  -89125.093813372223        2.0733613157889619E-006   1.6243630576700419E-026   2.0664964018568398E-011
  -99999.999999997337        1.8718023635370388E-006   9.9886503475439120E-027   1.6627220395223953E-011
  -112201.84543019331        1.6898376860133853E-006   6.1425113696633664E-027   1.3378414684044328E-011
  -125892.54117941327        1.5255624529049446E-006   3.7774577405234554E-027   1.0764395683936333E-011
  -141253.75446227149        1.3772570093425900E-006   2.3229864023580686E-027   8.6611319186059752E-012
  -158489.31924610687        1.2433688743264992E-006   1.4286239931943967E-027   6.9688265197671681E-012
  -177827.94100388719        1.1224964891497047E-006   8.7884212264486580E-028   5.6071820079632523E-012
  -199526.23149688216        1.0133745456961666E-006   5.4054095569949036E-028   4.5115902915996080E-012
  -223872.11385682737        9.1486074102805036E-007   3.3243758787780657E-028   3.6300671050711261E-012
  -251188.64315095052        8.2592381960748198E-007   2.0450654359481652E-028   2.9207854294425394E-012
  -281838.29312643682        7.4563277797717300E-007   1.2588315554767523E-028   2.3500908600080023E-012
  -316227.76601682825        6.7314711889308432E-007   7.7391064663954061E-029   1.8909047527489912E-012
  -354813.38923356443        6.0770805288810304E-007   4.7651336059611576E-029   1.5214393812656329E-012
  -398107.17055348470        5.4863055516353359E-007   2.9395334452767023E-029   1.2241641402088964E-012
  -446683.59215094888        4.9529619465889645E-007   1.8076183263960240E-029   9.8497374303978924E-013
  -501187.23362725606        4.4714666023378595E-007   1.1150617670562848E-029   7.9251894628463784E-013
  -562341.32519033062        4.0367791619300428E-007   6.8725910959979947E-030   6.3766804410615753E-013
  -630957.34448017238        3.6443492597423338E-007   4.2637667854429375E-030   5.1307358187513569E-013
  -707945.78438411420        3.2900688876511353E-007   2.6078777025142518E-030   4.1282372991919073E-013
  -794328.23472425458        2.9702293918600099E-007   1.6238240689926534E-030   3.3216177562980962E-013
  -891250.93813371495        2.6814826502211956E-007   1.0077484175368394E-030   2.6726042422790092E-013
  -999999.99999996519        2.4208060236500971E-007   6.2352062027963982E-031   2.1504019908083288E-013
  -1122018.4543019240        2.1854707147395374E-007   3.8663164776373479E-031   1.7302332492480018E-013
  -1258925.4117941223        1.9730132023475595E-007   2.4142842539874517E-031   1.3921616095965224E-013
  -1412537.5446227035        1.7812094531322545E-007   1.4769219885193617E-031   1.1201460543407784E-013
  -1584893.1924610557        1.6080516400765615E-007   9.4563999045168211E-032   9.0127983303523050E-014
  -1778279.4100388573        1.4517271242894766E-007   5.7504032901964852E-032   7.2517805538677280E-014
  -1995262.3149688053        1.3105994800623753E-007   3.8635710132622716E-032   5.8348494300990729E-014
  -2238721.1385682556        1.1831913645482470E-007   2.4133508315794082E-032   4.6947735965023563E-014
  -2511886.4315094845        1.0681690527413571E-007   1.5293349713772264E-032   3.7774580795037612E-014
  -2818382.9312643455        9.6432847586747387E-008   9.6832900837924132E-033   3.0393775650947022E-014
  -3162277.6601682566        8.7058261703267572E-008   6.2621481705561407E-033   2.4455111847103680E-014
  -3548133.8923356151        7.8595013218672333E-008   4.2835517922200351E-033   1.9676808249248108E-014
  -3981071.7055348144        7.0954507728373677E-008   2.9902186306259299E-033   1.5832141161257173E-014
  -4466835.9215094522        6.4056763410273858E-008   2.1752618794520204E-033   1.2738686608868678E-014
  -5011872.3362725200        5.7829573764472204E-008   1.5184848728201595E-033   1.0249664582076311E-014
  -5623413.2519032611        5.2207751746073347E-008   1.0019371453371033E-033   8.2469745328321163E-015
  -6309573.4448016714        4.7132447378578750E-008   8.2929019573254416E-034   6.6355916723475805E-015
  -7079457.8438410833        4.2550531704548567E-008   5.7890253550306524E-034   5.3390581802861135E-015
  -7943282.3472424801        3.8414040624647672E-008   3.8197545739992825E-034   4.2958553901486802E-015
  -8912509.3813370764        3.4679672803109496E-008   3.6293425437823299E-034   3.4564848162191274E-015
  -9999999.9999995697        3.1308336383625708E-008   2.7932221577044714E-034   2.7811195209575882E-015
