203 -6.21e-07
209 -1.92775e-06
215 -2.3822e-06
223 -2.818e-06
228 -2.5911e-06
233 -2.766e-06
238 -2.916e-06
247 -2.63046666666667e-06
252 -2.77573333333333e-06
258 -2.75306666666667e-06
266 -2.77506666666667e-06
272 -2.8184e-06
278 -2.71173333333333e-06
300 -2.69173333333333e-06
305 -2.6784e-06
310 -2.75373333333333e-06
316 -2.64706666666667e-06
321 -2.6364e-06
326 -2.6784e-06
331 -2.61373333333333e-06
337 -2.56906666666667e-06
342 -2.70466666666667e-06
347 -2.678e-06
352 -2.69133333333333e-06
358 -2.70266666666667e-06
363 -2.72933333333333e-06
368 -2.72466666666667e-06
374 -2.74e-06
380 -2.77333333333333e-06
385 -2.76666666666667e-06
390 -2.76666666666667e-06
396 -2.76666666666667e-06
401 -2.83333333333333e-06
407 -2.83333333333333e-06
413 -2.76466666666667e-06
418 -2.878e-06
424 -2.9e-06
429 -2.89133333333333e-06
434 -2.918e-06
440 -3.00466666666667e-06
445 -2.99133333333333e-06
451 -3.014e-06
456 -3.03866666666667e-06
461 -3.10533333333333e-06
467 -3.10533333333333e-06
472 -3.19866666666667e-06
477 -3.17866666666667e-06
482 -3.16733333333333e-06
488 -3.18933333333333e-06
493 -3.24466666666667e-06
498 -3.036e-06
504 -3.28333333333333e-06
509 -3.33866666666667e-06
515 -3.40533333333333e-06
520 -3.352e-06
526 -3.41866666666667e-06
531 -3.454e-06
545 -3.44066666666667e-06
552 -3.44066666666667e-06
558 -3.44066666666667e-06
563 -3.37e-06
569 -3.33666666666667e-06
574 -3.47e-06
579 -3.43466666666667e-06
584 -3.46133333333333e-06
589 -3.55666666666667e-06
595 -3.32066666666667e-06
602 -3.354e-06
610 -3.172e-06
615 -3.26066666666667e-06
620 -3.194e-06
625 -3.152e-06
631 -3.19666666666667e-06
637 -3.18333333333333e-06
642 -3.25666666666667e-06
651 -3.24733333333333e-06
657 -3.292e-06
662 -3.23866666666667e-06
669 -3.292e-06
675 -3.27866666666667e-06
680 -3.30066666666667e-06
685 -3.24466666666667e-06
690 -3.40466666666667e-06
696 -3.56e-06
701 -3.538e-06
706 -3.49133333333333e-06
711 -3.65333333333333e-06
717 -3.71533333333333e-06
726 -3.67333333333333e-06
731 -3.68666666666667e-06
737 -3.74e-06
742 -3.74533333333333e-06
750 -3.75866666666667e-06
755 -3.772e-06
760 -3.74733333333333e-06
766 -3.83866666666667e-06
771 -3.96133333333333e-06
776 -3.76133333333333e-06
784 -3.704e-06
789 -3.784e-06
794 -3.82866666666667e-06
800 -3.78866666666667e-06
805 -3.72666666666667e-06
811 -3.75533333333333e-06
816 -3.74666666666667e-06
823 -3.682e-06
828 -3.792e-06
834 -3.76533333333333e-06
839 -3.69e-06
845 -3.728e-06
850 -3.50913333333333e-06
856 -3.55113333333333e-06
862 -3.64446666666667e-06
867 -3.76846666666667e-06
872 -3.63313333333333e-06
878 -3.67713333333333e-06
883 -3.63713333333333e-06
907 -3.71246666666667e-06
912 -3.67246666666667e-06
917 -3.7478e-06
922 -3.65713333333333e-06
928 -3.71046666666667e-06
934 -3.77713333333333e-06
939 -3.83913333333333e-06
944 -3.81246666666667e-06
950 -3.96933333333333e-06
955 -4.00466666666667e-06
972 -4.08466666666667e-06
977 -4.07133333333333e-06
982 -4.14e-06
987 -4.12466666666667e-06
996 -4.12666666666667e-06
1010 -4.06e-06
1020 -4.082e-06
1020 -4.05533333333333e-06
1030 -4.27733333333333e-06
1030 -4.13066666666667e-06
1040 -4.064e-06
1040 -4.19733333333333e-06
1050 -4.21933333333333e-06
1050 -4.308e-06
1060 -4.17466666666667e-06
1060 -4.13466666666667e-06
1070 -4.08133333333333e-06
1080 -4.068e-06
1080 -4.13466666666667e-06
1090 -4.146e-06
1090 -4.07066666666667e-06
1100 -4.08866666666667e-06
1100 -4.05066666666667e-06
1110 -3.93066666666667e-06
1110 -4.05066666666667e-06
1120 -3.984e-06
1120 -3.83733333333333e-06
1130 -3.77066666666667e-06
1130 -3.864e-06
1140 -3.90866666666667e-06
1150 -3.78866666666667e-06
1150 -3.85533333333333e-06
1160 -3.8e-06
1160 -3.74666666666667e-06
1170 -3.82666666666667e-06
1180 -3.87066666666667e-06
1180 -3.89733333333333e-06
1190 -3.92e-06
1190 -3.91066666666667e-06
1200 -3.95733333333333e-06
1200 -4.07733333333333e-06
1210 -4.09066666666667e-06
1210 -4.15466666666667e-06
1220 -4.002e-06
1220 -4.13533333333333e-06
1230 -4.13533333333333e-06
1240 -3.91466666666667e-06
1240 -4.01466666666667e-06
1250 -4.01466666666667e-06
1250 -3.968e-06
1260 -3.99933333333333e-06
1270 -4.01066666666667e-06
1270 -4.07933333333333e-06
1280 -4.12866666666667e-06
1290 -4.10866666666667e-06
1300 -4.022e-06
1300 -4.03533333333333e-06
1310 -4.16266666666667e-06
1310 -4.182e-06
1320 -4.02666666666667e-06
1320 -4.14666666666667e-06
1330 -4.334e-06
1330 -4.32933333333333e-06
1340 -4.36933333333333e-06
1340 -4.336e-06
1350 -4.194e-06
1350 -4.316e-06
1360 -4.214e-06
1370 -4.22733333333333e-06
1370 -4.254e-06
1380 -4.30066666666667e-06
1380 -4.18066666666667e-06
1400 -3.97133333333333e-06
1400 -4.08266666666667e-06
1410 -4.02333333333333e-06
1410 -4.11066666666667e-06
1420 -4.144e-06
1420 -4.17066666666667e-06
1430 -4.09066666666667e-06
1450 -4.07933333333333e-06
1450 -4.19466666666667e-06
1460 -4.06133333333333e-06
1470 -4.06133333333333e-06
1470 -4.01933333333333e-06
1480 -3.83933333333333e-06
1480 -4.08133333333333e-06
1490 -4.08133333333333e-06
1490 -4.43266666666667e-06
1500 -4.33466666666667e-06
1500 -4.52266666666667e-06
1510 -4.32866666666667e-06
1520 -4.23666666666667e-06
1530 -4.31666666666667e-06
1540 -4.37e-06
1540 -4.28133333333333e-06
1550 -4.488e-06
1550 -4.55466666666667e-06
1560 -4.54333333333333e-06
1570 -4.64333333333333e-06
1570 -4.71666666666667e-06
1580 -4.54133333333333e-06
1580 -4.728e-06
1590 -4.46133333333333e-06
1590 -4.448e-06
1600 -4.42133333333333e-06
1610 -4.408e-06
1610 -4.378e-06
1620 -4.298e-06
1620 -4.24266666666667e-06
1630 -4.36933333333333e-06
1630 -4.22466666666667e-06
1640 -4.17133333333333e-06
1640 -4.298e-06
1650 -4.27533333333333e-06
1650 -4.27533333333333e-06
1660 -4.19533333333333e-06
1670 -4.222e-06
1670 -4.14666666666667e-06
1680 -4.39133333333333e-06
1680 -4.39133333333333e-06
1690 -4.396e-06
1690 -4.53133333333333e-06
1700 -4.45133333333333e-06
1700 -4.50666666666667e-06
1710 -4.46666666666667e-06
1720 -4.456e-06
1720 -4.496e-06
1730 -4.38933333333333e-06
1740 -4.312e-06
1740 -4.36533333333333e-06
1750 -4.38733333333333e-06
1750 -4.30733333333333e-06
1760 -4.43866666666667e-06
1760 -4.274e-06
1770 -4.274e-06
1770 -4.42933333333333e-06
1780 -4.274e-06
1780 -4.40933333333333e-06
1790 -4.48933333333333e-06
1800 -4.50266666666667e-06
1800 -4.36333333333333e-06
1810 -4.43e-06
1810 -4.48333333333333e-06
1820 -4.50533333333333e-06
1820 -4.532e-06
1830 -4.52333333333333e-06
1830 -4.52333333333333e-06
1850 -4.52333333333333e-06
1850 -4.47e-06
1860 -4.316e-06
1860 -4.266e-06
1870 -4.44133333333333e-06
1870 -4.39933333333333e-06
1880 -4.33066666666667e-06
1880 -4.37066666666667e-06
1890 -4.454e-06
1900 -4.38733333333333e-06
1910 -4.30266666666667e-06
1910 -4.42933333333333e-06
1920 -4.38933333333333e-06
1920 -4.398e-06
1930 -4.398e-06
1930 -4.46666666666667e-06
1940 -4.39533333333333e-06
1940 -4.42466666666667e-06
1950 -4.488e-06
1950 -4.36133333333333e-06
1960 -4.33466666666667e-06
1970 -4.368e-06
1970 -4.35466666666667e-06
1980 -4.51933333333333e-06
1980 -4.444e-06
1990 -4.582e-06
1990 -4.51533333333333e-06
2000 -4.49733333333333e-06
2000 -4.542e-06
2010 -4.542e-06
2010 -4.42866666666667e-06
2020 -4.454e-06
2020 -4.59866666666667e-06
2030 -4.452e-06
2040 -4.55866666666667e-06
2040 -4.51866666666667e-06
2050 -4.51866666666667e-06
2050 -4.532e-06
2060 -4.47866666666667e-06
2060 -4.434e-06
2070 -4.452e-06
2070 -4.492e-06
2080 -4.448e-06
2090 -4.47466666666667e-06
2090 -4.46533333333333e-06
2100 -4.53866666666667e-06
2100 -4.66466666666667e-06
2110 -4.53133333333333e-06
2110 -4.61133333333333e-06
2120 -4.54266666666667e-06
2120 -4.54266666666667e-06
2130 -4.47266666666667e-06
2140 -4.55466666666667e-06
2140 -4.53266666666667e-06
2150 -4.706e-06
2150 -4.58133333333333e-06
2160 -4.53666666666667e-06
2160 -4.572e-06
2170 -4.54533333333333e-06
2180 -4.51e-06
2180 -4.57666666666667e-06
2190 -4.53666666666667e-06
2190 -4.59666666666667e-06
2200 -4.51666666666667e-06
2200 -4.62533333333333e-06
2210 -4.58666666666667e-06
2220 -4.83866666666667e-06
2220 -4.79666666666667e-06
2230 -4.76333333333333e-06
2230 -4.68333333333333e-06
2240 -4.81666666666667e-06
2240 -4.85e-06
2250 -4.94333333333333e-06
2250 -4.932e-06
2260 -4.99e-06
2270 -4.99e-06
2270 -4.93466666666667e-06
2280 -4.948e-06
2280 -5.05466666666667e-06
2290 -5.028e-06
2290 -5.042e-06
2300 -4.962e-06
2300 -4.882e-06
2310 -5.004e-06
2310 -5.03266666666667e-06
2320 -4.93933333333333e-06
2320 -4.91733333333333e-06
2330 -4.944e-06
2330 -4.86666666666667e-06
2340 -4.86266666666667e-06
2350 -4.90266666666667e-06
2350 -4.998e-06
2360 -4.906e-06
2360 -5.05266666666667e-06
2370 -5.004e-06
2370 -5.06e-06
2380 -4.73866666666667e-06
2390 -4.834e-06
2390 -4.88733333333333e-06
2400 -4.872e-06
2400 -4.89e-06
2410 -4.694e-06
2420 -4.62733333333333e-06
2440 -4.756e-06
2440 -4.78e-06
2450 -4.6e-06
2450 -4.61333333333333e-06
2460 -4.772e-06
2480 -4.48533333333333e-06
2480 -4.31733333333333e-06
2490 -4.31066666666667e-06
2490 -4.46333333333333e-06
2500 -4.42133333333333e-06
2500 -4.39466666666667e-06
2510 -4.202e-06
2520 -4.29066666666667e-06
2530 -4.6e-06
2540 -4.6e-06
2540 -4.53333333333333e-06
2550 -4.63333333333333e-06
2550 -4.722e-06
2570 -4.602e-06
2570 -4.62866666666667e-06
2580 -4.684e-06
2580 -4.954e-06
2590 -4.77733333333333e-06
2590 -4.95466666666667e-06
2600 -4.91466666666667e-06
2600 -4.848e-06
2610 -5.02266666666667e-06
2610 -4.88933333333333e-06
2620 -4.798e-06
2630 -4.76466666666667e-06
2640 -4.738e-06
2640 -4.738e-06
2650 -4.64933333333333e-06
2650 -4.70466666666667e-06
2660 -4.65133333333333e-06
2660 -4.57e-06
2670 -4.53e-06
2680 -4.63066666666667e-06
2680 -4.59533333333333e-06
2690 -4.63733333333333e-06
2690 -4.65066666666667e-06
2700 -4.682e-06
2710 -4.66e-06
2710 -4.698e-06
2720 -4.68666666666667e-06
2720 -4.67333333333333e-06
2730 -4.57333333333333e-06
2730 -4.63333333333333e-06
2740 -4.63133333333333e-06
2750 -4.58466666666667e-06
2750 -4.73733333333333e-06
2760 -4.75066666666667e-06
2760 -4.76666666666667e-06
2770 -4.75333333333333e-06
2770 -4.72466666666667e-06
2780 -4.72466666666667e-06
2780 -4.64933333333333e-06
2790 -4.662e-06
2790 -4.67533333333333e-06
2800 -4.76e-06
2800 -4.72666666666667e-06
2810 -4.738e-06
2810 -4.80466666666667e-06
2820 -4.796e-06
2830 -4.88266666666667e-06
2830 -4.82933333333333e-06
2840 -4.76466666666667e-06
2840 -4.88e-06
2850 -4.8e-06
2850 -4.75133333333333e-06
2860 -4.75133333333333e-06
2870 -4.8e-06
2870 -4.94266666666667e-06
2880 -4.814e-06
2880 -4.82733333333333e-06
2890 -4.90533333333333e-06
2890 -4.88733333333333e-06
2900 -4.90066666666667e-06
2900 -4.856e-06
2910 -4.80266666666667e-06
2910 -4.90933333333333e-06
2920 -4.854e-06
2920 -4.78733333333333e-06
2930 -4.88066666666667e-06
2930 -4.89333333333333e-06
2940 -4.90666666666667e-06
2950 -4.93533333333333e-06
2950 -4.82866666666667e-06
2960 -4.89533333333333e-06
2960 -4.78866666666667e-06
2970 -4.83733333333333e-06
2970 -4.77733333333333e-06
2980 -4.764e-06
2980 -4.87066666666667e-06
2990 -4.79266666666667e-06
3000 -4.73933333333333e-06
3000 -4.73933333333333e-06
3010 -4.83266666666667e-06
3010 -4.81933333333333e-06
3020 -4.85533333333333e-06
3020 -4.75733333333333e-06
3030 -4.742e-06
3030 -4.83533333333333e-06
3040 -4.846e-06
3040 -4.91266666666667e-06
3050 -4.696e-06
3050 -4.96933333333333e-06
3060 -4.98266666666667e-06
3060 -4.92066666666667e-06
3070 -5.03866666666667e-06
3080 -4.912e-06
3080 -5.01866666666667e-06
3090 -4.872e-06
3100 -4.79866666666667e-06
3100 -4.852e-06
3110 -4.93666666666667e-06
3110 -4.87466666666667e-06
3120 -4.788e-06
3130 -4.83933333333333e-06
3130 -4.804e-06
3140 -4.916e-06
3140 -4.76933333333333e-06
3150 -4.72933333333333e-06
3150 -4.72933333333333e-06
3160 -4.756e-06
3160 -4.84466666666667e-06
3170 -4.69333333333333e-06
3180 -4.90666666666667e-06
3180 -4.73e-06
3190 -4.99266666666667e-06
3190 -5.126e-06
3200 -5.188e-06
3200 -5.21e-06
3210 -5.13e-06
3220 -5.14066666666667e-06
3230 -5.29866666666667e-06
3240 -5.23866666666667e-06
3240 -5.22533333333333e-06
3250 -5.236e-06
3250 -5.10266666666667e-06
3260 -5.194e-06
3260 -5.332e-06
3270 -5.14533333333333e-06
3270 -5.39533333333333e-06
3280 -5.13266666666667e-06
3290 -4.754e-06
3290 -5.194e-06
3300 -5.09666666666667e-06
3300 -5.22533333333333e-06
3310 -5.16066666666667e-06
3310 -5.16066666666667e-06
3320 -5.18266666666667e-06
3330 -5.18466666666667e-06
3340 -5.22266666666667e-06
3340 -5.32933333333333e-06
3350 -5.16066666666667e-06
3360 -5.12266666666667e-06
3360 -5.26933333333333e-06
3370 -5.04933333333333e-06
3370 -5.236e-06
3380 -5.468e-06
3380 -5.03266666666667e-06
3390 -4.97866666666667e-06
3400 -5.068e-06
3400 -5.21066666666667e-06
3410 -5.17066666666667e-06
3420 -5.17066666666667e-06
3420 -5.15533333333333e-06
3430 -5.16866666666667e-06
3440 -5.10666666666667e-06
3440 -4.976e-06
3450 -4.848e-06
3450 -5.10133333333333e-06
3460 -5.18933333333333e-06
3460 -4.83533333333333e-06
3470 -4.83866666666667e-06
3480 -5.24733333333333e-06
3490 -5.32666666666667e-06
3500 -5.33533333333333e-06
3510 -5.242e-06
3510 -5.18e-06
3530 -5.18e-06
3540 -5.24666666666667e-06
3540 -5.09266666666667e-06
3550 -5.08133333333333e-06
3560 -5.48733333333333e-06
3560 -5.60466666666667e-06
3570 -5.17133333333333e-06
3570 -5.36333333333333e-06
3580 -5.584e-06
3590 -5.54066666666667e-06
3590 -5.054e-06
3600 -5.31066666666667e-06
3600 -5.204e-06
3610 -5.244e-06
3620 -5.19933333333333e-06
3620 -5.322e-06
3630 -5.362e-06
3640 -5.46466666666667e-06
3640 -5.47133333333333e-06
3650 -5.36466666666667e-06
3650 -5.42666666666667e-06
3660 -5.5e-06
3670 -5.38866666666667e-06
3670 -5.402e-06
3680 -5.41533333333333e-06
3680 -5.504e-06
3690 -5.35733333333333e-06
3690 -5.21066666666667e-06
3700 -5.20866666666667e-06
3700 -5.31533333333333e-06
3710 -5.23066666666667e-06
3710 -5.12866666666667e-06
3720 -5.14e-06
3720 -5.11933333333333e-06
3730 -5.106e-06
3740 -4.80933333333333e-06
3740 -4.90266666666667e-06
3750 -4.668e-06
3750 -4.728e-06
3760 -5.072e-06
3760 -4.222e-06
3770 -4.488e-06
3800 -4.38333333333333e-06
3800 -6e-06
