211 -4.5e-06
216 -6.31e-06
222 -7.54333333333333e-06
227 -8.07666666666667e-06
232 -9e-06
237 -8.93333333333333e-06
242 -8.97666666666667e-06
248 -9.84333333333333e-06
253 -1.111e-05
258 -1.13333333333333e-05
264 -1.14e-05
269 -1.14666666666667e-05
274 -1.13566666666667e-05
280 -1.12233333333333e-05
285 -1.13566666666667e-05
290 -1.24e-05
295 -1.18e-05
301 -1.13333333333333e-05
307 -1.16e-05
312 -1.28e-05
317 -1.38e-05
322 -1.4e-05
327 -1.35666666666667e-05
333 -1.40333333333333e-05
338 -1.47666666666667e-05
343 -1.6e-05
348 -1.54333333333333e-05
354 -1.57e-05
359 -1.57666666666667e-05
364 -1.66333333333333e-05
370 -1.67e-05
375 -1.55666666666667e-05
380 -1.36333333333333e-05
386 -1.29666666666667e-05
391 -1.34333333333333e-05
396 -1.37666666666667e-05
402 -1.33e-05
407 -1.29666666666667e-05
412 -1.28666666666667e-05
418 -1.28e-05
423 -1.28666666666667e-05
428 -1.29e-05
434 -1.42333333333333e-05
439 -1.36e-05
445 -1.45666666666667e-05
450 -1.39666666666667e-05
455 -1.45666666666667e-05
461 -1.4e-05
467 -1.52666666666667e-05
472 -1.49e-05
477 -1.53333333333333e-05
483 -1.56e-05
488 -1.72666666666667e-05
493 -1.70666666666667e-05
499 -1.58e-05
504 -1.57333333333333e-05
509 -1.49e-05
515 -1.63666666666667e-05
520 -1.58333333333333e-05
525 -1.78666666666667e-05
530 -1.52e-05
536 -1.51e-05
542 -1.51e-05
547 -1.51e-05
553 -1.42666666666667e-05
559 -1.38e-05
564 -1.50666666666667e-05
569 -1.50666666666667e-05
575 -1.50666666666667e-05
580 -1.46e-05
585 -1.67333333333333e-05
590 -1.57e-05
596 -1.56666666666667e-05
602 -1.58e-05
607 -1.77666666666667e-05
613 -1.88666666666667e-05
618 -1.78333333333333e-05
624 -1.71e-05
629 -1.69666666666667e-05
634 -1.63e-05
640 -1.63666666666667e-05
645 -1.57e-05
650 -1.54333333333333e-05
656 -1.53666666666667e-05
661 -1.43333333333333e-05
667 -1.48333333333333e-05
672 -1.53666666666667e-05
677 -1.6e-05
683 -1.64e-05
688 -1.6e-05
693 -1.64e-05
698 -1.65333333333333e-05
703 -1.54666666666667e-05
709 -1.67333333333333e-05
714 -1.55666666666667e-05
720 -1.66333333333333e-05
725 -1.53e-05
730 -1.64666666666667e-05
735 -1.55666666666667e-05
741 -1.51e-05
746 -1.35e-05
751 -1.38666666666667e-05
756 -1.42e-05
762 -1.5e-05
767 -1.31233333333333e-05
773 -1.40566666666667e-05
778 -1.439e-05
783 -1.53333333333333e-05
789 -1.38666666666667e-05
794 -1.3e-05
799 -1.44e-05
805 -1.46666666666667e-05
810 -1.63333333333333e-05
815 -1.56666666666667e-05
821 -1.59333333333333e-05
826 -1.63333333333333e-05
832 -1.86e-05
837 -2.04e-05
842 -1.86666666666667e-05
848 -1.85333333333333e-05
853 -1.78666666666667e-05
859 -1.83333333333333e-05
865 -1.64e-05
871 -1.56666666666667e-05
876 -1.63333333333333e-05
881 -1.72e-05
886 -1.62e-05
892 -1.64666666666667e-05
898 -1.59333333333333e-05
903 -1.56e-05
909 -1.48666666666667e-05
914 -1.50666666666667e-05
919 -1.45666666666667e-05
925 -1.44333333333333e-05
930 -1.38666666666667e-05
936 -1.60333333333333e-05
941 -1.77e-05
946 -1.91333333333333e-05
951 -1.83e-05
957 -1.60333333333333e-05
962 -1.55666666666667e-05
967 -1.60666666666667e-05
972 -1.62e-05
978 -1.63333333333333e-05
983 -1.63333333333333e-05
988 -1.69333333333333e-05
993 -1.55e-05
999 -1.59666666666667e-05
1000 -1.67666666666667e-05
1010 -1.73e-05
1020 -1.78333333333333e-05
1020 -1.76333333333333e-05
1030 -1.92e-05
1030 -1.86e-05
1040 -1.91666666666667e-05
1040 -1.90666666666667e-05
1050 -2.04666666666667e-05
1050 -2.00333333333333e-05
1060 -1.86e-05
1060 -1.80666666666667e-05
1070 -1.78333333333333e-05
1080 -1.97e-05
1080 -1.8e-05
1090 -1.81e-05
1090 -1.72333333333333e-05
1100 -1.65e-05
1100 -1.68333333333333e-05
1110 -1.56333333333333e-05
1110 -1.69333333333333e-05
1120 -1.63333333333333e-05
1120 -1.84666666666667e-05
1130 -1.72333333333333e-05
1130 -1.71666666666667e-05
1140 -1.61e-05
1140 -1.65333333333333e-05
1150 -1.6e-05
1160 -1.6e-05
1160 -1.6e-05
1170 -1.76e-05
1170 -1.77333333333333e-05
1180 -1.74666666666667e-05
1180 -1.8e-05
1190 -1.62666666666667e-05
1190 -1.71e-05
1200 -1.57666666666667e-05
1200 -1.68e-05
1210 -1.75e-05
1220 -1.73e-05
1220 -1.67e-05
1230 -1.63666666666667e-05
1230 -1.75666666666667e-05
1240 -1.89e-05
1240 -1.84333333333333e-05
1250 -1.87666666666667e-05
1250 -1.77666666666667e-05
1260 -1.90333333333333e-05
1260 -1.96333333333333e-05
1270 -1.92e-05
1270 -1.85666666666667e-05
1280 -1.72333333333333e-05
1290 -2.00333333333333e-05
1290 -1.99333333333333e-05
1300 -1.94666666666667e-05
1300 -1.80666666666667e-05
1310 -1.67333333333333e-05
1310 -1.78e-05
1320 -1.74e-05
1320 -1.93333333333333e-05
1330 -1.75e-05
1340 -1.61e-05
1340 -1.57e-05
1350 -1.53e-05
1350 -1.61666666666667e-05
1360 -1.59666666666667e-05
1360 -1.68e-05
1370 -1.87333333333333e-05
1370 -1.76666666666667e-05
1380 -1.68e-05
1380 -1.65333333333333e-05
1390 -1.73333333333333e-05
1390 -1.82e-05
1400 -1.62666666666667e-05
1400 -1.64666666666667e-05
1410 -1.69333333333333e-05
1420 -1.67333333333333e-05
1420 -1.70666666666667e-05
1430 -1.64333333333333e-05
1430 -1.78333333333333e-05
1440 -1.79e-05
1440 -1.77333333333333e-05
1450 -1.70333333333333e-05
1450 -1.78e-05
1460 -1.84666666666667e-05
1470 -1.71333333333333e-05
1470 -1.68333333333333e-05
1480 -1.71e-05
1480 -1.81e-05
1490 -1.69666666666667e-05
1490 -1.84333333333333e-05
1500 -1.89e-05
1500 -1.83333333333333e-05
1510 -1.72666666666667e-05
1520 -1.64333333333333e-05
1520 -1.73333333333333e-05
1530 -1.72666666666667e-05
1530 -1.8e-05
1540 -1.62666666666667e-05
1540 -1.63e-05
1550 -1.55e-05
1550 -1.76333333333333e-05
1560 -1.73333333333333e-05
1560 -1.89333333333333e-05
1570 -1.64666666666667e-05
1580 -1.54333333333333e-05
1580 -1.59666666666667e-05
1590 -1.78e-05
1590 -2.01e-05
1600 -1.81666666666667e-05
1600 -1.90666666666667e-05
1610 -1.61333333333333e-05
1610 -1.66666666666667e-05
1620 -1.59333333333333e-05
1620 -1.55666666666667e-05
1630 -1.77666666666667e-05
1640 -1.87e-05
1640 -2.03333333333333e-05
1650 -1.69e-05
1650 -1.58333333333333e-05
1660 -1.61666666666667e-05
1660 -1.65e-05
1670 -1.63e-05
1670 -1.80333333333333e-05
1680 -1.78666666666667e-05
1680 -1.86e-05
1690 -1.70666666666667e-05
1690 -1.78e-05
1700 -1.78666666666667e-05
1700 -1.58666666666667e-05
1710 -1.66e-05
1720 -1.66666666666667e-05
1720 -1.69333333333333e-05
1730 -1.67333333333333e-05
1730 -1.66666666666667e-05
1740 -1.74e-05
1740 -1.85333333333333e-05
1750 -1.77333333333333e-05
1750 -1.77333333333333e-05
1760 -1.83333333333333e-05
1760 -1.87333333333333e-05
1770 -1.85333333333333e-05
1780 -1.74666666666667e-05
1780 -1.78e-05
1790 -1.76666666666667e-05
1790 -1.79333333333333e-05
1800 -1.84e-05
1800 -1.88333333333333e-05
1810 -1.67666666666667e-05
1810 -1.67e-05
1820 -1.59666666666667e-05
1820 -1.93e-05
1830 -1.89e-05
1830 -2.00333333333333e-05
1840 -1.81666666666667e-05
1850 -1.83666666666667e-05
1850 -1.78666666666667e-05
1860 -1.87333333333333e-05
1860 -1.71666666666667e-05
1870 -1.83e-05
1870 -1.74e-05
1880 -1.97666666666667e-05
1880 -2.03e-05
1890 -1.96666666666667e-05
1890 -1.90666666666667e-05
1900 -1.96666666666667e-05
1900 -1.99333333333333e-05
1910 -1.98e-05
1910 -1.79e-05
1920 -1.83e-05
1930 -1.79666666666667e-05
1930 -1.98e-05
1940 -1.94666666666667e-05
1940 -1.91333333333333e-05
1950 -1.87333333333333e-05
1950 -1.95666666666667e-05
1960 -1.99666666666667e-05
1960 -1.88333333333333e-05
1970 -1.97333333333333e-05
1970 -1.95e-05
1980 -2.07666666666667e-05
1990 -1.98333333333333e-05
1990 -2.11333333333333e-05
2000 -1.92333333333333e-05
2000 -1.99666666666667e-05
2010 -1.97e-05
2010 -1.83666666666667e-05
2020 -1.81e-05
2020 -1.63666666666667e-05
2030 -1.92666666666667e-05
2030 -1.84666666666667e-05
2040 -1.89666666666667e-05
2050 -1.70333333333333e-05
2050 -1.75666666666667e-05
2060 -1.9e-05
2060 -1.81666666666667e-05
2070 -1.69e-05
2070 -1.67666666666667e-05
2080 -1.84e-05
2080 -1.83333333333333e-05
2090 -1.76666666666667e-05
2100 -1.71333333333333e-05
2100 -1.84666666666667e-05
2110 -1.76666666666667e-05
2110 -1.84333333333333e-05
2120 -1.92333333333333e-05
2120 -2.05666666666667e-05
2130 -1.98666666666667e-05
2130 -1.81333333333333e-05
2140 -1.55333333333333e-05
2150 -1.68e-05
2150 -1.73e-05
2160 -1.79333333333333e-05
2160 -1.82e-05
2170 -1.69666666666667e-05
2170 -1.69666666666667e-05
2180 -1.69666666666667e-05
2190 -1.84333333333333e-05
2190 -1.98e-05
2200 -2.02e-05
2200 -2.03666666666667e-05
2210 -2.09e-05
2210 -2.03e-05
2220 -2.04666666666667e-05
2220 -1.90333333333333e-05
2230 -1.88333333333333e-05
2230 -1.77666666666667e-05
2240 -1.82e-05
2240 -1.66e-05
2250 -1.72e-05
2260 -1.67666666666667e-05
2260 -1.84333333333333e-05
2270 -1.85e-05
2270 -2.08333333333333e-05
2280 -2.14333333333333e-05
2280 -2.11e-05
2290 -1.87e-05
2290 -1.80333333333333e-05
2300 -1.79666666666667e-05
2300 -1.92666666666667e-05
2310 -1.89e-05
2320 -1.95666666666667e-05
2320 -1.93666666666667e-05
2330 -1.89666666666667e-05
2330 -1.90333333333333e-05
2340 -1.93e-05
2340 -1.94e-05
2350 -1.88e-05
2350 -1.8e-05
2360 -1.89333333333333e-05
2360 -1.81333333333333e-05
2370 -1.86666666666667e-05
2370 -1.82666666666667e-05
2380 -1.80666666666667e-05
2380 -1.7e-05
2390 -1.72e-05
2400 -1.85333333333333e-05
2400 -1.94e-05
2410 -1.83666666666667e-05
2410 -1.95e-05
2420 -1.76e-05
2420 -1.86333333333333e-05
2430 -1.81e-05
2430 -1.95e-05
2440 -1.99666666666667e-05
2440 -1.88666666666667e-05
2450 -2.00333333333333e-05
2450 -1.92e-05
2460 -2.13666666666667e-05
2470 -1.94333333333333e-05
2470 -1.94333333333333e-05
2480 -1.81666666666667e-05
2480 -1.86e-05
2490 -2.04333333333333e-05
2490 -1.91333333333333e-05
2500 -2.02333333333333e-05
2500 -1.84e-05
2510 -2.01666666666667e-05
2520 -2.05666666666667e-05
2520 -1.95666666666667e-05
2530 -1.99666666666667e-05
2530 -1.85666666666667e-05
2540 -2.09333333333333e-05
2540 -2.16e-05
2550 -2.2e-05
2550 -2.09e-05
2560 -1.94e-05
2570 -2.05333333333333e-05
2570 -2.11e-05
2580 -2.09333333333333e-05
2580 -1.99666666666667e-05
2590 -1.93666666666667e-05
2590 -2.07666666666667e-05
2600 -1.96e-05
2600 -2.02333333333333e-05
2610 -1.82333333333333e-05
2610 -2.04333333333333e-05
2620 -2.04e-05
2630 -2.22e-05
2630 -2.17e-05
2640 -2.15333333333333e-05
2640 -2.20666666666667e-05
2650 -2.10666666666667e-05
2650 -1.99e-05
2660 -1.85e-05
2660 -2.06333333333333e-05
2670 -2.22333333333333e-05
2680 -2.09666666666667e-05
2680 -1.93333333333333e-05
2690 -1.81333333333333e-05
2690 -1.83e-05
2700 -1.96333333333333e-05
2700 -1.88333333333333e-05
2710 -1.84333333333333e-05
2710 -1.69666666666667e-05
2720 -1.77333333333333e-05
2730 -1.82333333333333e-05
2730 -1.82e-05
2740 -1.92333333333333e-05
2740 -1.92333333333333e-05
2750 -1.90333333333333e-05
2750 -1.93666666666667e-05
2760 -1.9e-05
2770 -1.99666666666667e-05
2770 -1.92333333333333e-05
2780 -1.89333333333333e-05
2780 -1.81333333333333e-05
2790 -1.70666666666667e-05
2790 -1.78333333333333e-05
2800 -1.93666666666667e-05
2810 -1.91333333333333e-05
2810 -2.06333333333333e-05
2820 -1.77e-05
2820 -1.97333333333333e-05
2830 -1.81333333333333e-05
2830 -1.94666666666667e-05
2840 -1.84e-05
2840 -1.84e-05
2850 -1.84e-05
2860 -1.8e-05
2860 -1.89333333333333e-05
2870 -1.90333333333333e-05
2870 -1.94333333333333e-05
2880 -1.84333333333333e-05
2880 -1.82666666666667e-05
2890 -1.73666666666667e-05
2890 -1.89e-05
2900 -1.93e-05
2910 -2.1e-05
2910 -1.92666666666667e-05
2920 -1.92666666666667e-05
2920 -1.9e-05
2930 -1.93333333333333e-05
2930 -2.00666666666667e-05
2940 -1.81333333333333e-05
2940 -1.83333333333333e-05
2950 -1.81333333333333e-05
2950 -1.85333333333333e-05
2960 -1.94666666666667e-05
2970 -1.8e-05
2970 -1.84666666666667e-05
2980 -1.68333333333333e-05
2980 -1.86333333333333e-05
2990 -1.73333333333333e-05
2990 -1.86333333333333e-05
3000 -1.84333333333333e-05
3000 -1.84666666666667e-05
3010 -1.88666666666667e-05
3010 -1.86666666666667e-05
3020 -2.00666666666667e-05
3020 -1.85666666666667e-05
3030 -1.93e-05
3040 -1.89666666666667e-05
3040 -1.84e-05
3050 -1.64333333333333e-05
3050 -1.69e-05
3060 -1.81666666666667e-05
3060 -1.82666666666667e-05
3070 -2.02666666666667e-05
3070 -1.95333333333333e-05
3080 -1.88e-05
3080 -1.64e-05
3090 -1.64e-05
3100 -1.82e-05
3100 -1.84666666666667e-05
3110 -1.86333333333333e-05
3110 -1.95e-05
3120 -1.97666666666667e-05
3120 -1.91333333333333e-05
3130 -1.68e-05
3130 -1.72666666666667e-05
3140 -1.87333333333333e-05
3140 -1.81333333333333e-05
3150 -1.78e-05
3150 -1.57333333333333e-05
3160 -1.9e-05
3170 -1.83333333333333e-05
3170 -1.91666666666667e-05
3180 -1.77666666666667e-05
3180 -1.74666666666667e-05
3190 -1.89e-05
3190 -1.90333333333333e-05
3200 -1.79e-05
3200 -1.82333333333333e-05
3210 -1.92333333333333e-05
3210 -2e-05
3220 -1.83e-05
3230 -1.69e-05
3230 -1.72666666666667e-05
3240 -1.72333333333333e-05
3240 -1.65666666666667e-05
3250 -1.60333333333333e-05
3250 -1.69e-05
3260 -1.75666666666667e-05
3260 -2.00666666666667e-05
3270 -1.90666666666667e-05
3270 -1.88666666666667e-05
3280 -1.73666666666667e-05
3290 -1.82333333333333e-05
3290 -1.79666666666667e-05
3300 -1.76333333333333e-05
3300 -1.87e-05
3310 -2.01e-05
3310 -2.05333333333333e-05
3320 -2.04e-05
3320 -2.06666666666667e-05
3330 -2.12e-05
3330 -1.84e-05
3340 -1.69333333333333e-05
3340 -1.62e-05
3350 -1.82666666666667e-05
3350 -1.92e-05
3360 -1.91333333333333e-05
3370 -1.96666666666667e-05
3370 -1.78333333333333e-05
3380 -1.87e-05
3380 -1.74333333333333e-05
3390 -1.72666666666667e-05
3390 -1.80666666666667e-05
3400 -1.70666666666667e-05
3400 -1.98666666666667e-05
3410 -1.68e-05
3410 -1.87333333333333e-05
3420 -1.69333333333333e-05
3420 -1.93333333333333e-05
3430 -1.85666666666667e-05
3430 -1.80666666666667e-05
3440 -1.76e-05
3450 -1.83e-05
3450 -1.88666666666667e-05
3460 -1.82e-05
3460 -1.81333333333333e-05
3470 -1.75333333333333e-05
3470 -1.72e-05
3480 -1.66e-05
3480 -1.60333333333333e-05
3490 -1.74333333333333e-05
3490 -1.73333333333333e-05
3500 -2.01666666666667e-05
3510 -2.01666666666667e-05
3510 -1.98e-05
3520 -1.84666666666667e-05
3520 -1.75333333333333e-05
3530 -1.75333333333333e-05
3530 -1.86666666666667e-05
3540 -1.78333333333333e-05
3540 -1.95666666666667e-05
3550 -1.87e-05
3550 -2.07333333333333e-05
3560 -1.78666666666667e-05
3570 -1.84e-05
3570 -1.77333333333333e-05
3580 -2.12e-05
3580 -1.94666666666667e-05
3590 -1.87e-05
3590 -1.85666666666667e-05
3600 -2.07e-05
3600 -2.11333333333333e-05
3610 -1.98e-05
3610 -1.76e-05
3620 -1.80666666666667e-05
3630 -1.75333333333333e-05
3630 -1.94e-05
3640 -1.94666666666667e-05
3640 -1.94e-05
3650 -2e-05
3650 -1.98666666666667e-05
3660 -2.03666666666667e-05
3660 -1.91666666666667e-05
3670 -1.67666666666667e-05
3670 -1.75333333333333e-05
3680 -1.72666666666667e-05
3680 -1.92e-05
3690 -1.83e-05
3690 -1.78666666666667e-05
3700 -1.88666666666667e-05
3710 -1.93666666666667e-05
3710 -1.82333333333333e-05
3720 -1.7e-05
3720 -1.71333333333333e-05
3730 -1.69e-05
3740 -1.88e-05
3740 -1.93333333333333e-05
3750 -1.95333333333333e-05
3750 -1.87333333333333e-05
3760 -1.65e-05
3770 -1.76666666666667e-05
3770 -1.77333333333333e-05
3780 -1.83666666666667e-05
3780 -1.81333333333333e-05
3790 -1.80666666666667e-05
3790 -1.74666666666667e-05
3800 -1.90666666666667e-05
3800 -1.82333333333333e-05
3810 -1.89e-05
3810 -1.83666666666667e-05
3820 -2.03333333333333e-05
3820 -1.90333333333333e-05
3830 -1.90333333333333e-05
3830 -1.68333333333333e-05
3840 -1.94666666666667e-05
3850 -1.97333333333333e-05
3850 -1.78e-05
3860 -1.8e-05
3860 -1.84666666666667e-05
3870 -1.96666666666667e-05
3870 -1.84e-05
3880 -1.75333333333333e-05
3880 -1.92e-05
3890 -1.96e-05
3890 -1.99333333333333e-05
3900 -2.09333333333333e-05
3900 -1.96333333333333e-05
3910 -2.03e-05
3910 -1.81e-05
3920 -2.05333333333333e-05
3930 -1.83333333333333e-05
3930 -2.03333333333333e-05
3940 -1.88666666666667e-05
3940 -1.87333333333333e-05
3950 -1.76e-05
3950 -1.82e-05
3960 -1.77e-05
3960 -1.73666666666667e-05
3970 -1.69666666666667e-05
3970 -1.99333333333333e-05
3980 -2.05333333333333e-05
3980 -2.15333333333333e-05
3990 -2.03666666666667e-05
4000 -2.10333333333333e-05
4000 -2.03666666666667e-05
4010 -1.96333333333333e-05
4010 -1.81666666666667e-05
4020 -1.85666666666667e-05
4020 -1.95333333333333e-05
4030 -2.00333333333333e-05
4030 -1.87e-05
