211 -4.5e-06
216 -6.7825e-06
222 -7.266e-06
227 -8.286e-06
232 -8.726e-06
237 -9.276e-06
242 -9.756e-06
248 -9.55533333333333e-06
253 -1.0082e-05
258 -1.04286666666667e-05
264 -1.06533333333333e-05
269 -1.084e-05
274 -1.11333333333333e-05
280 -1.14133333333333e-05
285 -1.18133333333333e-05
290 -1.2138e-05
295 -1.2158e-05
301 -1.2398e-05
307 -1.28246666666667e-05
312 -1.3078e-05
317 -1.31913333333333e-05
322 -1.36933333333333e-05
327 -1.39866666666667e-05
333 -1.42466666666667e-05
338 -1.45533333333333e-05
343 -1.474e-05
348 -1.47066666666667e-05
354 -1.48266666666667e-05
359 -1.48666666666667e-05
364 -1.47e-05
370 -1.46866666666667e-05
375 -1.47466666666667e-05
380 -1.44666666666667e-05
386 -1.42933333333333e-05
391 -1.412e-05
396 -1.396e-05
402 -1.4e-05
407 -1.36866666666667e-05
412 -1.35466666666667e-05
418 -1.34533333333333e-05
423 -1.34866666666667e-05
428 -1.362e-05
434 -1.39133333333333e-05
439 -1.378e-05
445 -1.39333333333333e-05
450 -1.43733333333333e-05
455 -1.464e-05
461 -1.47733333333333e-05
467 -1.49733333333333e-05
472 -1.52133333333333e-05
477 -1.51733333333333e-05
483 -1.54e-05
488 -1.566e-05
493 -1.58333333333333e-05
499 -1.56466666666667e-05
504 -1.57666666666667e-05
509 -1.60533333333333e-05
515 -1.56133333333333e-05
520 -1.564e-05
525 -1.57466666666667e-05
530 -1.55066666666667e-05
536 -1.52e-05
542 -1.53466666666667e-05
547 -1.52666666666667e-05
553 -1.54e-05
559 -1.55066666666667e-05
564 -1.51266666666667e-05
569 -1.53933333333333e-05
575 -1.54866666666667e-05
580 -1.586e-05
585 -1.594e-05
590 -1.58866666666667e-05
596 -1.62333333333333e-05
602 -1.63466666666667e-05
607 -1.64e-05
613 -1.636e-05
618 -1.642e-05
624 -1.646e-05
629 -1.63066666666667e-05
634 -1.604e-05
640 -1.63933333333333e-05
645 -1.63733333333333e-05
650 -1.616e-05
656 -1.604e-05
661 -1.588e-05
667 -1.59e-05
672 -1.57133333333333e-05
677 -1.58333333333333e-05
683 -1.57533333333333e-05
688 -1.57666666666667e-05
693 -1.57533333333333e-05
698 -1.596e-05
703 -1.58066666666667e-05
709 -1.59066666666667e-05
714 -1.56933333333333e-05
720 -1.55066666666667e-05
725 -1.55466666666667e-05
730 -1.54133333333333e-05
735 -1.49313333333333e-05
741 -1.5078e-05
746 -1.49846666666667e-05
751 -1.49046666666667e-05
756 -1.45046666666667e-05
762 -1.44713333333333e-05
767 -1.4458e-05
773 -1.4378e-05
778 -1.44446666666667e-05
783 -1.4478e-05
789 -1.45446666666667e-05
794 -1.50113333333333e-05
799 -1.54246666666667e-05
805 -1.57846666666667e-05
810 -1.57446666666667e-05
815 -1.65066666666667e-05
821 -1.65466666666667e-05
826 -1.65333333333333e-05
832 -1.672e-05
837 -1.69066666666667e-05
842 -1.72e-05
848 -1.728e-05
853 -1.72133333333333e-05
859 -1.72266666666667e-05
865 -1.73333333333333e-05
871 -1.71466666666667e-05
876 -1.69333333333333e-05
881 -1.66266666666667e-05
886 -1.598e-05
892 -1.60866666666667e-05
898 -1.56933333333333e-05
903 -1.56133333333333e-05
909 -1.596e-05
914 -1.624e-05
919 -1.614e-05
925 -1.59e-05
930 -1.59133333333333e-05
936 -1.61133333333333e-05
941 -1.58466666666667e-05
946 -1.59933333333333e-05
951 -1.626e-05
957 -1.626e-05
962 -1.608e-05
967 -1.654e-05
972 -1.67266666666667e-05
978 -1.67666666666667e-05
983 -1.69e-05
988 -1.67133333333333e-05
993 -1.678e-05
999 -1.696e-05
1000 -1.734e-05
1010 -1.748e-05
1020 -1.784e-05
1020 -1.81066666666667e-05
1030 -1.79333333333333e-05
1030 -1.81866666666667e-05
1040 -1.82866666666667e-05
1040 -1.87733333333333e-05
1050 -1.85933333333333e-05
1050 -1.85533333333333e-05
1060 -1.876e-05
1060 -1.83266666666667e-05
1070 -1.83933333333333e-05
1080 -1.80466666666667e-05
1080 -1.79933333333333e-05
1090 -1.78266666666667e-05
1090 -1.79266666666667e-05
1100 -1.73466666666667e-05
1100 -1.72533333333333e-05
1110 -1.74266666666667e-05
1110 -1.704e-05
1120 -1.68866666666667e-05
1120 -1.66866666666667e-05
1130 -1.664e-05
1130 -1.67866666666667e-05
1140 -1.67866666666667e-05
1140 -1.68333333333333e-05
1150 -1.702e-05
1160 -1.69133333333333e-05
1160 -1.68666666666667e-05
1170 -1.69066666666667e-05
1170 -1.658e-05
1180 -1.692e-05
1180 -1.69333333333333e-05
1190 -1.67e-05
1190 -1.68866666666667e-05
1200 -1.72466666666667e-05
1200 -1.728e-05
1210 -1.73733333333333e-05
1220 -1.748e-05
1220 -1.72866666666667e-05
1230 -1.76866666666667e-05
1230 -1.78066666666667e-05
1240 -1.78733333333333e-05
1240 -1.798e-05
1250 -1.81e-05
1250 -1.852e-05
1260 -1.84666666666667e-05
1260 -1.85333333333333e-05
1270 -1.87933333333333e-05
1270 -1.854e-05
1280 -1.858e-05
1290 -1.84933333333333e-05
1290 -1.872e-05
1300 -1.83266666666667e-05
1300 -1.816e-05
1310 -1.80533333333333e-05
1310 -1.746e-05
1320 -1.75533333333333e-05
1320 -1.75333333333333e-05
1330 -1.73733333333333e-05
1340 -1.72933333333333e-05
1340 -1.708e-05
1350 -1.684e-05
1350 -1.69866666666667e-05
1360 -1.72e-05
1360 -1.692e-05
1370 -1.676e-05
1370 -1.66266666666667e-05
1380 -1.68066666666667e-05
1380 -1.68866666666667e-05
1390 -1.69e-05
1390 -1.70333333333333e-05
1400 -1.722e-05
1400 -1.72866666666667e-05
1410 -1.722e-05
1420 -1.688e-05
1420 -1.73133333333333e-05
1430 -1.75533333333333e-05
1430 -1.7e-05
1440 -1.72133333333333e-05
1440 -1.73333333333333e-05
1450 -1.73666666666667e-05
1450 -1.73133333333333e-05
1460 -1.76333333333333e-05
1470 -1.78e-05
1470 -1.75666666666667e-05
1480 -1.78e-05
1480 -1.752e-05
1490 -1.74533333333333e-05
1490 -1.77066666666667e-05
1500 -1.77133333333333e-05
1500 -1.71466666666667e-05
1510 -1.72733333333333e-05
1520 -1.73866666666667e-05
1520 -1.73066666666667e-05
1530 -1.732e-05
1530 -1.75533333333333e-05
1540 -1.72066666666667e-05
1540 -1.672e-05
1550 -1.69666666666667e-05
1550 -1.71e-05
1560 -1.72866666666667e-05
1560 -1.73133333333333e-05
1570 -1.74466666666667e-05
1580 -1.706e-05
1580 -1.70466666666667e-05
1590 -1.738e-05
1590 -1.69133333333333e-05
1600 -1.75e-05
1600 -1.75933333333333e-05
1610 -1.75133333333333e-05
1610 -1.70933333333333e-05
1620 -1.74666666666667e-05
1620 -1.766e-05
1630 -1.72e-05
1640 -1.71666666666667e-05
1640 -1.72466666666667e-05
1650 -1.714e-05
1650 -1.70733333333333e-05
1660 -1.74333333333333e-05
1660 -1.73666666666667e-05
1670 -1.746e-05
1670 -1.74933333333333e-05
1680 -1.71333333333333e-05
1680 -1.70533333333333e-05
1690 -1.68133333333333e-05
1690 -1.71e-05
1700 -1.722e-05
1700 -1.706e-05
1710 -1.75066666666667e-05
1720 -1.75066666666667e-05
1720 -1.7e-05
1730 -1.76e-05
1730 -1.75333333333333e-05
1740 -1.72933333333333e-05
1740 -1.75333333333333e-05
1750 -1.752e-05
1750 -1.76533333333333e-05
1760 -1.78e-05
1760 -1.78666666666667e-05
1770 -1.80333333333333e-05
1780 -1.78066666666667e-05
1780 -1.78733333333333e-05
1790 -1.77466666666667e-05
1790 -1.796e-05
1800 -1.81066666666667e-05
1800 -1.82066666666667e-05
1810 -1.79266666666667e-05
1810 -1.80333333333333e-05
1820 -1.80733333333333e-05
1820 -1.818e-05
1830 -1.79066666666667e-05
1830 -1.82e-05
1840 -1.80733333333333e-05
1850 -1.818e-05
1850 -1.84933333333333e-05
1860 -1.86533333333333e-05
1860 -1.86533333333333e-05
1870 -1.92333333333333e-05
1870 -1.878e-05
1880 -1.88333333333333e-05
1880 -1.88066666666667e-05
1890 -1.88066666666667e-05
1890 -1.87533333333333e-05
1900 -1.91933333333333e-05
1900 -1.89533333333333e-05
1910 -1.91466666666667e-05
1910 -1.928e-05
1920 -1.93866666666667e-05
1930 -1.91866666666667e-05
1930 -1.89866666666667e-05
1940 -1.94e-05
1940 -1.92733333333333e-05
1950 -1.92066666666667e-05
1950 -1.938e-05
1960 -1.954e-05
1960 -1.94733333333333e-05
1970 -1.97133333333333e-05
1970 -1.98866666666667e-05
1980 -1.91866666666667e-05
1990 -1.944e-05
1990 -1.93333333333333e-05
2000 -1.92933333333333e-05
2000 -1.922e-05
2010 -1.91333333333333e-05
2010 -1.89333333333333e-05
2020 -1.87866666666667e-05
2020 -1.90333333333333e-05
2030 -1.84133333333333e-05
2030 -1.82e-05
2040 -1.816e-05
2050 -1.82466666666667e-05
2050 -1.78733333333333e-05
2060 -1.77533333333333e-05
2060 -1.8e-05
2070 -1.79466666666667e-05
2070 -1.80133333333333e-05
2080 -1.78333333333333e-05
2080 -1.81e-05
2090 -1.83333333333333e-05
2100 -1.84e-05
2100 -1.82133333333333e-05
2110 -1.764e-05
2110 -1.81266666666667e-05
2120 -1.82933333333333e-05
2120 -1.78733333333333e-05
2130 -1.80866666666667e-05
2130 -1.802e-05
2140 -1.77333333333333e-05
2150 -1.80533333333333e-05
2150 -1.80133333333333e-05
2160 -1.816e-05
2160 -1.84066666666667e-05
2170 -1.824e-05
2170 -1.82266666666667e-05
2180 -1.84933333333333e-05
2190 -1.87066666666667e-05
2190 -1.89266666666667e-05
2200 -1.89e-05
2200 -1.88e-05
2210 -1.898e-05
2210 -1.858e-05
2220 -1.88466666666667e-05
2220 -1.894e-05
2230 -1.88733333333333e-05
2230 -1.886e-05
2240 -1.91466666666667e-05
2240 -1.912e-05
2250 -1.90066666666667e-05
2260 -1.87066666666667e-05
2260 -1.86666666666667e-05
2270 -1.85066666666667e-05
2270 -1.87533333333333e-05
2280 -1.868e-05
2280 -1.88666666666667e-05
2290 -1.89866666666667e-05
2290 -1.91533333333333e-05
2300 -1.92333333333333e-05
2300 -1.94933333333333e-05
2310 -1.93466666666667e-05
2320 -1.92933333333333e-05
2320 -1.89266666666667e-05
2330 -1.88466666666667e-05
2330 -1.87e-05
2340 -1.892e-05
2340 -1.88933333333333e-05
2350 -1.872e-05
2350 -1.84666666666667e-05
2360 -1.85533333333333e-05
2360 -1.85133333333333e-05
2370 -1.84733333333333e-05
2370 -1.84333333333333e-05
2380 -1.86066666666667e-05
2380 -1.81333333333333e-05
2390 -1.828e-05
2400 -1.84666666666667e-05
2400 -1.84333333333333e-05
2410 -1.84866666666667e-05
2410 -1.86133333333333e-05
2420 -1.87066666666667e-05
2420 -1.86733333333333e-05
2430 -1.92733333333333e-05
2430 -1.91933333333333e-05
2440 -1.912e-05
2440 -1.92e-05
2450 -1.90333333333333e-05
2450 -1.95333333333333e-05
2460 -1.91266666666667e-05
2470 -1.956e-05
2470 -1.94866666666667e-05
2480 -1.954e-05
2480 -1.97733333333333e-05
2490 -1.94066666666667e-05
2490 -1.976e-05
2500 -1.948e-05
2500 -1.97533333333333e-05
2510 -1.98066666666667e-05
2520 -1.99933333333333e-05
2520 -2.00466666666667e-05
2530 -2.00533333333333e-05
2530 -2.038e-05
2540 -2.018e-05
2540 -2.04133333333333e-05
2550 -2.03266666666667e-05
2550 -2.03733333333333e-05
2560 -2.05333333333333e-05
2570 -2.01333333333333e-05
2570 -2.05066666666667e-05
2580 -2.01866666666667e-05
2580 -2.05066666666667e-05
2590 -2.04e-05
2590 -2.03066666666667e-05
2600 -2.04466666666667e-05
2600 -2.05266666666667e-05
2610 -2.084e-05
2610 -2.05533333333333e-05
2620 -2.02866666666667e-05
2630 -2.03533333333333e-05
2630 -2.06866666666667e-05
2640 -2.086e-05
2640 -2.03933333333333e-05
2650 -2.06333333333333e-05
2650 -2.044e-05
2660 -2.04066666666667e-05
2660 -2.04733333333333e-05
2670 -2.01266666666667e-05
2680 -1.96533333333333e-05
2680 -1.95266666666667e-05
2690 -1.93666666666667e-05
2690 -1.88866666666667e-05
2700 -1.89533333333333e-05
2700 -1.92333333333333e-05
2710 -1.90333333333333e-05
2710 -1.86333333333333e-05
2720 -1.866e-05
2730 -1.864e-05
2730 -1.876e-05
2740 -1.888e-05
2740 -1.87666666666667e-05
2750 -1.846e-05
2750 -1.85266666666667e-05
2760 -1.86466666666667e-05
2770 -1.894e-05
2770 -1.88066666666667e-05
2780 -1.91266666666667e-05
2780 -1.884e-05
2790 -1.89066666666667e-05
2790 -1.89066666666667e-05
2800 -1.89266666666667e-05
2810 -1.87133333333333e-05
2810 -1.87866666666667e-05
2820 -1.86133333333333e-05
2820 -1.84666666666667e-05
2830 -1.87866666666667e-05
2830 -1.87933333333333e-05
2840 -1.894e-05
2840 -1.89066666666667e-05
2850 -1.85733333333333e-05
2860 -1.85866666666667e-05
2860 -1.856e-05
2870 -1.88933333333333e-05
2870 -1.884e-05
2880 -1.87866666666667e-05
2880 -1.88533333333333e-05
2890 -1.896e-05
2890 -1.89733333333333e-05
2900 -1.91866666666667e-05
2910 -1.89866666666667e-05
2910 -1.88533333333333e-05
2920 -1.90066666666667e-05
2920 -1.88066666666667e-05
2930 -1.906e-05
2930 -1.89533333333333e-05
2940 -1.90266666666667e-05
2940 -1.86466666666667e-05
2950 -1.882e-05
2950 -1.82933333333333e-05
2960 -1.852e-05
2970 -1.86533333333333e-05
2970 -1.81866666666667e-05
2980 -1.84266666666667e-05
2980 -1.83733333333333e-05
2990 -1.85733333333333e-05
2990 -1.84733333333333e-05
3000 -1.86066666666667e-05
3000 -1.866e-05
3010 -1.826e-05
3010 -1.82933333333333e-05
3020 -1.83466666666667e-05
3020 -1.85266666666667e-05
3030 -1.822e-05
3040 -1.89333333333333e-05
3040 -1.87066666666667e-05
3050 -1.82933333333333e-05
3050 -1.852e-05
3060 -1.82133333333333e-05
3060 -1.82e-05
3070 -1.82e-05
3070 -1.82266666666667e-05
3080 -1.824e-05
3080 -1.836e-05
3090 -1.83733333333333e-05
3100 -1.83133333333333e-05
3100 -1.84333333333333e-05
3110 -1.84866666666667e-05
3110 -1.82866666666667e-05
3120 -1.794e-05
3120 -1.77266666666667e-05
3130 -1.83266666666667e-05
3130 -1.83266666666667e-05
3140 -1.828e-05
3140 -1.824e-05
3150 -1.81266666666667e-05
3150 -1.83333333333333e-05
3160 -1.81466666666667e-05
3170 -1.77533333333333e-05
3170 -1.81533333333333e-05
3180 -1.86333333333333e-05
3180 -1.83e-05
3190 -1.80666666666667e-05
3190 -1.83866666666667e-05
3200 -1.81933333333333e-05
3200 -1.83666666666667e-05
3210 -1.79e-05
3210 -1.77333333333333e-05
3220 -1.79133333333333e-05
3230 -1.786e-05
3230 -1.82533333333333e-05
3240 -1.79466666666667e-05
3240 -1.78266666666667e-05
3250 -1.81466666666667e-05
3250 -1.79466666666667e-05
3260 -1.75733333333333e-05
3260 -1.76733333333333e-05
3270 -1.80266666666667e-05
3270 -1.82133333333333e-05
3280 -1.83266666666667e-05
3290 -1.866e-05
3290 -1.90333333333333e-05
3300 -1.936e-05
3300 -1.896e-05
3310 -1.89066666666667e-05
3310 -1.85866666666667e-05
3320 -1.88e-05
3320 -1.89733333333333e-05
3330 -1.894e-05
3330 -1.90866666666667e-05
3340 -1.89466666666667e-05
3340 -1.91533333333333e-05
3350 -1.88333333333333e-05
3350 -1.838e-05
3360 -1.866e-05
3370 -1.81666666666667e-05
3370 -1.822e-05
3380 -1.778e-05
3380 -1.82333333333333e-05
3390 -1.822e-05
3390 -1.84066666666667e-05
3400 -1.82933333333333e-05
3400 -1.79933333333333e-05
3410 -1.81e-05
3410 -1.802e-05
3420 -1.82e-05
3420 -1.8e-05
3430 -1.816e-05
3430 -1.82533333333333e-05
3440 -1.78266666666667e-05
3450 -1.80666666666667e-05
3450 -1.74866666666667e-05
3460 -1.79533333333333e-05
3460 -1.77866666666667e-05
3470 -1.81333333333333e-05
3470 -1.812e-05
3480 -1.80333333333333e-05
3480 -1.82133333333333e-05
3490 -1.81066666666667e-05
3490 -1.788e-05
3500 -1.81733333333333e-05
3510 -1.80333333333333e-05
3510 -1.81666666666667e-05
3520 -1.84066666666667e-05
3520 -1.874e-05
3530 -1.842e-05
3530 -1.888e-05
3540 -1.88e-05
3540 -1.91933333333333e-05
3550 -1.874e-05
3550 -1.85066666666667e-05
3560 -1.89466666666667e-05
3570 -1.91866666666667e-05
3570 -1.92266666666667e-05
3580 -1.94e-05
3580 -1.89733333333333e-05
3590 -1.92733333333333e-05
3590 -1.89933333333333e-05
3600 -1.91133333333333e-05
3600 -1.902e-05
3610 -1.93e-05
3610 -1.94333333333333e-05
3620 -1.94466666666667e-05
3630 -1.91333333333333e-05
3630 -1.93733333333333e-05
3640 -1.906e-05
3640 -1.89266666666667e-05
3650 -1.86866666666667e-05
3650 -1.86733333333333e-05
3660 -1.86266666666667e-05
3660 -1.874e-05
3670 -1.88333333333333e-05
3670 -1.89933333333333e-05
3680 -1.85066666666667e-05
3680 -1.834e-05
3690 -1.854e-05
3690 -1.78866666666667e-05
3700 -1.81266666666667e-05
3710 -1.83333333333333e-05
3710 -1.796e-05
3720 -1.852e-05
3720 -1.81266666666667e-05
3730 -1.804e-05
3740 -1.82266666666667e-05
3740 -1.814e-05
3750 -1.80933333333333e-05
3750 -1.80666666666667e-05
3760 -1.776e-05
3770 -1.826e-05
3770 -1.83133333333333e-05
3780 -1.81133333333333e-05
3780 -1.85533333333333e-05
3790 -1.862e-05
3790 -1.80533333333333e-05
3800 -1.84533333333333e-05
3800 -1.824e-05
3810 -1.86466666666667e-05
3810 -1.88666666666667e-05
3820 -1.82533333333333e-05
3820 -1.85733333333333e-05
3830 -1.89333333333333e-05
3830 -1.85733333333333e-05
3840 -1.876e-05
3850 -1.86266666666667e-05
3850 -1.87666666666667e-05
3860 -1.89e-05
3860 -1.894e-05
3870 -1.88866666666667e-05
3870 -1.902e-05
3880 -1.91933333333333e-05
3880 -1.914e-05
3890 -1.92333333333333e-05
3890 -1.89133333333333e-05
3900 -1.96466666666667e-05
3900 -1.94066666666667e-05
3910 -1.89666666666667e-05
3910 -1.92333333333333e-05
3920 -1.93666666666667e-05
3930 -1.9e-05
3930 -1.88666666666667e-05
3940 -1.884e-05
3940 -1.9e-05
3950 -1.87866666666667e-05
3950 -1.922e-05
3960 -1.90133333333333e-05
3960 -1.93733333333333e-05
3970 -1.91866666666667e-05
3970 -1.92733333333333e-05
3980 -1.894e-05
3980 -1.91266666666667e-05
3990 -1.94333333333333e-05
4000 -1.94266666666667e-05
4000 -2.018e-05
4010 -1.973e-05
4010 -1.942e-05
4020 -1.918e-05
4020 -1.896e-05
4030 -2.00333333333333e-05
4030 -1.87e-05
