417 -3.75e-07
422 -2.17625e-06
429 -2.163e-06
434 -2.868e-06
441 -2.5085e-06
447 -2.795e-06
452 -2.895e-06
458 -2.70206666666667e-06
468 -2.8584e-06
474 -2.721e-06
479 -2.817e-06
484 -2.833e-06
498 -2.77166666666667e-06
503 -3.05833333333333e-06
508 -3.085e-06
513 -3.18633333333333e-06
536 -3.293e-06
542 -3.309e-06
547 -3.19966666666667e-06
563 -3.213e-06
569 -3.4686e-06
574 -3.3806e-06
579 -3.4046e-06
584 -3.44393333333333e-06
590 -3.50133333333333e-06
600 -3.59933333333333e-06
606 -3.58533333333333e-06
611 -3.73533333333333e-06
616 -3.46066666666667e-06
621 -3.35533333333333e-06
628 -3.36066666666667e-06
642 -3.40933333333333e-06
647 -3.44466666666667e-06
653 -3.63666666666667e-06
658 -3.65533333333333e-06
663 -3.59866666666667e-06
674 -3.772e-06
680 -3.74e-06
687 -3.79e-06
693 -4.01666666666667e-06
698 -4.00066666666667e-06
703 -4.06266666666667e-06
709 -4.12933333333333e-06
714 -4.19066666666667e-06
719 -4.30533333333333e-06
726 -4.29e-06
732 -4.33733333333333e-06
737 -4.40533333333333e-06
743 -4.28533333333333e-06
748 -4.25533333333333e-06
753 -4.346e-06
760 -4.26266666666667e-06
766 -4.26866666666667e-06
771 -4.30933333333333e-06
776 -4.0298e-06
781 -4.15246666666667e-06
787 -3.96113333333333e-06
793 -4.15046666666667e-06
800 -4.17913333333333e-06
807 -4.2098e-06
813 -4.1758e-06
842 -4.31713333333333e-06
847 -4.25313333333333e-06
858 -4.4138e-06
863 -4.52113333333333e-06
871 -4.5078e-06
877 -4.47246666666667e-06
890 -4.69513333333333e-06
895 -4.48713333333333e-06
900 -4.74466666666667e-06
907 -4.934e-06
912 -4.962e-06
919 -4.702e-06
927 -4.9e-06
933 -5.04133333333333e-06
952 -4.8658e-06
961 -4.65046666666667e-06
966 -4.90113333333333e-06
978 -4.85513333333333e-06
987 -4.92446666666667e-06
992 -4.81913333333333e-06
997 -5.02313333333333e-06
1040 -4.8958e-06
1050 -5.1818e-06
1060 -5.18846666666667e-06
1060 -4.8978e-06
1070 -5.09046666666667e-06
1070 -5.15846666666667e-06
1080 -4.96913333333333e-06
1080 -4.81246666666667e-06
1090 -5.168e-06
1100 -5.17133333333333e-06
1100 -4.89466666666667e-06
1110 -4.968e-06
1110 -4.93066666666667e-06
1120 -4.922e-06
1120 -4.79133333333333e-06
1130 -4.73e-06
1140 -4.73e-06
1140 -4.47786666666667e-06
1150 -4.60586666666667e-06
1160 -4.47586666666667e-06
1160 -4.54253333333333e-06
1170 -4.5612e-06
1170 -4.58986666666667e-06
1180 -4.57653333333333e-06
1210 -4.39493333333333e-06
1220 -4.65026666666667e-06
1220 -4.67693333333333e-06
1230 -4.62893333333333e-06
1230 -4.80226666666667e-06
1240 -4.8556e-06
1240 -4.96693333333333e-06
1270 -4.8596e-06
1270 -5.1644e-06
1280 -5.19906666666667e-06
1280 -5.2044e-06
1290 -5.24706666666667e-06
1290 -5.1844e-06
1300 -5.23306666666667e-06
1310 -5.04306666666667e-06
1310 -5.49e-06
1320 -5.218e-06
1320 -5.11533333333333e-06
1330 -5.13666666666667e-06
1330 -5.01133333333333e-06
1340 -4.94466666666667e-06
1350 -4.90533333333333e-06
1350 -4.854e-06
1360 -4.942e-06
1370 -4.782e-06
1370 -4.89533333333333e-06
1380 -4.866e-06
1380 -4.856e-06
1390 -4.99933333333333e-06
1400 -5.24933333333333e-06
1400 -5.004e-06
1410 -5.25466666666667e-06
1410 -5.14866666666667e-06
1420 -5.242e-06
1420 -5.45266666666667e-06
1430 -5.45533333333333e-06
1440 -5.33466666666667e-06
1440 -5.184e-06
1450 -5.19733333333333e-06
1450 -5.26666666666667e-06
1460 -5.318e-06
1460 -5.334e-06
1470 -5.34866666666667e-06
1480 -5.34866666666667e-06
1510 -5.176e-06
1510 -5.12e-06
1520 -5.248e-06
1520 -5.45866666666667e-06
1530 -5.44533333333333e-06
1530 -5.148e-06
1540 -5.332e-06
1550 -5.492e-06
1560 -5.86533333333333e-06
1560 -5.77133333333333e-06
1570 -5.626e-06
1570 -5.49266666666667e-06
1590 -5.85e-06
1590 -6.03e-06
1600 -5.72466666666667e-06
1600 -6.12e-06
1610 -6.33333333333333e-06
1620 -5.822e-06
1630 -5.88e-06
1640 -5.69666666666667e-06
1640 -6.05e-06
1660 -5.80733333333333e-06
1660 -6.26933333333333e-06
1670 -6.296e-06
1690 -6.26666666666667e-06
1690 -6.58533333333333e-06
1700 -6.76933333333333e-06
1710 -6.59333333333333e-06
1720 -6.47733333333333e-06
1720 -6.77066666666667e-06
1730 -6.542e-06
1740 -6.80333333333333e-06
1740 -7.208e-06
1750 -7.09466666666667e-06
1750 -7.31666666666667e-06
1760 -7.18466666666667e-06
1760 -7.254e-06
1770 -6.81e-06
1780 -6.794e-06
1780 -6.84066666666667e-06
1790 -6.694e-06
1790 -6.718e-06
1800 -6.49533333333333e-06
1810 -6.374e-06
1820 -6.546e-06
1820 -6.604e-06
1830 -6.328e-06
1830 -6.248e-06
1840 -6.38e-06
1850 -6.472e-06
1850 -6.43333333333333e-06
1860 -6.49333333333333e-06
1860 -6.56666666666667e-06
1870 -6.55866666666667e-06
1880 -6.35333333333333e-06
1880 -6.46266666666667e-06
1890 -6.21866666666667e-06
1890 -6.83066666666667e-06
1900 -6.77333333333333e-06
1900 -7.08133333333333e-06
1910 -7.00533333333333e-06
1920 -6.88133333333333e-06
1920 -7.14133333333333e-06
1940 -7.14933333333333e-06
1940 -6.76866666666667e-06
1950 -7.05666666666667e-06
1960 -7.15866666666667e-06
1960 -6.834e-06
1970 -6.80466666666667e-06
1980 -6.72533333333333e-06
1980 -6.632e-06
2000 -6.86533333333333e-06
2000 -6.35666666666667e-06
2010 -6.692e-06
2020 -6.184e-06
2030 -6.24133333333333e-06
2060 -6.20866666666667e-06
2060 -6.46866666666667e-06
2070 -6.524e-06
2080 -6.54266666666667e-06
2080 -6.596e-06
2090 -6.512e-06
2090 -6.89666666666667e-06
2100 -7.15666666666667e-06
2110 -7.588e-06
2110 -7.73466666666667e-06
2120 -7.924e-06
2130 -8.05933333333333e-06
2130 -7.718e-06
2140 -7.886e-06
2150 -7.97666666666667e-06
2150 -8.308e-06
2160 -7.85266666666667e-06
2160 -7.76333333333333e-06
2170 -8.34666666666667e-06
2180 -8.28266666666667e-06
2190 -8.50333333333333e-06
2190 -8.494e-06
2200 -7.874e-06
2200 -7.94533333333333e-06
2210 -7.95066666666667e-06
2220 -7.9e-06
2220 -7.79533333333333e-06
2230 -8.18466666666667e-06
2230 -8.06666666666667e-06
2280 -8.12266666666667e-06
2280 -8.102e-06
2290 -8.15933333333333e-06
2290 -8.26933333333333e-06
2300 -7.878e-06
2300 -7.91533333333333e-06
2310 -7.98333333333333e-06
2310 -7.97466666666667e-06
2320 -8.56133333333333e-06
2330 -8.604e-06
2330 -8.542e-06
2340 -8.77666666666667e-06
2350 -8.55333333333333e-06
2350 -8.75333333333333e-06
2360 -8.866e-06
2360 -8.58266666666667e-06
2370 -8.77133333333333e-06
2380 -8.83066666666667e-06
2380 -8.888e-06
2390 -9.006e-06
2400 -8.77733333333333e-06
2400 -8.75533333333333e-06
2410 -8.81733333333333e-06
2420 -8.78666666666667e-06
2420 -8.824e-06
2430 -9.02733333333333e-06
2440 -8.832e-06
2440 -9.29333333333333e-06
2450 -9.09333333333333e-06
2460 -9.20533333333333e-06
2460 -9.476e-06
2470 -9.38266666666667e-06
2470 -9.32333333333333e-06
2480 -9.50333333333333e-06
2480 -9.37466666666667e-06
2490 -9.57e-06
2500 -9.36066666666667e-06
2500 -9.36333333333333e-06
2510 -9.322e-06
2510 -9.11533333333333e-06
2520 -8.456e-06
2520 -8.42466666666667e-06
2530 -8.19333333333333e-06
2540 -8.082e-06
2540 -7.53933333333333e-06
2550 -7.488e-06
2550 -7.29466666666667e-06
2590 -7.37533333333333e-06
2600 -7.282e-06
2600 -7.182e-06
2610 -7.09066666666667e-06
2630 -7.36866666666667e-06
2630 -7.324e-06
2640 -6.92733333333333e-06
2640 -6.974e-06
2650 -7.49533333333333e-06
2660 -7.12666666666667e-06
2670 -7.114e-06
2670 -7.41866666666667e-06
2680 -7.66266666666667e-06
2690 -7.80266666666667e-06
2700 -8.036e-06
2710 -7.98866666666667e-06
2720 -7.97533333333333e-06
2730 -8.328e-06
2730 -8.264e-06
2740 -8.35066666666667e-06
2750 -8.45933333333333e-06
2750 -8.83266666666667e-06
2760 -8.85733333333333e-06
2760 -8.96866666666667e-06
2770 -9.04333333333333e-06
2780 -9.44733333333333e-06
2780 -9.23666666666667e-06
2790 -9.61533333333333e-06
2790 -9.722e-06
2800 -9.95533333333333e-06
2800 -9.59066666666667e-06
2820 -9.59066666666667e-06
2820 -9.8e-06
2830 -9.94866666666667e-06
2840 -9.86866666666667e-06
2840 -9.97533333333333e-06
2850 -1.00386666666667e-05
2870 -1.02873333333333e-05
2870 -1.0232e-05
2880 -1.07326666666667e-05
2880 -1.0646e-05
2890 -1.06766666666667e-05
2890 -1.061e-05
2900 -1.04366666666667e-05
2900 -1.03233333333333e-05
2910 -1.0886e-05
2910 -1.09393333333333e-05
2920 -1.0766e-05
2930 -1.08126666666667e-05
2930 -1.1006e-05
2940 -1.08993333333333e-05
2940 -1.1038e-05
2950 -1.09913333333333e-05
2950 -1.10266666666667e-05
2960 -1.098e-05
2960 -1.096e-05
2970 -1.09006666666667e-05
2970 -1.06633333333333e-05
2980 -1.11566666666667e-05
2980 -1.04913333333333e-05
2990 -1.04446666666667e-05
3000 -1.0228e-05
3000 -1.01266666666667e-05
3010 -9.65866666666667e-06
3020 -9.55866666666667e-06
3020 -9.67866666666667e-06
3060 -9.46533333333333e-06
3060 -9.334e-06
3070 -9.276e-06
3080 -9.07933333333333e-06
3100 -9.03933333333333e-06
3110 -9.272e-06
3110 -9.68266666666667e-06
3120 -9.32266666666667e-06
3130 -9.64266666666667e-06
3140 -9.94933333333333e-06
3140 -9.82333333333333e-06
3150 -9.88266666666667e-06
3160 -1.04706666666667e-05
3160 -1.0504e-05
3170 -1.02773333333333e-05
3180 -1.0584e-05
3180 -1.07686666666667e-05
3190 -1.08666666666667e-05
3200 -1.11233333333333e-05
3200 -1.12033333333333e-05
3210 -1.10186666666667e-05
3210 -1.10453333333333e-05
3220 -1.11853333333333e-05
3220 -1.14706666666667e-05
3230 -1.1244e-05
3240 -1.174e-05
3240 -1.19753333333333e-05
3250 -1.19086666666667e-05
3250 -1.18953333333333e-05
3260 -1.21686666666667e-05
3270 -1.20353333333333e-05
3270 -1.1902e-05
3280 -1.1902e-05
3280 -1.1962e-05
3290 -1.17866666666667e-05
3290 -1.22246666666667e-05
3300 -1.21646666666667e-05
3300 -1.18813333333333e-05
3310 -1.1988e-05
3320 -1.17746666666667e-05
3320 -1.13906666666667e-05
3330 -1.1424e-05
3330 -1.15506666666667e-05
3340 -1.14706666666667e-05
3350 -1.14573333333333e-05
3350 -1.11966666666667e-05
3360 -1.14566666666667e-05
3370 -1.15433333333333e-05
3380 -1.13766666666667e-05
3380 -1.16053333333333e-05
3390 -1.1372e-05
3390 -1.13853333333333e-05
3400 -1.13086666666667e-05
3410 -1.12353333333333e-05
3420 -1.13153333333333e-05
3420 -1.12473333333333e-05
3430 -1.07726666666667e-05
3430 -1.0846e-05
3440 -1.08726666666667e-05
3440 -1.0866e-05
3450 -1.06333333333333e-05
3460 -1.07066666666667e-05
3460 -1.06933333333333e-05
3470 -1.05593333333333e-05
3480 -1.0746e-05
3480 -1.0606e-05
3490 -1.05526666666667e-05
3510 -1.08393333333333e-05
3510 -1.02273333333333e-05
3520 -1.03473333333333e-05
3520 -1.07393333333333e-05
3530 -1.1154e-05
3540 -1.0554e-05
3540 -1.08073333333333e-05
3550 -1.00913333333333e-05
3570 -1.1122e-05
3570 -9.648e-06
3580 -9.004e-06
3580 -1.16e-05
3600 -9.412e-06
3600 -7.25333333333333e-06
3660 -1.06e-06
