0.000000E+00							-0.000000E+00
6.000000E+00							-0.000000E+00
1.100000E+01							-0.000000E+00
1.600000E+01							-0.000000E+00
2.100000E+01							-0.000000E+00
2.600000E+01							-0.000000E+00
3.200000E+01							-0.000000E+00
3.700000E+01							-0.000000E+00
4.200000E+01							-0.000000E+00
4.700000E+01							-0.000000E+00
5.200000E+01							-0.000000E+00
5.800000E+01							-0.000000E+00
6.300000E+01							-0.000000E+00
6.800000E+01							-0.000000E+00
7.300000E+01							-0.000000E+00
7.800000E+01							-0.000000E+00
8.400000E+01							-0.000000E+00
8.900000E+01							-0.000000E+00
9.400000E+01							-0.000000E+00
9.900000E+01							-0.000000E+00
1.040000E+02							-0.000000E+00
1.100000E+02							-0.000000E+00
1.150000E+02							-0.000000E+00
1.200000E+02							-0.000000E+00
1.250000E+02							-0.000000E+00
1.300000E+02							-0.000000E+00
1.360000E+02							-0.000000E+00
1.410000E+02							-0.000000E+00
1.460000E+02							-0.000000E+00
1.510000E+02							-0.000000E+00
1.560000E+02							-0.000000E+00
1.620000E+02							-0.000000E+00
1.670000E+02							-0.000000E+00
1.720000E+02							-0.000000E+00
1.770000E+02							-1.263158E-06
1.820000E+02							-3.536842E-06
1.880000E+02							-1.807018E-06
1.930000E+02							-2.252632E-06
1.980000E+02							-3.200000E-06
2.030000E+02							-1.831579E-06
2.080000E+02							-2.715789E-06
2.140000E+02							-3.122807E-06
2.190000E+02							-1.978947E-06
2.240000E+02							-3.642105E-06
2.290000E+02							-2.273684E-06
2.340000E+02							-3.705263E-06
2.400000E+02							-3.280702E-06
2.450000E+02							-4.042105E-06
2.500000E+02							-4.021053E-06
2.550000E+02							-4.147368E-06
2.600000E+02							-4.168421E-06
2.660000E+02							-3.596491E-06
2.710000E+02							-4.400000E-06
2.760000E+02							-3.789474E-06
2.810000E+02							-4.400000E-06
2.860000E+02							-3.515789E-06
2.920000E+02							-3.526316E-06
2.970000E+02							-4.126316E-06
3.020000E+02							-5.094737E-06
3.070000E+02							-3.873684E-06
3.120000E+02							-3.915789E-06
3.180000E+02							-3.824561E-06
3.230000E+02							-5.284211E-06
3.280000E+02							-3.431579E-06
3.330000E+02							-5.452632E-06
3.380000E+02							-4.947368E-06
3.440000E+02							-2.947368E-06
3.490000E+02							-4.673684E-06
3.540000E+02							-5.052632E-06
3.590000E+02							-4.757895E-06
3.640000E+02							-4.673684E-06
3.700000E+02							-3.912281E-06
3.750000E+02							-4.905263E-06
3.800000E+02							-4.757895E-06
3.850000E+02							-4.673684E-06
3.910000E+02							-4.035088E-06
3.960000E+02							-4.884211E-06
4.010000E+02							-5.052632E-06
4.060000E+02							-4.547368E-06
4.110000E+02							-4.526316E-06
4.170000E+02							-3.964912E-06
4.220000E+02							-5.852632E-06
4.270000E+02							-4.989474E-06
4.320000E+02							-5.768421E-06
4.370000E+02							-4.926316E-06
4.430000E+02							-4.192982E-06
4.480000E+02							-4.842105E-06
4.530000E+02							-4.547368E-06
4.580000E+02							-5.957895E-06
4.630000E+02							-5.157895E-06
4.690000E+02							-4.315789E-06
4.740000E+02							-6.378947E-06
4.790000E+02							-4.905263E-06
4.840000E+02							-3.515789E-06
4.890000E+02							-4.905263E-06
4.950000E+02							-4.333333E-06
5.000000E+02							-5.894737E-06
5.050000E+02							-3.894737E-06
5.100000E+02							-4.905263E-06
5.160000E+02							-3.842105E-06
5.210000E+02							-4.673684E-06
5.260000E+02							-5.031579E-06
5.320000E+02							-4.087719E-06
5.370000E+02							-4.863158E-06
5.420000E+02							-5.389474E-06
5.470000E+02							-4.568421E-06
5.530000E+02							-4.087719E-06
5.580000E+02							-5.010526E-06
5.630000E+02							-4.926316E-06
5.680000E+02							-5.094737E-06
5.730000E+02							-5.094737E-06
5.790000E+02							-4.245614E-06
5.840000E+02							-5.200000E-06
5.890000E+02							-5.305263E-06
5.940000E+02							-5.305263E-06
5.990000E+02							-6.610526E-06
6.050000E+02							-4.701754E-06
6.100000E+02							-3.789474E-06
6.150000E+02							-5.389474E-06
6.200000E+02							-5.221053E-06
6.250000E+02							-5.600000E-06
6.310000E+02							-4.473684E-06
6.360000E+02							-5.136842E-06
6.410000E+02							-5.368421E-06
6.460000E+02							-5.389474E-06
6.510000E+02							-6.526316E-06
6.570000E+02							-4.017544E-06
6.620000E+02							-4.147368E-06
6.670000E+02							-5.494737E-06
6.720000E+02							-6.189474E-06
6.770000E+02							-4.442105E-06
6.830000E+02							-4.263158E-06
6.880000E+02							-6.442105E-06
6.930000E+02							-4.442105E-06
6.980000E+02							-5.347368E-06
7.030000E+02							-5.494737E-06
7.090000E+02							-5.508772E-06
7.140000E+02							-4.294737E-06
7.190000E+02							-5.684211E-06
7.240000E+02							-5.747368E-06
7.300000E+02							-5.315789E-06
7.350000E+02							-3.831579E-06
7.400000E+02							-6.336842E-06
7.450000E+02							-6.463158E-06
7.500000E+02							-4.905263E-06
7.560000E+02							-5.140351E-06
7.610000E+02							-4.778947E-06
7.660000E+02							-5.578947E-06
7.710000E+02							-5.473684E-06
7.760000E+02							-5.305263E-06
7.810000E+02							-5.431579E-06
7.870000E+02							-4.333333E-06
7.920000E+02							-5.621053E-06
7.970000E+02							-5.578947E-06
8.020000E+02							-5.642105E-06
8.070000E+02							-5.494737E-06
8.130000E+02							-4.877193E-06
8.180000E+02							-5.705263E-06
8.230000E+02							-5.431579E-06
8.280000E+02							-5.536842E-06
8.340000E+02							-4.491228E-06
8.390000E+02							-5.557895E-06
8.440000E+02							-5.684211E-06
8.490000E+02							-5.642105E-06
8.540000E+02							-5.663158E-06
8.590000E+02							-5.726316E-06
8.650000E+02							-4.807018E-06
8.700000E+02							-5.536842E-06
8.750000E+02							-5.726316E-06
8.800000E+02							-5.894737E-06
8.850000E+02							-5.915789E-06
8.910000E+02							-4.666667E-06
8.960000E+02							-5.810526E-06
9.010000E+02							-5.473684E-06
9.060000E+02							-5.473684E-06
9.110000E+02							-5.473684E-06
9.170000E+02							-4.473684E-06
9.220000E+02							-5.684211E-06
9.270000E+02							-5.473684E-06
9.320000E+02							-5.600000E-06
9.370000E+02							-5.747368E-06
9.430000E+02							-4.771930E-06
9.480000E+02							-5.557895E-06
9.530000E+02							-5.494737E-06
9.580000E+02							-5.431579E-06
9.630000E+02							-5.705263E-06
9.690000E+02							-5.508772E-06
9.740000E+02							-4.631579E-06
9.790000E+02							-5.515789E-06
9.840000E+02							-5.389474E-06
9.890000E+02							-5.726316E-06
9.950000E+02							-4.631579E-06
1.000000E+03							-5.473684E-06
1.005000E+03							-4.508772E-06
1.010000E+03							-4.824561E-06
1.016000E+03							-5.070175E-06
1.021000E+03							-5.852632E-06
1.027000E+03							-5.421053E-06
1.032000E+03							-5.873684E-06
1.037000E+03							-5.684211E-06
1.042000E+03							-6.105263E-06
1.047000E+03							-6.105263E-06
1.053000E+03							-4.982456E-06
1.058000E+03							-6.273684E-06
1.063000E+03							-6.210526E-06
1.068000E+03							-6.084211E-06
1.073000E+03							-6.084211E-06
1.079000E+03							-4.754386E-06
1.084000E+03							-5.621053E-06
1.089000E+03							-6.063158E-06
1.094000E+03							-6.463158E-06
1.099000E+03							-6.252632E-06
1.105000E+03							-5.456140E-06
1.110000E+03							-6.063158E-06
1.115000E+03							-6.547368E-06
1.120000E+03							-5.557895E-06
1.125000E+03							-7.031579E-06
1.131000E+03							-6.157895E-06
1.136000E+03							-7.705263E-06
1.141000E+03							-6.905263E-06
1.146000E+03							-5.052632E-06
1.151000E+03							-6.736842E-06
1.156000E+03							-6.357895E-06
1.162000E+03							-5.473684E-06
1.167000E+03							-6.484211E-06
1.172000E+03							-6.210526E-06
1.177000E+03							-6.378947E-06
1.182000E+03							-6.168421E-06
1.188000E+03							-5.315789E-06
1.193000E+03							-6.231579E-06
1.198000E+03							-6.105263E-06
1.203000E+03							-6.421053E-06
1.208000E+03							-6.652632E-06
1.214000E+03							-5.210526E-06
1.219000E+03							-6.421053E-06
1.224000E+03							-6.694737E-06
1.229000E+03							-6.673684E-06
1.234000E+03							-6.610526E-06
1.240000E+03							-5.438596E-06
1.245000E+03							-6.378947E-06
1.250000E+03							-6.610526E-06
1.255000E+03							-6.568421E-06
1.260000E+03							-6.421053E-06
1.266000E+03							-5.385965E-06
1.271000E+03							-6.252632E-06
1.276000E+03							-6.842105E-06
1.281000E+03							-6.800000E-06
1.286000E+03							-7.031579E-06
1.292000E+03							-5.526316E-06
1.297000E+03							-6.989474E-06
1.302000E+03							-6.568421E-06
1.307000E+03							-7.073684E-06
1.312000E+03							-6.863158E-06
1.318000E+03							-5.701754E-06
1.323000E+03							-6.821053E-06
1.328000E+03							-6.673684E-06
1.333000E+03							-6.336842E-06
1.338000E+03							-6.547368E-06
1.344000E+03							-5.526316E-06
1.349000E+03							-6.736842E-06
1.354000E+03							-6.610526E-06
1.359000E+03							-6.589474E-06
1.364000E+03							-6.905263E-06
1.370000E+03							-5.491228E-06
1.375000E+03							-6.568421E-06
1.380000E+03							-6.421053E-06
1.385000E+03							-6.463158E-06
1.390000E+03							-7.052632E-06
1.396000E+03							-5.807018E-06
1.401000E+03							-6.863158E-06
1.406000E+03							-7.052632E-06
1.411000E+03							-7.052632E-06
1.416000E+03							-6.421053E-06
1.422000E+03							-5.666667E-06
1.427000E+03							-6.505263E-06
1.432000E+03							-8.800000E-06
1.437000E+03							-5.157895E-06
1.442000E+03							-6.442105E-06
1.448000E+03							-5.964912E-06
1.453000E+03							-6.863158E-06
1.458000E+03							-6.547368E-06
1.463000E+03							-6.947368E-06
1.468000E+03							-6.589474E-06
1.474000E+03							-5.684211E-06
1.479000E+03							-6.821053E-06
1.484000E+03							-6.694737E-06
1.489000E+03							-6.610526E-06
1.494000E+03							-6.736842E-06
1.500000E+03							-5.614035E-06
1.505000E+03							-6.736842E-06
1.510000E+03							-7.200000E-06
1.515000E+03							-6.926316E-06
1.521000E+03							-5.719298E-06
1.526000E+03							-6.989474E-06
1.531000E+03							-6.736842E-06
1.536000E+03							-6.905263E-06
1.541000E+03							-6.568421E-06
1.546000E+03							-6.526316E-06
1.552000E+03							-5.807018E-06
1.557000E+03							-6.778947E-06
1.562000E+03							-6.905263E-06
1.567000E+03							-6.610526E-06
1.572000E+03							-6.547368E-06
1.578000E+03							-5.526316E-06
1.583000E+03							-6.736842E-06
1.588000E+03							-6.673684E-06
1.593000E+03							-6.652632E-06
1.598000E+03							-6.400000E-06
1.604000E+03							-5.263158E-06
1.609000E+03							-6.694737E-06
1.614000E+03							-6.421053E-06
1.619000E+03							-6.652632E-06
1.624000E+03							-6.336842E-06
1.630000E+03							-5.508772E-06
1.635000E+03							-6.842105E-06
1.640000E+03							-6.568421E-06
1.645000E+03							-6.694737E-06
1.650000E+03							-6.631579E-06
1.656000E+03							-5.859649E-06
1.661000E+03							-6.905263E-06
1.666000E+03							-7.010526E-06
1.671000E+03							-6.989474E-06
1.676000E+03							-6.610526E-06
1.682000E+03							-5.614035E-06
1.687000E+03							-6.715789E-06
1.692000E+03							-6.357895E-06
1.697000E+03							-6.442105E-06
1.702000E+03							-6.610526E-06
1.708000E+03							-5.666667E-06
1.713000E+03							-6.631579E-06
1.718000E+03							-6.589474E-06
1.723000E+03							-6.547368E-06
1.728000E+03							-6.800000E-06
1.734000E+03							-5.561404E-06
1.739000E+03							-6.400000E-06
1.744000E+03							-6.610526E-06
1.749000E+03							-6.463158E-06
1.754000E+03							-6.189474E-06
1.760000E+03							-6.000000E-06
1.765000E+03							-6.926316E-06
1.770000E+03							-7.242105E-06
1.775000E+03							-6.821053E-06
1.780000E+03							-6.947368E-06
1.786000E+03							-5.912281E-06
1.791000E+03							-6.694737E-06
1.796000E+03							-6.778947E-06
1.801000E+03							-7.600000E-06
1.806000E+03							-5.178947E-06
1.812000E+03							-6.280702E-06
1.817000E+03							-7.347368E-06
1.822000E+03							-7.178947E-06
1.827000E+03							-7.115789E-06
1.832000E+03							-6.884211E-06
1.838000E+03							-5.789474E-06
1.843000E+03							-6.673684E-06
1.848000E+03							-7.221053E-06
1.853000E+03							-6.842105E-06
1.858000E+03							-6.926316E-06
1.864000E+03							-5.719298E-06
1.869000E+03							-7.094737E-06
1.874000E+03							-6.947368E-06
1.879000E+03							-6.821053E-06
1.884000E+03							-6.884211E-06
1.890000E+03							-5.824561E-06
1.895000E+03							-6.715789E-06
1.900000E+03							-7.031579E-06
1.905000E+03							-6.905263E-06
1.910000E+03							-6.947368E-06
1.916000E+03							-5.964912E-06
1.921000E+03							-7.157895E-06
1.926000E+03							-7.157895E-06
1.931000E+03							-7.157895E-06
1.936000E+03							-7.157895E-06
1.941000E+03							-7.494737E-06
1.947000E+03							-5.736842E-06
1.952000E+03							-7.368421E-06
1.957000E+03							-6.821053E-06
1.962000E+03							-6.800000E-06
1.967000E+03							-7.178947E-06
1.973000E+03							-5.736842E-06
1.978000E+03							-8.021053E-06
1.983000E+03							-4.989474E-06
1.988000E+03							-7.810526E-06
1.993000E+03							-5.684211E-06
1.999000E+03							-5.614035E-06
2.004000E+03							-6.694737E-06
2.009000E+03							-6.989474E-06
2.014000E+03							-6.210526E-06
2.019000E+03							-7.684211E-06
2.025000E+03							-5.052632E-06
2.030000E+03							-6.568421E-06
2.035000E+03							-6.589474E-06
2.040000E+03							-6.505263E-06
2.045000E+03							-6.147368E-06
2.051000E+03							-5.614035E-06
2.056000E+03							-8.989474E-06
2.061000E+03							-5.073684E-06
2.066000E+03							-6.336842E-06
2.071000E+03							-6.947368E-06
2.077000E+03							-5.789474E-06
2.082000E+03							-6.947368E-06
2.087000E+03							-6.778947E-06
2.092000E+03							-6.778947E-06
2.098000E+03							-5.771930E-06
2.103000E+03							-6.884211E-06
2.108000E+03							-6.863158E-06
2.113000E+03							-6.778947E-06
2.118000E+03							-7.280702E-06
2.124000E+03							-6.374269E-06
2.129000E+03							-6.863158E-06
2.134000E+03							-6.989474E-06
2.139000E+03							-6.673684E-06
2.144000E+03							-6.800000E-06
2.150000E+03							-5.912281E-06
2.155000E+03							-6.905263E-06
2.160000E+03							-6.989474E-06
2.165000E+03							-7.326316E-06
2.170000E+03							-6.842105E-06
2.176000E+03							-5.771930E-06
2.181000E+03							-6.589474E-06
2.186000E+03							-7.178947E-06
2.191000E+03							-7.073684E-06
2.196000E+03							-6.778947E-06
2.202000E+03							-6.000000E-06
2.207000E+03							-7.157895E-06
2.212000E+03							-6.968421E-06
2.218000E+03							-5.859649E-06
2.223000E+03							-6.821053E-06
2.228000E+03							-6.736842E-06
2.233000E+03							-7.263158E-06
2.238000E+03							-6.105263E-06
2.244000E+03							-5.684211E-06
2.249000E+03							-6.884211E-06
2.254000E+03							-6.989474E-06
2.259000E+03							-6.821053E-06
2.264000E+03							-6.757895E-06
2.270000E+03							-5.929825E-06
2.275000E+03							-6.926316E-06
2.280000E+03							-6.905263E-06
2.285000E+03							-6.547368E-06
2.290000E+03							-6.757895E-06
2.296000E+03							-5.719298E-06
2.301000E+03							-6.736842E-06
2.306000E+03							-6.821053E-06
2.311000E+03							-6.863158E-06
2.316000E+03							-6.715789E-06
2.321000E+03							-6.526316E-06
2.327000E+03							-5.684211E-06
2.332000E+03							-6.778947E-06
2.337000E+03							-6.884211E-06
2.342000E+03							-7.031579E-06
2.347000E+03							-7.473684E-06
2.353000E+03							-5.368421E-06
2.358000E+03							-7.578947E-06
2.363000E+03							-6.400000E-06
2.368000E+03							-7.284211E-06
2.373000E+03							-6.968421E-06
2.379000E+03							-5.719298E-06
2.384000E+03							-7.368421E-06
2.389000E+03							-6.526316E-06
2.395000E+03							-5.666667E-06
2.400000E+03							-7.115789E-06
2.405000E+03							-6.842105E-06
2.410000E+03							-7.010526E-06
2.416000E+03							-6.848446E-06
2.421000E+03							-6.821053E-06
2.426000E+03							-6.947368E-06
2.431000E+03							-6.947368E-06
2.436000E+03							-6.947368E-06
2.442000E+03							-5.561404E-06
2.447000E+03							-6.631579E-06
2.452000E+03							-6.800000E-06
2.457000E+03							-6.757895E-06
2.462000E+03							-6.673684E-06
2.468000E+03							-5.701754E-06
2.473000E+03							-6.989474E-06
2.478000E+03							-6.863158E-06
2.483000E+03							-6.842105E-06
2.488000E+03							-6.778947E-06
2.494000E+03							-5.824561E-06
2.499000E+03							-7.052632E-06
2.504000E+03							-6.842105E-06
2.509000E+03							-6.736842E-06
2.514000E+03							-6.673684E-06
2.520000E+03							-5.614035E-06
2.525000E+03							-6.800000E-06
2.530000E+03							-6.442105E-06
2.535000E+03							-8.378947E-06
2.540000E+03							-4.968421E-06
2.546000E+03							-5.614035E-06
2.551000E+03							-6.568421E-06
2.556000E+03							-6.926316E-06
2.561000E+03							-6.421053E-06
2.566000E+03							-6.505263E-06
2.572000E+03							-5.473684E-06
2.577000E+03							-6.421053E-06
2.582000E+03							-6.421053E-06
2.587000E+03							-6.926316E-06
2.592000E+03							-6.821053E-06
2.598000E+03							-6.438596E-06
2.603000E+03							-6.021053E-06
2.608000E+03							-6.926316E-06
2.613000E+03							-6.610526E-06
2.618000E+03							-6.863158E-06
2.624000E+03							-6.000000E-06
2.629000E+03							-7.073684E-06
2.634000E+03							-6.652632E-06
2.639000E+03							-7.410526E-06
2.644000E+03							-7.263158E-06
2.650000E+03							-5.719298E-06
2.655000E+03							-7.136842E-06
2.660000E+03							-6.673684E-06
2.665000E+03							-6.968421E-06
2.671000E+03							-6.649123E-06
2.676000E+03							-8.294737E-06
2.681000E+03							-5.305263E-06
2.687000E+03							-5.912281E-06
2.692000E+03							-6.863158E-06
2.697000E+03							-6.715789E-06
2.702000E+03							-6.736842E-06
2.707000E+03							-6.694737E-06
2.713000E+03							-5.649123E-06
2.718000E+03							-6.757895E-06
2.723000E+03							-6.568421E-06
2.728000E+03							-7.094737E-06
2.734000E+03							-5.561404E-06
2.739000E+03							-6.610526E-06
2.744000E+03							-6.821053E-06
2.749000E+03							-6.842105E-06
2.755000E+03							-5.473684E-06
2.760000E+03							-6.526316E-06
2.765000E+03							-6.568421E-06
2.770000E+03							-6.842105E-06
2.775000E+03							-6.715789E-06
2.780000E+03							-6.610526E-06
2.786000E+03							-5.614035E-06
2.791000E+03							-6.736842E-06
2.796000E+03							-6.947368E-06
2.801000E+03							-7.347368E-06
2.806000E+03							-6.042105E-06
2.812000E+03							-5.736842E-06
2.817000E+03							-7.852632E-06
2.822000E+03							-5.578947E-06
2.827000E+03							-6.694737E-06
2.832000E+03							-6.863158E-06
2.838000E+03							-5.438596E-06
2.843000E+03							-6.673684E-06
2.848000E+03							-6.884211E-06
2.853000E+03							-6.652632E-06
2.858000E+03							-8.084211E-06
2.864000E+03							-4.140351E-06
2.869000E+03							-6.989474E-06
2.874000E+03							-6.778947E-06
2.879000E+03							-6.800000E-06
2.884000E+03							-6.505263E-06
2.890000E+03							-5.561404E-06
2.895000E+03							-6.442105E-06
2.900000E+03							-6.484211E-06
2.905000E+03							-6.842105E-06
2.910000E+03							-6.421053E-06
2.916000E+03							-5.157895E-06
2.921000E+03							-6.715789E-06
2.926000E+03							-6.842105E-06
2.931000E+03							-6.842105E-06
2.937000E+03							-5.807018E-06
2.942000E+03							-6.947368E-06
2.947000E+03							-6.694737E-06
2.952000E+03							-6.652632E-06
2.958000E+03							-5.526316E-06
2.963000E+03							-6.905263E-06
2.968000E+03							-6.652632E-06
2.973000E+03							-6.715789E-06
2.978000E+03							-6.610526E-06
2.984000E+03							-5.842105E-06
2.989000E+03							-7.115789E-06
2.994000E+03							-6.715789E-06
3.000000E+03							-5.578947E-06
3.005000E+03							-6.652632E-06
3.010000E+03							-6.568421E-06
3.015000E+03							-6.863158E-06
3.021000E+03							-5.298246E-06
3.026000E+03							-6.589474E-06
3.031000E+03							-6.610526E-06
3.037000E+03							-5.298246E-06
3.042000E+03							-6.589474E-06
3.048000E+03							-6.052632E-06
3.053000E+03							-6.252632E-06
3.058000E+03							-6.105263E-06
3.063000E+03							-6.736842E-06
3.069000E+03							-5.666667E-06
3.074000E+03							-6.778947E-06
3.079000E+03							-6.715789E-06
3.084000E+03							-6.547368E-06
3.089000E+03							-6.736842E-06
3.094000E+03							-6.736842E-06
3.100000E+03							-5.614035E-06
3.105000E+03							-6.400000E-06
3.110000E+03							-6.505263E-06
3.115000E+03							-6.547368E-06
3.121000E+03							-5.666667E-06
3.126000E+03							-6.863158E-06
3.131000E+03							-6.989474E-06
3.137000E+03							-5.754386E-06
3.142000E+03							-6.905263E-06
3.148000E+03							-5.526316E-06
3.153000E+03							-6.778947E-06
3.158000E+03							-6.821053E-06
3.163000E+03							-6.715789E-06
3.169000E+03							-5.368421E-06
3.174000E+03							-6.547368E-06
3.179000E+03							-7.031579E-06
3.185000E+03							-5.982456E-06
3.191000E+03							-5.701754E-06
3.196000E+03							-6.694737E-06
3.201000E+03							-7.031579E-06
3.206000E+03							-6.800000E-06
3.212000E+03							-5.491228E-06
3.217000E+03							-6.610526E-06
3.222000E+03							-6.315789E-06
3.227000E+03							-6.694737E-06
3.232000E+03							-6.547368E-06
3.238000E+03							-5.526316E-06
3.243000E+03							-6.400000E-06
3.248000E+03							-6.778947E-06
3.253000E+03							-6.715789E-06
3.258000E+03							-6.336842E-06
3.264000E+03							-5.192982E-06
3.269000E+03							-6.463158E-06
3.274000E+03							-6.421053E-06
3.279000E+03							-6.568421E-06
3.284000E+03							-6.652632E-06
3.290000E+03							-5.315789E-06
3.295000E+03							-6.863158E-06
3.300000E+03							-6.568421E-06
3.305000E+03							-6.863158E-06
3.310000E+03							-6.736842E-06
3.316000E+03							-5.596491E-06
3.321000E+03							-7.010526E-06
3.326000E+03							-6.968421E-06
3.331000E+03							-6.842105E-06
3.336000E+03							-6.673684E-06
3.342000E+03							-5.456140E-06
3.347000E+03							-6.547368E-06
3.352000E+03							-6.042105E-06
3.357000E+03							-5.578947E-06
3.362000E+03							-5.305263E-06
3.368000E+03							-4.877193E-06
3.373000E+03							-5.768421E-06
3.378000E+03							-6.126316E-06
3.383000E+03							-6.147368E-06
3.388000E+03							-6.042105E-06
3.394000E+03							-5.000000E-06
3.399000E+03							-6.021053E-06
3.404000E+03							-5.978947E-06
3.409000E+03							-7.094737E-06
3.414000E+03							-4.694737E-06
3.420000E+03							-5.298246E-06
3.425000E+03							-6.421053E-06
3.431000E+03							-6.280702E-06
3.437000E+03							-5.157895E-06
3.442000E+03							-6.631579E-06
3.447000E+03							-6.294737E-06
3.453000E+03							-5.087719E-06
3.458000E+03							-6.105263E-06
3.463000E+03							-6.000000E-06
3.468000E+03							-6.252632E-06
3.473000E+03							-6.568421E-06
3.479000E+03							-5.315789E-06
3.484000E+03							-6.778947E-06
3.489000E+03							-6.315789E-06
3.495000E+03							-6.438596E-06
3.500000E+03							-6.231579E-06
3.505000E+03							-6.589474E-06
3.510000E+03							-6.547368E-06
3.515000E+03							-6.947368E-06
3.521000E+03							-5.403509E-06
3.526000E+03							-6.421053E-06
3.531000E+03							-6.589474E-06
3.537000E+03							-5.438596E-06
3.542000E+03							-6.757895E-06
3.547000E+03							-7.473684E-06
3.553000E+03							-5.140351E-06
3.558000E+03							-7.178947E-06
3.563000E+03							-7.410526E-06
3.568000E+03							-6.968421E-06
3.573000E+03							-7.747368E-06
3.578000E+03							-5.536842E-06
3.584000E+03							-5.368421E-06
3.589000E+03							-6.610526E-06
3.594000E+03							-6.821053E-06
3.599000E+03							-6.568421E-06
3.604000E+03							-6.547368E-06
3.610000E+03							-5.526316E-06
3.615000E+03							-8.210526E-06
3.620000E+03							-5.305263E-06
3.625000E+03							-6.673684E-06
3.630000E+03							-6.736842E-06
3.636000E+03							-5.456140E-06
3.641000E+03							-6.652632E-06
3.646000E+03							-6.715789E-06
3.651000E+03							-6.526316E-06
3.656000E+03							-6.694737E-06
3.662000E+03							-5.631579E-06
3.667000E+03							-6.736842E-06
