91 8e-07
155 -2.8925e-06
161 -3.394e-06
166 -4.654e-06
171 -6.174e-06
177 -6.574e-06
182 -6.84e-06
188 -7.6e-06
194 -8.22e-06
199 -8.34e-06
204 -8.266e-06
209 -8.1e-06
214 -8.1e-06
220 -8.26e-06
225 -8.1e-06
230 -8.406e-06
235 -8.946e-06
241 -8.678e-06
247 -8.718e-06
254 -9.098e-06
259 -9.672e-06
265 -9.352e-06
270 -9.82e-06
275 -1.002e-05
280 -9.854e-06
285 -9.854e-06
291 -9.614e-06
297 -9.534e-06
302 -9.28e-06
307 -9.706e-06
313 -9.166e-06
318 -9.926e-06
324 -9.7e-06
330 -9.834e-06
336 -9.44e-06
341 -9.98e-06
347 -9.82e-06
352 -9.82e-06
357 -1.002e-05
363 -9.814e-06
368 -9.614e-06
373 -9.814e-06
378 -9.814e-06
383 -9.854e-06
389 -9.814e-06
394 -9.894e-06
399 -9.734e-06
404 -9.966e-06
409 -9.726e-06
415 -9.94e-06
420 -1.002e-05
426 -1.01e-05
431 -9.9e-06
436 -1.01e-05
442 -1.0526e-05
447 -1.0126e-05
453 -9.966e-06
459 -1e-05
464 -1e-05
470 -1e-05
475 -1.01e-05
480 -1.038e-05
486 -1.0246e-05
491 -1.0046e-05
497 -1.0046e-05
502 -9.846e-06
507 -9.606e-06
513 -1.002e-05
518 -1.018e-05
523 -9.286e-06
528 -9.706e-06
534 -9.866e-06
539 -9.906e-06
545 -9.58e-06
550 -9.948e-06
556 -9.788e-06
562 -9.628e-06
567 -9.274e-06
572 -9.68e-06
578 -9.988e-06
583 -9.994e-06
590 -1.0394e-05
596 -1.0868e-05
601 -1.0868e-05
606 -1.076e-05
611 -1.1034e-05
617 -1.0674e-05
622 -1.0368e-05
627 -9.888e-06
633 -1.0054e-05
638 -1.0274e-05
645 -1.0154e-05
651 -1.0186e-05
656 -1.0706e-05
662 -1.1066e-05
667 -1.0472e-05
672 -1.0832e-05
678 -1.08e-05
683 -1.084e-05
689 -1.0422e-05
694 -1.0796e-05
701 -1.0336e-05
706 -1.0562e-05
712 -1.0442e-05
717 -1.066e-05
722 -1.0254e-05
727 -1.0234e-05
733 -1.0394e-05
738 -1.0494e-05
743 -1.0134e-05
749 -1.054e-05
754 -1.074e-05
759 -1.032e-05
764 -1.032e-05
770 -1.036e-05
776 -1.016e-05
781 -1.0014e-05
787 -1.0434e-05
793 -1.0454e-05
798 -1.0934e-05
803 -1.0814e-05
808 -1.0746e-05
813 -1.0706e-05
819 -1.0746e-05
824 -1.0226e-05
829 -1.004e-05
835 -1.0414e-05
841 -1.0374e-05
846 -9.88e-06
851 -1.04e-05
857 -1.0986e-05
862 -1.0404e-05
867 -1.0098e-05
874 -1.0472e-05
880 -1.0018e-05
885 -9.978e-06
891 -1.0186e-05
896 -1.0532e-05
902 -1.0532e-05
907 -1.06e-05
913 -1.06e-05
919 -1.0974e-05
924 -1.0594e-05
929 -1.0754e-05
935 -1.09e-05
941 -1.118e-05
948 -1.146e-05
954 -1.1526e-05
959 -1.1526e-05
965 -1.1412e-05
970 -1.1252e-05
976 -1.0566e-05
981 -1.04e-05
987 -1.024e-05
993 -1.0434e-05
998 -1e-05
1000 -1.0606e-05
1010 -1.0926e-05
1020 -1.1046e-05
1020 -1.0686e-05
1030 -1.102e-05
1030 -1.038e-05
1040 -1.086e-05
1040 -1.0328e-05
1050 -1.0808e-05
1060 -1.0648e-05
1060 -1.1208e-05
1070 -1.0928e-05
1070 -1.134e-05
1080 -1.106e-05
1080 -1.116e-05
1090 -1.09e-05
1090 -1.094e-05
1100 -1.102e-05
1100 -1.0986e-05
1110 -1.1146e-05
1120 -1.1206e-05
1120 -1.1166e-05
1130 -1.1366e-05
1130 -1.16e-05
1140 -1.12e-05
1140 -1.128e-05
1150 -1.0826e-05
1150 -1.0746e-05
1160 -1.0412e-05
1160 -1.0772e-05
1170 -1.0366e-05
1180 -1.09e-05
1180 -1.082e-05
1190 -1.0794e-05
1190 -1.0774e-05
1200 -1.126e-05
1200 -1.036e-05
1210 -1.086e-05
1210 -1.078e-05
1220 -1.068e-05
1230 -1.026e-05
1230 -1.108e-05
1240 -1.05e-05
1240 -1.118e-05
1250 -1.138e-05
1250 -1.0946e-05
1260 -1.0906e-05
1260 -1.1346e-05
1270 -1.1266e-05
1270 -1.1226e-05
1280 -1.176e-05
1280 -1.168e-05
1290 -1.0794e-05
1290 -1.0794e-05
1300 -1.0114e-05
1310 -1.0394e-05
1310 -1.0554e-05
1320 -1.0554e-05
1320 -1.0734e-05
1330 -1.058e-05
1330 -1.122e-05
1340 -1.0826e-05
1340 -1.0958e-05
1350 -1.0778e-05
1360 -1.1532e-05
1360 -1.0612e-05
1370 -1.0966e-05
1370 -1.152e-05
1380 -1.16e-05
1380 -1.156e-05
1390 -1.106e-05
1390 -1.174e-05
1400 -1.136e-05
1400 -1.102e-05
1410 -1.114e-05
1410 -1.164e-05
1420 -1.156e-05
1420 -1.1154e-05
1430 -1.1994e-05
1440 -1.1734e-05
1440 -1.1834e-05
1450 -1.0754e-05
1450 -1.122e-05
1460 -1.096e-05
1460 -1.0754e-05
1470 -1.1154e-05
1470 -1.128e-05
1480 -1.0946e-05
1490 -1.0386e-05
1490 -1.0372e-05
1500 -9.7e-06
1500 -9.734e-06
1510 -9.828e-06
1510 -9.308e-06
1520 -9.054e-06
1520 -9.426e-06
1530 -9.706e-06
1540 -9.986e-06
1540 -1.0746e-05
1550 -1.1014e-05
1550 -1.1134e-05
1560 -1.0974e-05
1560 -1.1174e-05
1570 -1.0814e-05
1570 -1.138e-05
1580 -1.142e-05
1590 -1.15e-05
1590 -1.0394e-05
1600 -1.0634e-05
1600 -1.0174e-05
1610 -1.0214e-05
1610 -1.0254e-05
1620 -1.032e-05
1620 -1.032e-05
1630 -1.0246e-05
1630 -9.712e-06
1640 -9.952e-06
1650 -1.0992e-05
1650 -1.0512e-05
1660 -1.0746e-05
1660 -1.108e-05
1670 -1.072e-05
1670 -1.0214e-05
1680 -1.0654e-05
1680 -1.0894e-05
1690 -1.0594e-05
1690 -1.0834e-05
1700 -1.11e-05
1700 -1.0834e-05
1710 -1.1034e-05
1710 -1.1734e-05
1720 -1.1854e-05
1720 -1.1714e-05
1730 -1.226e-05
1740 -1.222e-05
1740 -1.154e-05
1750 -1.12e-05
1750 -1.186e-05
1760 -1.142e-05
1760 -1.126e-05
1770 -1.184e-05
1770 -1.202e-05
1780 -1.166e-05
1780 -1.1554e-05
1790 -1.1394e-05
1800 -1.086e-05
1800 -1.094e-05
1810 -1.102e-05
1810 -1.1086e-05
1820 -1.1206e-05
1820 -1.1206e-05
1830 -1.1166e-05
1830 -1.0826e-05
1840 -1.1186e-05
1840 -1.1106e-05
1850 -1.114e-05
1850 -1.122e-05
1860 -1.156e-05
1870 -1.1134e-05
1870 -1.1454e-05
1880 -1.2134e-05
1880 -1.1734e-05
1890 -1.1854e-05
1890 -1.256e-05
1900 -1.208e-05
1900 -1.204e-05
1910 -1.184e-05
1910 -1.172e-05
1920 -1.092e-05
1920 -1.116e-05
1930 -1.056e-05
1930 -1.116e-05
1940 -1.108e-05
1950 -1.124e-05
1950 -1.124e-05
1960 -1.164e-05
1960 -1.136e-05
1970 -1.104e-05
1970 -1.148e-05
1980 -1.156e-05
1980 -1.156e-05
1990 -1.18e-05
1990 -1.18e-05
2000 -1.188e-05
2010 -1.124e-05
2010 -1.0734e-05
2020 -1.0694e-05
2020 -1.1054e-05
2030 -1.1014e-05
2030 -1.1734e-05
2040 -1.1766e-05
2040 -1.1846e-05
2050 -1.1326e-05
2050 -1.1126e-05
2060 -1.1006e-05
2060 -1.14e-05
2070 -1.076e-05
2070 -1.132e-05
2080 -1.14e-05
2080 -1.0394e-05
2090 -1.0874e-05
2100 -1.1394e-05
2100 -1.0954e-05
2110 -1.0474e-05
2110 -1.156e-05
2120 -1.0686e-05
2120 -1.0806e-05
2130 -1.1206e-05
2130 -1.1366e-05
2140 -1.1846e-05
2140 -1.198e-05
2150 -1.202e-05
2150 -1.172e-05
2160 -1.22e-05
2170 -1.13e-05
2170 -1.17e-05
2180 -1.126e-05
2180 -1.162e-05
2190 -1.11e-05
2190 -1.212e-05
2200 -1.162e-05
2200 -1.198e-05
2210 -1.174e-05
2220 -1.218e-05
2220 -1.15e-05
2230 -1.142e-05
2230 -1.108e-05
2240 -1.122e-05
2240 -1.118e-05
2250 -1.078e-05
2250 -1.146e-05
2260 -1.196e-05
2260 -1.244e-05
2270 -1.284e-05
2270 -1.326e-05
2280 -1.358e-05
2290 -1.374e-05
2290 -1.324e-05
2300 -1.312e-05
2300 -1.334e-05
2310 -1.326e-05
2310 -1.27e-05
2320 -1.316e-05
2320 -1.328e-05
2330 -1.32e-05
2330 -1.304e-05
2340 -1.314e-05
2340 -1.25e-05
2350 -1.238e-05
2350 -1.246e-05
2360 -1.238e-05
2360 -1.248e-05
2370 -1.296e-05
2380 -1.244e-05
2380 -1.246e-05
2390 -1.25e-05
2390 -1.27e-05
2400 -1.274e-05
2400 -1.272e-05
2410 -1.222e-05
2410 -1.182e-05
2420 -1.234e-05
2430 -1.158e-05
2430 -1.2e-05
2440 -1.252e-05
2440 -1.248e-05
2450 -1.212e-05
2450 -1.28e-05
2460 -1.284e-05
2460 -1.244e-05
2470 -1.3e-05
2470 -1.27e-05
2480 -1.306e-05
2490 -1.33e-05
2490 -1.386e-05
2500 -1.334e-05
2500 -1.384e-05
2510 -1.382e-05
2510 -1.346e-05
2520 -1.33e-05
2530 -1.37e-05
2530 -1.302e-05
2540 -1.284e-05
2540 -1.312e-05
2550 -1.27e-05
2550 -1.298e-05
2560 -1.304e-05
2560 -1.322e-05
2570 -1.28e-05
2580 -1.322e-05
2580 -1.24e-05
2590 -1.27e-05
2590 -1.324e-05
2600 -1.352e-05
2600 -1.332e-05
2610 -1.398e-05
2620 -1.41e-05
2620 -1.338e-05
2630 -1.302e-05
2630 -1.318e-05
2640 -1.318e-05
2640 -1.254e-05
2650 -1.234e-05
2650 -1.304e-05
2660 -1.242e-05
2660 -1.226e-05
2670 -1.254e-05
2670 -1.254e-05
2680 -1.184e-05
2680 -1.174e-05
2690 -1.186e-05
2700 -1.214e-05
2700 -1.182e-05
2710 -1.308e-05
2710 -1.342e-05
2720 -1.29e-05
2720 -1.29e-05
2730 -1.272e-05
2730 -1.184e-05
2740 -1.194e-05
2740 -1.206e-05
2750 -1.15e-05
2760 -1.272e-05
2760 -1.232e-05
2770 -1.202e-05
2770 -1.234e-05
2780 -1.294e-05
2780 -1.226e-05
2790 -1.27e-05
2790 -1.276e-05
2800 -1.276e-05
2800 -1.268e-05
2810 -1.248e-05
2810 -1.16e-05
2820 -1.216e-05
2830 -1.236e-05
2830 -1.236e-05
2840 -1.216e-05
2840 -1.316e-05
2850 -1.324e-05
2850 -1.304e-05
2860 -1.284e-05
2860 -1.356e-05
2870 -1.306e-05
2870 -1.29e-05
2880 -1.282e-05
2880 -1.258e-05
2890 -1.29e-05
2900 -1.29e-05
2900 -1.286e-05
2910 -1.25e-05
2910 -1.302e-05
2920 -1.194e-05
2920 -1.196e-05
2930 -1.188e-05
2930 -1.212e-05
2940 -1.212e-05
2940 -1.226e-05
2950 -1.282e-05
2950 -1.27e-05
2960 -1.314e-05
2970 -1.326e-05
2970 -1.382e-05
2980 -1.37e-05
2980 -1.398e-05
2990 -1.3e-05
2990 -1.304e-05
3000 -1.322e-05
3000 -1.338e-05
3010 -1.286e-05
3010 -1.396e-05
3020 -1.346e-05
3020 -1.322e-05
3030 -1.266e-05
3040 -1.402e-05
3040 -1.386e-05
3050 -1.382e-05
3050 -1.39e-05
3060 -1.426e-05
3060 -1.338e-05
3070 -1.314e-05
3070 -1.298e-05
3080 -1.282e-05
3080 -1.282e-05
3090 -1.29e-05
3090 -1.306e-05
3100 -1.262e-05
3100 -1.25e-05
3110 -1.302e-05
3110 -1.218e-05
3120 -1.246e-05
3120 -1.2426e-05
3130 -1.2266e-05
3140 -1.0926e-05
3140 -1.1246e-05
3150 -1.0566e-05
3150 -1.122e-05
3160 -1.0714e-05
3160 -1.1174e-05
3170 -1.1294e-05
3170 -1.1374e-05
3180 -1.1654e-05
3180 -1.188e-05
3190 -1.168e-05
3200 -1.2e-05
3200 -1.208e-05
3210 -1.172e-05
3210 -1.204e-05
3220 -1.256e-05
3220 -1.252e-05
3230 -1.28e-05
3230 -1.332e-05
3240 -1.32e-05
3240 -1.276e-05
3250 -1.242e-05
3260 -1.234e-05
3260 -1.184e-05
3270 -1.174e-05
3270 -1.174e-05
3280 -1.216e-05
3280 -1.224e-05
3290 -1.254e-05
3290 -1.316e-05
3300 -1.312e-05
3300 -1.28e-05
3310 -1.196e-05
3320 -1.22e-05
3320 -1.2e-05
3330 -1.228e-05
3330 -1.1806e-05
3340 -1.2646e-05
3340 -1.2326e-05
3350 -1.2286e-05
3350 -1.2366e-05
3360 -1.264e-05
3360 -1.24e-05
3370 -1.262e-05
3370 -1.258e-05
3380 -1.232e-05
3390 -1.28e-05
3390 -1.292e-05
3400 -1.252e-05
3400 -1.278e-05
3410 -1.292e-05
3410 -1.304e-05
3420 -1.262e-05
3420 -1.308e-05
3430 -1.362e-05
3440 -1.342e-05
3440 -1.29e-05
3450 -1.35e-05
3450 -1.346e-05
3460 -1.226e-05
3460 -1.298e-05
3470 -1.35e-05
3470 -1.36e-05
3480 -1.2514e-05
3490 -1.2874e-05
3490 -1.2394e-05
3500 -1.2194e-05
3500 -1.2094e-05
3510 -1.282e-05
3510 -1.27e-05
3520 -1.29e-05
3520 -1.312e-05
3530 -1.236e-05
3540 -1.256e-05
3540 -1.26e-05
3550 -1.216e-05
3550 -1.164e-05
3560 -1.178e-05
3560 -1.16e-05
3570 -1.176e-05
3580 -1.178e-05
3580 -1.204e-05
3590 -1.192e-05
3590 -1.1474e-05
3600 -1.1354e-05
3600 -1.1454e-05
3610 -1.0634e-05
3610 -1.1414e-05
3620 -1.12e-05
3630 -1.122e-05
3630 -1.118e-05
3640 -1.18e-05
3640 -1.0834e-05
3650 -1.1574e-05
3650 -1.1634e-05
3660 -1.1474e-05
3660 -1.1554e-05
3670 -1.21e-05
3670 -1.22e-05
3680 -1.216e-05
3680 -1.216e-05
3690 -1.24e-05
3700 -1.226e-05
3700 -1.234e-05
3710 -1.262e-05
3710 -1.314e-05
3720 -1.314e-05
3720 -1.348e-05
3730 -1.2606e-05
3730 -1.2326e-05
3740 -1.2386e-05
3740 -1.2466e-05
3750 -1.2506e-05
3750 -1.31e-05
3760 -1.342e-05
3770 -1.308e-05
3770 -1.292e-05
3780 -1.254e-05
3780 -1.2146e-05
3790 -1.14433333333333e-05
3790 -9.83e-06
