0.000						0.000
6.000						0
11.000						0
16.000						0
22.000						0
27.000						0
32.000						0
37.000						0
43.000						0
48.000						0
53.000						0
59.000						0
64.000						0
69.000						0
75.000						0
80.000						0
85.000						0
91.000						0
96.000						0
101.000						0
106.000						0
111.000						0
117.000						0
122.000						0
128.000						0
133.000						0
138.000						0
143.000						0
149.000						0
154.000						0
159.000						0
164.000						0
169.000						0
175.000						0
181.000						0
187.000						0
192.000						0
197.000						0
202.000						0
207.000						0
213.000						0
218.000						0
223.000						0
228.000						0
236.000						0
241.000						0
247.000						0
252.000						0
258.000						0
263.000						0
269.000						0
274.000						0
279.000						0
285.000						0
290.000						0
295.000						0
300.000						0
306.000						0
311.000						0
316.000						0
322.000						0
327.000						0
332.000						0
337.000						0
342.000						0
348.000						0
353.000						0
358.000						0
363.000						0
368.000						0
374.000						0
379.000						0
384.000						0
390.000						0
395.000						0
400.000						0
406.000						0
411.000						0
416.000						0
421.000						0
427.000						0
432.000						0
437.000						0
442.000						0
448.000						0
453.000						0
458.000						0
463.000						0
469.000						0
474.000						0
479.000						0
485.000						0
490.000						0
495.000						0
501.000						0
506.000						0
511.000						0
516.000						0
522.000						0
527.000						0
532.000						0
537.000						0
543.000						0
548.000						0
553.000						0
559.000						0
564.000						0
569.000						0
574.000						0
579.000						0
585.000						0
590.000						0
595.000						0
600.000						0
605.000						0
611.000						0
616.000						0
621.000						0
627.000						0
632.000						0
637.000						0
642.000						0
647.000						0
652.000						0
658.000						0
663.000						0
668.000						0
673.000						0
679.000						0
684.000						0
690.000						0
695.000						-6.66666666666989E-07
700.000						-3.33333333333068E-07
705.000						-1.66666666667174E-07
710.000						-3.33333333333068E-07
716.000						-2.77777777777438E-07
721.000						-3.33333333333494E-07
726.000						-4.99999999999602E-07
732.000						-2.7777777777803E-07
737.000						-5.00000000000242E-07
742.000						-4.99999999999602E-07
747.000						-1.66666666666534E-07
753.000						-5.55555555556061E-07
758.000						-1.66666666666747E-07
763.000						-4.99999999999602E-07
769.000						-4.16666666666602E-07
775.000						-5.55555555556061E-07
781.000						-4.16666666666157E-07
786.000						-5.00000000000242E-07
792.000						-5.55555555556061E-07
797.000						-3.33333333333068E-07
802.000						-4.99999999999602E-07
808.000						-4.16666666666602E-07
813.000						-5.00000000000881E-07
818.000						-3.33333333333068E-07
824.000						-5.55555555555469E-07
829.000						-3.33333333333068E-07
834.000						-5.00000000000881E-07
839.000						-4.99999999999602E-07
845.000						-2.77777777777734E-07
851.000						-5.55555555556061E-07
856.000						-6.66666666666136E-07
861.000						-3.33333333333494E-07
867.000						-4.16666666666157E-07
872.000						-3.33333333333921E-07
877.000						-6.66666666666136E-07
882.000						-5.00000000000242E-07
888.000						-2.77777777777734E-07
893.000						-6.66666666666136E-07
898.000						-3.33333333333068E-07
904.000						-4.16666666666602E-07
909.000						-5.00000000000242E-07
914.000						-3.33333333333494E-07
919.000						-3.33333333333068E-07
924.000						-6.66666666666136E-07
930.000						-4.16666666667046E-07
935.000						-6.66666666666136E-07
940.000						-6.66666666666136E-07
945.000						-3.33333333333494E-07
950.000						-3.33333333333494E-07
955.000						-4.99999999999602E-07
961.000						-5.55555555556061E-07
966.000						-3.33333333333494E-07
971.000						-6.66666666665284E-07
976.000						-5.00000000001521E-07
982.000						-1.38888888888719E-07
987.000						-6.66666666666136E-07
992.000						-5.00000000000881E-07
997.000						-1.66666666666321E-07
1003.000						-6.94444444445076E-07
1008.000						-5.00000000000242E-07
1013.000						-3.33333333333068E-07
1018.000						-4.99999999999602E-07
1023.000						-5.55555555555556E-07
1029.000						-4.16666666666667E-07
1034.000						-3.33333333333494E-07
1039.000						-9.99999999999204E-07
1044.000						-3.33333333333068E-07
1050.000						-4.16666666667046E-07
1055.000						-8.3333333333267E-07
1060.000						-3.33333333333494E-07
1065.000						-8.33333333333736E-07
1070.000						-3.33333333333068E-07
1075.000						-3.33333333333068E-07
1081.000						-4.16666666667046E-07
1086.000						-8.3333333333267E-07
1091.000						-6.66666666666989E-07
1097.000						-4.16666666666602E-07
1102.000						-4.99999999999602E-07
1107.000						-8.33333333333736E-07
1113.000						-2.77777777777734E-07
1118.000						-6.66666666667842E-07
1123.000						-4.99999999998963E-07
1128.000						-5.00000000000881E-07
1134.000						-6.94444444444336E-07
1139.000						-4.99999999999602E-07
1144.000						-5.00000000000242E-07
1149.000						-1.66666666666321E-07
1155.000						-5.55555555556061E-07
1160.000						-8.33333333334802E-07
1165.000						-5.00000000000242E-07
1170.000						-6.66666666666136E-07
1176.000						-6.94444444442856E-07
1181.000						-5.00000000000881E-07
1186.000						-4.99999999999602E-07
1191.000						-6.66666666667842E-07
1197.000						-6.94444444444336E-07
1202.000						-4.99999999999602E-07
1208.000						-5.55555555555469E-07
1213.000						-4.99999999999602E-07
1218.000						-6.66666666667842E-07
1223.000						-1.00000000000048E-06
1228.000						-6.66666666666136E-07
1234.000						-5.55555555555469E-07
1239.000						-8.33333333333736E-07
1244.000						-4.99999999999602E-07
1250.000						-8.33333333334091E-07
1255.000						-6.66666666665284E-07
1260.000						-6.66666666667842E-07
1266.000						-5.55555555555469E-07
1271.000						-8.3333333333267E-07
1276.000						-8.33333333333736E-07
1281.000						-3.33333333333068E-07
1287.000						-6.94444444445076E-07
1292.000						-6.66666666666989E-07
1298.000						-8.33333333333203E-07
1304.000						-6.94444444444336E-07
1309.000						-9.99999999999204E-07
1314.000						-8.33333333333736E-07
1319.000						-4.99999999999602E-07
1325.000						-8.33333333334091E-07
1330.000						-5.00000000000242E-07
1335.000						-6.66666666666136E-07
1340.000						-8.33333333333736E-07
1345.000						-8.3333333333267E-07
1351.000						-6.94444444445076E-07
1356.000						-6.66666666666136E-07
1361.000						-8.33333333333736E-07
1367.000						-6.94444444444336E-07
1372.000						-6.66666666666136E-07
1377.000						-8.3333333333267E-07
1382.000						-6.66666666667842E-07
1388.000						-9.72222222221034E-07
1393.000						-8.33333333334802E-07
1398.000						-1.66666666666534E-07
1403.000						-1.33333333333398E-06
1409.000						-6.94444444443596E-07
1414.000						-8.33333333333736E-07
1419.000						-5.00000000000242E-07
1425.000						-6.94444444444336E-07
1430.000						-8.33333333333736E-07
1435.000						-1.6666666666696E-07
1440.000						-8.3333333333267E-07
1445.000						-1.33333333333227E-06
1451.000						-5.55555555554284E-07
1456.000						-8.33333333334802E-07
1461.000						-1.33333333333398E-06
1467.000						-6.94444444445076E-07
1472.000						-8.3333333333267E-07
1477.000						-6.66666666666136E-07
1483.000						-6.94444444444336E-07
1488.000						-6.66666666667842E-07
1493.000						-6.66666666666136E-07
1498.000						-6.66666666666989E-07
1504.000						-5.55555555554877E-07
1509.000						-6.66666666667842E-07
1515.000						-6.94444444443596E-07
1520.000						-6.66666666666989E-07
1525.000						-8.3333333333267E-07
1530.000						-8.33333333333736E-07
1535.000						-8.3333333333267E-07
1541.000						-4.16666666667046E-07
1546.000						-8.3333333333267E-07
1551.000						-8.33333333333736E-07
1556.000						-8.33333333333736E-07
1562.000						-4.16666666666602E-07
1567.000						-8.33333333333736E-07
1572.000						-6.66666666666136E-07
1578.000						-5.55555555556061E-07
1583.000						-9.99999999997925E-07
1588.000						-6.66666666667842E-07
1594.000						-6.94444444444336E-07
1599.000						-8.3333333333267E-07
1604.000						-4.99999999999602E-07
1609.000						-8.3333333333267E-07
1615.000						-6.94444444445076E-07
1620.000						-6.66666666666989E-07
1626.000						-8.33333333334091E-07
1631.000						-8.3333333333267E-07
1637.000						-6.94444444444336E-07
1642.000						-8.33333333333736E-07
1647.000						-1.16666666666574E-06
1653.000						-5.55555555556061E-07
1658.000						-8.3333333333267E-07
1663.000						-8.33333333333736E-07
1668.000						-8.33333333333736E-07
1674.000						-6.94444444443596E-07
1680.000						-8.33333333334091E-07
1685.000						-8.3333333333267E-07
1691.000						-9.72222222223107E-07
1696.000						-8.33333333333736E-07
1701.000						-8.33333333331604E-07
1707.000						-8.33333333334091E-07
1712.000						-9.99999999999204E-07
1717.000						-1.16666666666723E-06
1723.000						-8.33333333333203E-07
1728.000						-8.33333333333736E-07
1733.000						-6.66666666666989E-07
1738.000						-1.49999999999881E-06
1744.000						-5.55555555555469E-07
1749.000						-8.33333333333736E-07
1754.000						-8.33333333333736E-07
1759.000						-1.33333333333398E-06
1765.000						-6.94444444443596E-07
1770.000						-8.33333333333736E-07
1775.000						-6.66666666666136E-07
1781.000						-8.33333333334091E-07
1786.000						-8.33333333333736E-07
1792.000						-6.94444444444336E-07
1797.000						-8.33333333333736E-07
1802.000						-1.16666666666574E-06
1807.000						-5.00000000000242E-07
1813.000						-9.72222222223107E-07
1818.000						-1.16666666666574E-06
1824.000						-5.55555555554284E-07
1829.000						-1.00000000000048E-06
1834.000						-1.16666666666872E-06
1840.000						-4.16666666667046E-07
1845.000						-9.99999999999204E-07
1850.000						-1.16666666666574E-06
1856.000						-5.55555555555469E-07
1861.000						-9.99999999999204E-07
1866.000						-8.33333333334802E-07
1871.000						-1.33333333333227E-06
1876.000						-5.00000000000242E-07
1882.000						-1.11111111110975E-06
1887.000						-8.33333333334802E-07
1892.000						-1.16666666666425E-06
1897.000						1.6666666666696E-07
1903.000						-1.66666666666641E-06
1908.000						-8.3333333333267E-07
1913.000						-6.66666666667842E-07
1919.000						-4.16666666666157E-07
1924.000						-1.16666666666723E-06
1929.000						-1.16666666666723E-06
1934.000						-1.33333333333227E-06
1940.000						-5.55555555556061E-07
1945.000						-1.49999999999689E-06
1950.000						-6.66666666667842E-07
1955.000						-1.00000000000048E-06
1961.000						-1.11111111111094E-06
1966.000						-6.66666666666136E-07
1971.000						-9.99999999999204E-07
1977.000						-9.7222222222207E-07
1982.000						-8.3333333333267E-07
1987.000						-1.00000000000048E-06
1992.000						-1.00000000000176E-06
1998.000						-1.11111111111094E-06
2003.000						-6.66666666666136E-07
2009.000						-8.33333333334091E-07
2014.000						-1.33333333333057E-06
2020.000						-5.55555555556061E-07
2025.000						-1.16666666666574E-06
2030.000						-8.33333333334802E-07
2036.000						-1.11111111111094E-06
2042.000						-6.94444444444336E-07
2047.000						-9.99999999999204E-07
2053.000						-8.33333333334091E-07
2058.000						-1.16666666666574E-06
2063.000						-8.3333333333267E-07
2069.000						-8.33333333334091E-07
2075.000						-9.7222222222207E-07
2080.000						-1.16666666666723E-06
2086.000						-8.33333333332315E-07
2091.000						-6.66666666667842E-07
2097.000						-8.33333333332315E-07
2102.000						-8.33333333333736E-07
2108.000						-1.38888888889015E-06
2113.000						-9.99999999999204E-07
2118.000						-8.33333333333736E-07
2124.000						-9.72222222221034E-07
2129.000						-8.33333333334802E-07
2134.000						-1.16666666666425E-06
2140.000						-8.3333333333498E-07
2145.000						-1.16666666666425E-06
2151.000						-8.33333333334091E-07
2157.000						-9.7222222222207E-07
2162.000						-1.21527777777778E-06
2168.000						-1.08024691358025E-06
2173.000						-1.00000000000048E-06
2178.000						-8.3333333333267E-07
2184.000						-1.38888888889015E-06
2189.000						-9.99999999999204E-07
2194.000						-1.00000000000048E-06
2200.000						-8.33333333332315E-07
2205.000						-1.16666666666723E-06
2210.000						-9.99999999999204E-07
2216.000						-1.11111111111212E-06
2222.000						-9.72222222223107E-07
2227.000						-8.3333333333267E-07
2232.000						-8.33333333333736E-07
2238.000						-1.11111111111094E-06
2243.000						-1.33333333333227E-06
2248.000						-8.3333333333267E-07
2253.000						-1.33333333333568E-06
2258.000						-8.33333333331604E-07
2264.000						-8.3333333333498E-07
2269.000						-1.16666666666574E-06
2274.000						-8.3333333333267E-07
2279.000						-1.16666666666574E-06
2284.000						-9.99999999999204E-07
2290.000						-6.94444444445076E-07
2296.000						-1.11111111111094E-06
2301.000						-8.33333333334802E-07
2306.000						-1.83333333333187E-06
2311.000						-8.33333333333736E-07
2317.000						-1.11111111111094E-06
2322.000						-9.99999999999204E-07
2327.000						-1.00000000000048E-06
2333.000						-9.7222222222207E-07
2338.000						-1.66666666666747E-06
2343.000						-5.00000000000242E-07
2348.000						-1.33333333333398E-06
2354.000						-1.24999999999847E-06
2359.000						-6.66666666666989E-07
2364.000						-1.16666666666574E-06
2369.000						-1.16666666666872E-06
2375.000						-6.94444444444336E-07
2380.000						-1.49999999999881E-06
2386.000						-6.94444444443596E-07
2391.000						-1.66666666666747E-06
2396.000						-1.16666666666872E-06
2402.000						-1.24999999999847E-06
2407.000						-8.33333333334802E-07
2412.000						-9.99999999999204E-07
2417.000						-1.00000000000048E-06
2422.000						-1.33333333333227E-06
2428.000						-1.11111111111331E-06
2433.000						-9.99999999996646E-07
2438.000						-1.00000000000176E-06
2444.000						-9.7222222222207E-07
2449.000						-1.16666666666574E-06
2454.000						-1.16666666666574E-06
2461.000						-8.33333333334345E-07
2466.000						-1.84069611780455E-06
2471.000						-6.66666666666989E-07
2476.000						-1.33333333333398E-06
2481.000						-9.99999999997925E-07
2487.000						-8.33333333334091E-07
2492.000						-1.16666666666574E-06
2497.000						-6.66666666666989E-07
2502.000						-1.66666666666534E-06
2507.000						-1.00000000000048E-06
2513.000						-8.33333333334091E-07
2518.000						-9.99999999999204E-07
2523.000						-9.99999999999204E-07
2528.000						-1.00000000000048E-06
2533.000						-1.16666666666574E-06
2539.000						-6.94444444445816E-07
2544.000						-1.16666666666574E-06
2549.000						-9.99999999999204E-07
2554.000						-1.33333333333568E-06
2560.000						-9.72222222221034E-07
2565.000						-1.16666666666723E-06
2570.000						-9.99999999999204E-07
2575.000						-1.33333333333398E-06
2580.000						-8.3333333333267E-07
2586.000						-9.72222222221034E-07
2591.000						-1.16666666667021E-06
2596.000						-8.33333333333736E-07
2601.000						-1.16666666666574E-06
2606.000						-8.33333333333736E-07
2611.000						-1.50000000000073E-06
2617.000						-2.77777777777734E-07
2622.000						-9.99999999999204E-07
2627.000						-1.50000000000073E-06
2632.000						-1.00000000000048E-06
2637.000						-9.99999999999204E-07
2643.000						-8.33333333332315E-07
2648.000						-8.33333333334802E-07
2653.000						-1.00000000000048E-06
2658.000						-1.49999999999689E-06
2663.000						-8.33333333333736E-07
2669.000						-8.33333333333203E-07
2674.000						-1.16666666666872E-06
2679.000						-6.66666666666136E-07
2685.000						-9.7222222222207E-07
2690.000						-1.16666666666723E-06
2696.000						-1.11111111110975E-06
2701.000						-1.33333333333398E-06
2706.000						-9.99999999999204E-07
2712.000						-9.72222222224143E-07
2717.000						-1.16666666666275E-06
2723.000						-8.33333333334091E-07
2729.000						-1.25000000000114E-06
2734.000						-6.66666666666989E-07
2739.000						-9.99999999999204E-07
2744.000						-1.16666666666723E-06
2749.000						-1.33333333333227E-06
2755.000						-9.72222222221034E-07
2760.000						-8.33333333334802E-07
2765.000						-1.33333333333227E-06
2770.000						-1.00000000000176E-06
2776.000						-1.11111111110975E-06
2781.000						-8.3333333333267E-07
2786.000						-9.99999999999204E-07
2791.000						-1.00000000000176E-06
2796.000						-1.00000000000176E-06
2802.000						-1.11111111111212E-06
2807.000						-8.3333333333267E-07
2812.000						-9.99999999999204E-07
2818.000						-1.11111111110975E-06
2823.000						-6.66666666667842E-07
2828.000						-1.16666666666275E-06
2834.000						-8.33333333335868E-07
2839.000						-9.99999999999204E-07
2844.000						-1.16666666666574E-06
2849.000						-9.99999999999204E-07
2854.000						-1.00000000000176E-06
2860.000						-8.33333333333203E-07
2865.000						-1.33333333333398E-06
2870.000						-9.99999999999204E-07
2875.000						-9.99999999999204E-07
2880.000						-9.99999999999204E-07
2886.000						-9.72222222224143E-07
2891.000						-8.3333333333267E-07
2897.000						-8.3333333333498E-07
2902.000						-1.49999999999881E-06
2907.000						-8.3333333333267E-07
2913.000						-8.33333333332315E-07
2918.000						-8.3333333333267E-07
2923.000						-1.33333333333568E-06
2928.000						-8.3333333333267E-07
2934.000						-8.33333333334091E-07
2939.000						-1.33333333333057E-06
2944.000						-8.33333333333736E-07
2949.000						-9.99999999999204E-07
2954.000						-8.33333333334802E-07
2960.000						-9.72222222223107E-07
2965.000						-1.33333333333057E-06
2970.000						-1.33333333333227E-06
2975.000						-8.33333333333736E-07
2980.000						-8.3333333333267E-07
2986.000						-9.72222222224143E-07
2991.000						-1.16666666666723E-06
2996.000						-1.16666666666574E-06
3001.000						-9.99999999999204E-07
3006.000						-1.00000000000176E-06
3011.000						-9.99999999999204E-07
3017.000						-9.72222222221034E-07
3022.000						-8.33333333334802E-07
3027.000						-1.49999999999881E-06
3032.000						-9.99999999999204E-07
3037.000						-1.33333333333568E-06
3043.000						-8.33333333333203E-07
3048.000						-1.50000000000073E-06
3053.000						-8.3333333333267E-07
3058.000						-1.16666666666574E-06
3063.000						-1.00000000000176E-06
3069.000						-1.11111111110975E-06
3074.000						-8.33333333333736E-07
3079.000						-8.3333333333267E-07
3084.000						-1.33333333333398E-06
3089.000						-6.66666666666136E-07
3095.000						-1.11111111111212E-06
3100.000						-9.99999999999204E-07
3105.000						-8.33333333333736E-07
3110.000						-1.49999999999881E-06
3115.000						-1.50000000000073E-06
3121.000						-5.55555555554877E-07
3126.000						-1.50000000000456E-06
3132.000						-6.94444444444336E-07
3138.000						-1.52777777777754E-06
3143.000						-1.33333333333398E-06
3148.000						-9.99999999999204E-07
3153.000						-1.16666666666574E-06
3158.000						-1.49999999999881E-06
3164.000						-8.33333333334091E-07
3169.000						-1.33333333333398E-06
3174.000						-1.33333333333398E-06
3179.000						-8.33333333331604E-07
3185.000						-1.38888888889163E-06
3191.000						-8.33333333332315E-07
3196.000						-1.16666666666425E-06
3201.000						-1.50000000000073E-06
3206.000						-1.00000000000432E-06
3212.000						-1.11111111110975E-06
3217.000						-1.16666666666574E-06
3222.000						-1.33333333333227E-06
3227.000						-1.16666666666872E-06
3232.000						-9.99999999999204E-07
3238.000						-9.7222222222207E-07
3243.000						-8.33333333333736E-07
3248.000						-1.49999999999881E-06
3253.000						-8.3333333333267E-07
3258.000						-1.00000000000176E-06
3264.000						-1.11111111111094E-06
3269.000						-1.00000000000048E-06
3275.000						-1.11111111111212E-06
3280.000						-1.16666666666574E-06
3285.000						-9.99999999999204E-07
3291.000						-8.33333333332315E-07
3296.000						-1.33333333333568E-06
3301.000						-9.99999999999204E-07
3306.000						-1.16666666666872E-06
3311.000						-9.99999999999204E-07
3317.000						-8.33333333332315E-07
3322.000						-6.66666666666136E-07
3327.000						-1.16666666666872E-06
3332.000						-1.33333333333568E-06
3337.000						-9.99999999999204E-07
3343.000						-1.24999999999714E-06
3348.000						-1.16666666666723E-06
3353.000						-9.99999999999204E-07
3359.000						-1.11111111111331E-06
3364.000						-8.33333333331604E-07
3369.000						-1.33333333333568E-06
3374.000						-8.3333333333267E-07
3379.000						-8.3333333333267E-07
3385.000						-1.24999999999847E-06
3390.000						-1.00000000000176E-06
3395.000						-8.33333333334802E-07
3400.000						-9.99999999999204E-07
3406.000						-9.72222222223107E-07
3411.000						-1.16666666666574E-06
3417.000						-1.11111111110975E-06
3422.000						-9.99999999999204E-07
3427.000						-1.16666666667171E-06
3433.000						-5.55555555554877E-07
3438.000						-1.16666666666574E-06
3443.000						-1.66666666666534E-06
3448.000						-1.00000000000176E-06
3454.000						-6.94444444444336E-07
3459.000						-1.33333333333227E-06
3465.000						-8.33333333333203E-07
3470.000						-1.50000000000264E-06
3475.000						-8.3333333333267E-07
3481.000						-9.72222222219998E-07
3486.000						-1.00000000000048E-06
3491.000						-1.33333333333568E-06
3496.000						-1.33333333333227E-06
3501.000						-1.00000000000176E-06
3507.000						-1.24999999999847E-06
3512.000						-1.16666666666574E-06
3517.000						-1.00000000000176E-06
3523.000						-1.38888888888867E-06
3530.000						-1.07142857142889E-06
3535.000						-1.49999999999881E-06
3540.000						-1.16666666666723E-06
3545.000						-8.3333333333267E-07
3550.000						-1.49999999999881E-06
3556.000						-5.55555555556061E-07
3561.000						-1.00000000000048E-06
3566.000						-1.49999999999881E-06
3572.000						-9.72222222224143E-07
3577.000						-1.33333333333227E-06
3582.000						-8.3333333333267E-07
3588.000						-9.72222222221034E-07
3593.000						-1.33333333333227E-06
3598.000						-1.00000000000176E-06
3603.000						-1.16666666666574E-06
3609.000						-8.33333333334091E-07
3614.000						-1.33333333333057E-06
3619.000						-1.00000000000048E-06
3624.000						-1.66666666666534E-06
3629.000						-1.00000000000176E-06
3635.000						-1.38888888889015E-06
3640.000						-1.16666666666425E-06
3646.000						-9.72222222224143E-07
3651.000						-1.49999999999881E-06
3657.000						-1.24999999999847E-06
3662.000						-1.00000000000176E-06
3667.000						-1.49999999999881E-06
3672.000						-1.00000000000176E-06
3678.000						-1.11111111110857E-06
3683.000						-9.99999999999204E-07
3688.000						-1.50000000000073E-06
3693.000						-8.33333333334802E-07
3698.000						-1.50000000000264E-06
3704.000						-8.33333333331427E-07
3709.000						-8.3333333333267E-07
3714.000						-1.49999999999881E-06
3719.000						-8.33333333335868E-07
3724.000						-9.99999999996646E-07
