196 -2.2e-06
201 -3.7675e-06
207 -3.854e-06
212 -4.574e-06
217 -4.854e-06
222 -5.52e-06
227 -5.44e-06
233 -5.96e-06
238 -6.134e-06
243 -6.008e-06
249 -6.274e-06
255 -6.954e-06
261 -7.26e-06
266 -7.966e-06
272 -9.412e-06
277 -9.18e-06
282 -9.38e-06
288 -9.58e-06
293 -9.64e-06
299 -9.48e-06
305 -1.0112e-05
310 -1.0352e-05
316 -1.0726e-05
321 -1.0346e-05
326 -1.0306e-05
331 -1.048e-05
336 -1.064e-05
342 -1.08e-05
347 -1.144e-05
352 -1.0788e-05
357 -1.0808e-05
364 -1.0768e-05
370 -9.934e-06
375 -1.0014e-05
381 -1.0446e-05
386 -1.1146e-05
392 -1.0586e-05
397 -1.134e-05
402 -1.096e-05
407 -1.13e-05
413 -1.0506e-05
418 -1.1186e-05
424 -1.1386e-05
429 -1.2086e-05
434 -1.2286e-05
439 -1.1986e-05
444 -1.1946e-05
450 -1.2586e-05
455 -1.2486e-05
460 -1.2606e-05
466 -1.318e-05
471 -1.346e-05
477 -1.17e-05
482 -1.118e-05
489 -1.094e-05
495 -1.118e-05
500 -1.05e-05
505 -1.158e-05
511 -1.196e-05
516 -1.2e-05
521 -1.1434e-05
526 -1.2114e-05
533 -1.1874e-05
538 -1.2074e-05
544 -1.2194e-05
549 -1.242e-05
554 -1.238e-05
560 -1.286e-05
565 -1.282e-05
570 -1.298e-05
575 -1.2606e-05
580 -1.3526e-05
586 -1.3206e-05
591 -1.3366e-05
597 -1.2726e-05
602 -1.364e-05
607 -1.224e-05
612 -1.1726e-05
618 -1.1606e-05
625 -1.1686e-05
630 -1.1766e-05
636 -1.2806e-05
641 -1.2754e-05
646 -1.2794e-05
652 -1.3014e-05
657 -1.3214e-05
663 -1.2774e-05
668 -1.406e-05
673 -1.446e-05
678 -1.49e-05
683 -1.434e-05
689 -1.462e-05
694 -1.396e-05
699 -1.368e-05
705 -1.378e-05
710 -1.452e-05
715 -1.378e-05
721 -1.376e-05
727 -1.388e-05
732 -1.398e-05
737 -1.324e-05
743 -1.318e-05
749 -1.362e-05
754 -1.306e-05
759 -1.292e-05
765 -1.308e-05
770 -1.424e-05
776 -1.444e-05
781 -1.468e-05
786 -1.408e-05
791 -1.378e-05
797 -1.264e-05
803 -1.192e-05
809 -1.22e-05
815 -1.272e-05
820 -1.286e-05
825 -1.376e-05
831 -1.376e-05
836 -1.316e-05
842 -1.328e-05
847 -1.392e-05
852 -1.38e-05
857 -1.404e-05
862 -1.492e-05
868 -1.5e-05
873 -1.46e-05
878 -1.46e-05
884 -1.54e-05
889 -1.47e-05
894 -1.472e-05
900 -1.524e-05
906 -1.524e-05
911 -1.404e-05
916 -1.446e-05
923 -1.444e-05
928 -1.436e-05
933 -1.44e-05
938 -1.476e-05
943 -1.436e-05
949 -1.382e-05
955 -1.334e-05
961 -1.334e-05
967 -1.402e-05
972 -1.49e-05
977 -1.466e-05
982 -1.546e-05
988 -1.512e-05
993 -1.532e-05
999 -1.524e-05
1000 -1.568e-05
1010 -1.552e-05
1020 -1.626e-05
1020 -1.536e-05
1030 -1.464e-05
1030 -1.498e-05
1040 -1.434e-05
1040 -1.398e-05
1050 -1.452e-05
1050 -1.5e-05
1060 -1.452e-05
1060 -1.516e-05
1070 -1.556e-05
1070 -1.512e-05
1080 -1.552e-05
1080 -1.588e-05
1090 -1.568e-05
1100 -1.596e-05
1100 -1.638e-05
1110 -1.65e-05
1110 -1.66e-05
1120 -1.656e-05
1120 -1.514e-05
1130 -1.572e-05
1140 -1.552e-05
1140 -1.53e-05
1150 -1.566e-05
1150 -1.66e-05
1160 -1.632e-05
1160 -1.612e-05
1170 -1.588e-05
1170 -1.564e-05
1180 -1.506e-05
1180 -1.482e-05
1190 -1.462e-05
1190 -1.458e-05
1200 -1.518e-05
1200 -1.504e-05
1210 -1.512e-05
1220 -1.536e-05
1220 -1.64e-05
1230 -1.558e-05
1230 -1.646e-05
1240 -1.562e-05
1240 -1.626e-05
1250 -1.56e-05
1250 -1.634e-05
1260 -1.576e-05
1260 -1.696e-05
1270 -1.58e-05
1270 -1.58e-05
1280 -1.604e-05
1290 -1.69e-05
1290 -1.71e-05
1300 -1.694e-05
1300 -1.76e-05
1310 -1.66e-05
1310 -1.592e-05
1320 -1.486e-05
1320 -1.546e-05
1330 -1.518e-05
1330 -1.594e-05
1340 -1.63e-05
1340 -1.624e-05
1350 -1.62e-05
1350 -1.608e-05
1360 -1.564e-05
1360 -1.436e-05
1370 -1.492e-05
1370 -1.48e-05
1380 -1.496e-05
1380 -1.516e-05
1390 -1.652e-05
1400 -1.652e-05
1400 -1.668e-05
1410 -1.696e-05
1410 -1.668e-05
1420 -1.65e-05
1420 -1.586e-05
1430 -1.596e-05
1430 -1.498e-05
1440 -1.522e-05
1440 -1.534e-05
1450 -1.578e-05
1460 -1.676e-05
1460 -1.694e-05
1470 -1.718e-05
1470 -1.732e-05
1480 -1.768e-05
1480 -1.712e-05
1490 -1.756e-05
1490 -1.762e-05
1500 -1.668e-05
1500 -1.672e-05
1510 -1.596e-05
1510 -1.584e-05
1520 -1.534e-05
1530 -1.594e-05
1530 -1.566e-05
1540 -1.578e-05
1540 -1.69e-05
1550 -1.624e-05
1550 -1.562e-05
1560 -1.558e-05
1560 -1.574e-05
1570 -1.478e-05
1570 -1.564e-05
1580 -1.646e-05
1580 -1.702e-05
1590 -1.664e-05
1590 -1.756e-05
1600 -1.816e-05
1610 -1.748e-05
1610 -1.768e-05
1620 -1.862e-05
1620 -1.678e-05
1630 -1.678e-05
1630 -1.756e-05
1640 -1.712e-05
1640 -1.732e-05
1650 -1.848e-05
1650 -1.836e-05
1660 -1.78e-05
1670 -1.8e-05
1670 -1.812e-05
1680 -1.73e-05
1680 -1.69e-05
1690 -1.742e-05
1690 -1.718e-05
1700 -1.582e-05
1700 -1.752e-05
1710 -1.648e-05
1710 -1.648e-05
1720 -1.688e-05
1720 -1.716e-05
1730 -1.684e-05
1740 -1.728e-05
1740 -1.768e-05
1750 -1.796e-05
1750 -1.776e-05
1760 -1.732e-05
1760 -1.784e-05
1770 -1.624e-05
1770 -1.54e-05
1780 -1.512e-05
1780 -1.46e-05
1790 -1.384e-05
1790 -1.552e-05
1800 -1.4062e-05
1810 -1.4942e-05
1810 -1.4982e-05
1820 -1.4922e-05
1820 -1.4522e-05
1830 -1.658e-05
1830 -1.63e-05
1840 -1.718e-05
1850 -1.768e-05
1850 -1.736e-05
1860 -1.676e-05
1860 -1.712e-05
1870 -1.716e-05
1870 -1.82e-05
1880 -1.864e-05
1880 -1.874e-05
1890 -1.886e-05
1890 -1.854e-05
1900 -1.886e-05
1900 -1.922e-05
1910 -1.846e-05
1910 -1.95e-05
1920 -1.906e-05
1920 -1.91e-05
1930 -1.942e-05
1930 -2.008e-05
1940 -1.904e-05
1950 -2.044e-05
1950 -1.916e-05
1960 -1.852e-05
1960 -1.944e-05
1970 -1.876e-05
1970 -1.812e-05
1980 -1.826e-05
1980 -1.87e-05
1990 -1.782e-05
1990 -1.79e-05
2000 -1.79e-05
2000 -1.744e-05
2010 -1.712e-05
2010 -1.772e-05
2020 -1.782e-05
2020 -1.738e-05
2030 -1.83e-05
2030 -1.738e-05
2040 -1.722e-05
2040 -1.808e-05
2050 -1.714e-05
2050 -1.734e-05
2060 -1.834e-05
2070 -1.77e-05
2070 -1.734e-05
2080 -1.766e-05
2080 -1.722e-05
2090 -1.62e-05
2090 -1.668e-05
2100 -1.628e-05
2100 -1.608e-05
2110 -1.556e-05
2120 -1.622e-05
2120 -1.622e-05
2130 -1.67e-05
2130 -1.674e-05
2140 -1.75e-05
2140 -1.75e-05
2150 -1.704e-05
2150 -1.612e-05
2160 -1.718e-05
2160 -1.686e-05
2170 -1.61e-05
2170 -1.744e-05
2180 -1.798e-05
2180 -1.802e-05
2190 -1.866e-05
2200 -1.986e-05
2200 -1.938e-05
2210 -1.9e-05
2210 -1.8e-05
2220 -1.646e-05
2220 -1.594e-05
2230 -1.586e-05
2230 -1.59e-05
2240 -1.622e-05
2250 -1.668e-05
2250 -1.622e-05
2260 -1.626e-05
2260 -1.706e-05
2270 -1.742e-05
2270 -1.818e-05
2280 -1.802e-05
2280 -1.762e-05
2290 -1.662e-05
2290 -1.682e-05
2300 -1.636e-05
2300 -1.65e-05
2310 -1.67e-05
2320 -1.706e-05
2320 -1.686e-05
2330 -1.708e-05
2330 -1.718e-05
2340 -1.69e-05
2340 -1.626e-05
2350 -1.564e-05
2360 -1.572e-05
2360 -1.602e-05
2370 -1.638e-05
2370 -1.68e-05
2380 -1.738e-05
2380 -1.75e-05
2390 -1.612e-05
2390 -1.54e-05
2400 -1.626e-05
2410 -1.618e-05
2410 -1.57e-05
2420 -1.72e-05
2420 -1.768e-05
2430 -1.72e-05
2430 -1.598e-05
2440 -1.654e-05
2440 -1.63e-05
2450 -1.622e-05
2450 -1.526e-05
2460 -1.644e-05
2460 -1.62e-05
2470 -1.578e-05
2470 -1.582e-05
2480 -1.686e-05
2490 -1.66e-05
2490 -1.604e-05
2500 -1.622e-05
2500 -1.646e-05
2510 -1.596e-05
2510 -1.598e-05
2520 -1.574e-05
2520 -1.61e-05
2530 -1.518e-05
2530 -1.512e-05
2540 -1.478e-05
2550 -1.55e-05
2550 -1.492e-05
2560 -1.576e-05
2560 -1.588e-05
2570 -1.654e-05
2570 -1.71e-05
2580 -1.674e-05
2580 -1.742e-05
2590 -1.69e-05
2590 -1.718e-05
2600 -1.566e-05
2600 -1.708e-05
2610 -1.612e-05
2620 -1.756e-05
2620 -1.664e-05
2630 -1.752e-05
2630 -1.7e-05
2640 -1.692e-05
2640 -1.514e-05
2650 -1.546e-05
2650 -1.48e-05
2660 -1.456e-05
2660 -1.448e-05
2670 -1.524e-05
2670 -1.54e-05
2680 -1.61e-05
2690 -1.588e-05
2690 -1.604e-05
2700 -1.65e-05
2700 -1.6e-05
2710 -1.592e-05
2710 -1.574e-05
2720 -1.594e-05
2720 -1.552e-05
2730 -1.602e-05
2730 -1.55e-05
2740 -1.61e-05
2750 -1.53e-05
2750 -1.52e-05
2760 -1.532e-05
2760 -1.568e-05
2770 -1.58e-05
2770 -1.648e-05
2780 -1.632e-05
2780 -1.632e-05
2790 -1.596e-05
2790 -1.596e-05
2800 -1.546e-05
2800 -1.588e-05
2810 -1.588e-05
2820 -1.68e-05
2820 -1.692e-05
2830 -1.636e-05
2830 -1.694e-05
2840 -1.624e-05
2840 -1.604e-05
2850 -1.588e-05
2850 -1.644e-05
2860 -1.552e-05
2860 -1.614e-05
2870 -1.622e-05
2870 -1.524e-05
2880 -1.59e-05
2890 -1.682e-05
2890 -1.69e-05
2900 -1.62e-05
2900 -1.674e-05
2910 -1.698e-05
2910 -1.722e-05
2920 -1.66e-05
2920 -1.754e-05
2930 -1.906e-05
2930 -1.808e-05
2940 -1.828e-05
2940 -1.902e-05
2950 -1.868e-05
2950 -1.712e-05
2960 -1.81e-05
2960 -1.83e-05
2970 -1.79e-05
2970 -1.792e-05
2980 -1.78e-05
2990 -1.796e-05
2990 -1.648e-05
3000 -1.744e-05
3000 -1.756e-05
3010 -1.716e-05
3010 -1.692e-05
3020 -1.852e-05
3020 -1.768e-05
3030 -1.706e-05
3040 -1.778e-05
3040 -1.778e-05
3050 -1.786e-05
3050 -1.77e-05
3060 -1.928e-05
3060 -2.012e-05
3070 -1.982e-05
3070 -2.006e-05
3080 -2.07e-05
3090 -2.05e-05
3090 -2.054e-05
3100 -2.038e-05
3100 -1.91e-05
3110 -1.982e-05
3110 -1.892e-05
3120 -1.948e-05
3120 -1.938e-05
3130 -1.92e-05
3130 -1.868e-05
3140 -1.854e-05
3140 -1.802e-05
3150 -1.89e-05
3150 -1.87e-05
3160 -1.898e-05
3170 -1.852e-05
3170 -1.728e-05
3180 -1.748e-05
3180 -1.838e-05
3190 -1.712e-05
3190 -1.688e-05
3200 -1.776e-05
3200 -1.812e-05
3210 -1.69e-05
3210 -1.78e-05
3220 -1.85e-05
3230 -1.786e-05
3230 -1.668e-05
3240 -1.77e-05
3240 -1.686e-05
3250 -1.73e-05
3250 -1.782e-05
3260 -1.724e-05
3260 -1.752e-05
3270 -1.684e-05
3270 -1.628e-05
3280 -1.608e-05
3290 -1.594e-05
3290 -1.522e-05
3300 -1.558e-05
3300 -1.504e-05
3310 -1.468e-05
3310 -1.474e-05
3320 -1.502e-05
3330 -1.554e-05
3330 -1.58e-05
3340 -1.616e-05
3340 -1.668e-05
3350 -1.648e-05
3350 -1.618e-05
3360 -1.67e-05
3360 -1.722e-05
3370 -1.81e-05
3370 -1.704e-05
3380 -1.794e-05
3380 -1.81e-05
3390 -1.81e-05
3390 -1.734e-05
3400 -1.86e-05
3400 -1.812e-05
3410 -1.716e-05
3410 -1.708e-05
3420 -1.668e-05
3420 -1.676e-05
3430 -1.642e-05
3440 -1.746e-05
3440 -1.766e-05
3450 -1.782e-05
3450 -1.742e-05
3460 -1.828e-05
3460 -1.762e-05
3470 -1.722e-05
3470 -1.77e-05
3480 -1.752e-05
3480 -1.708e-05
3490 -1.774e-05
3490 -1.714e-05
3500 -1.71e-05
3500 -1.716e-05
3510 -1.704e-05
3520 -1.704e-05
3520 -1.776e-05
3530 -1.712e-05
3530 -1.708e-05
3540 -1.712e-05
3540 -1.64e-05
3550 -1.672e-05
3550 -1.612e-05
3560 -1.66e-05
3560 -1.768e-05
3570 -1.778e-05
3570 -1.614e-05
3580 -1.734e-05
3590 -1.66e-05
3590 -1.584e-05
3600 -1.626e-05
3600 -1.706e-05
3610 -1.686e-05
3610 -1.72e-05
3620 -1.672e-05
3620 -1.644e-05
3630 -1.6e-05
3630 -1.664e-05
3640 -1.614e-05
3640 -1.538e-05
3650 -1.496e-05
3660 -1.56e-05
3660 -1.5e-05
3670 -1.542e-05
3670 -1.56e-05
3680 -1.55e-05
3680 -1.37e-05
