196 -2.2e-06
201 -3.7675e-06
207 -3.854e-06
212 -4.574e-06
217 -4.907e-06
222 -5.354e-06
227 -5.431e-06
233 -5.897e-06
238 -6.197e-06
243 -6.61e-06
249 -7.05e-06
255 -7.71e-06
261 -7.727e-06
266 -8.167e-06
272 -8.42e-06
277 -8.803e-06
282 -9.446e-06
288 -9.646e-06
293 -9.866e-06
299 -1.0153e-05
305 -9.993e-06
310 -9.893e-06
316 -1.0296e-05
321 -1.0496e-05
326 -1.0763e-05
331 -1.0893e-05
336 -1.0547e-05
342 -1.0644e-05
347 -1.0704e-05
352 -1.0367e-05
357 -1.0727e-05
364 -1.0617e-05
370 -1.0977e-05
375 -1.0677e-05
381 -1.0637e-05
386 -1.0487e-05
392 -1.0873e-05
397 -1.0826e-05
402 -1.0886e-05
407 -1.1363e-05
413 -1.1523e-05
418 -1.1793e-05
424 -1.1246e-05
429 -1.1566e-05
434 -1.1986e-05
439 -1.2286e-05
444 -1.2446e-05
450 -1.2583e-05
455 -1.2703e-05
460 -1.2143e-05
466 -1.1833e-05
471 -1.1773e-05
477 -1.218e-05
482 -1.198e-05
489 -1.164e-05
495 -1.157e-05
500 -1.147e-05
505 -1.1307e-05
511 -1.1307e-05
516 -1.1727e-05
521 -1.2017e-05
526 -1.2097e-05
533 -1.1927e-05
538 -1.2247e-05
544 -1.2367e-05
549 -1.2447e-05
554 -1.2587e-05
560 -1.2513e-05
565 -1.2953e-05
570 -1.3033e-05
575 -1.3093e-05
580 -1.2853e-05
586 -1.3123e-05
591 -1.2883e-05
597 -1.2466e-05
602 -1.2486e-05
607 -1.2206e-05
612 -1.2703e-05
618 -1.2523e-05
625 -1.224e-05
630 -1.22e-05
636 -1.235e-05
641 -1.249e-05
646 -1.279e-05
652 -1.3407e-05
657 -1.3627e-05
663 -1.3957e-05
668 -1.3777e-05
673 -1.3697e-05
678 -1.401e-05
683 -1.407e-05
689 -1.434e-05
694 -1.443e-05
699 -1.42e-05
705 -1.386e-05
710 -1.378e-05
715 -1.388e-05
721 -1.388e-05
727 -1.348e-05
732 -1.369e-05
737 -1.347e-05
743 -1.345e-05
749 -1.316e-05
754 -1.371e-05
759 -1.403e-05
765 -1.387e-05
770 -1.35e-05
776 -1.343e-05
781 -1.344e-05
786 -1.318e-05
791 -1.344e-05
797 -1.34e-05
803 -1.332e-05
809 -1.32e-05
815 -1.284e-05
820 -1.268e-05
825 -1.3e-05
831 -1.339e-05
836 -1.378e-05
842 -1.39e-05
847 -1.404e-05
852 -1.414e-05
857 -1.426e-05
862 -1.42e-05
868 -1.472e-05
873 -1.481e-05
878 -1.486e-05
884 -1.492e-05
889 -1.492e-05
894 -1.472e-05
900 -1.458e-05
906 -1.458e-05
911 -1.48e-05
916 -1.482e-05
923 -1.44e-05
928 -1.441e-05
933 -1.413e-05
938 -1.385e-05
943 -1.387e-05
949 -1.439e-05
955 -1.463e-05
961 -1.424e-05
967 -1.44e-05
972 -1.423e-05
977 -1.467e-05
982 -1.507e-05
988 -1.517e-05
993 -1.549e-05
999 -1.569e-05
1000 -1.534e-05
1010 -1.494e-05
1020 -1.533e-05
1020 -1.493e-05
1030 -1.512e-05
1030 -1.494e-05
1040 -1.482e-05
1040 -1.475e-05
1050 -1.475e-05
1050 -1.477e-05
1060 -1.482e-05
1060 -1.526e-05
1070 -1.52e-05
1070 -1.542e-05
1080 -1.576e-05
1080 -1.575e-05
1090 -1.601e-05
1100 -1.624e-05
1100 -1.612e-05
1110 -1.555e-05
1110 -1.605e-05
1120 -1.601e-05
1120 -1.595e-05
1130 -1.611e-05
1140 -1.587e-05
1140 -1.602e-05
1150 -1.582e-05
1150 -1.559e-05
1160 -1.565e-05
1160 -1.583e-05
1170 -1.557e-05
1170 -1.537e-05
1180 -1.523e-05
1180 -1.541e-05
1190 -1.505e-05
1190 -1.497e-05
1200 -1.499e-05
1200 -1.549e-05
1210 -1.538e-05
1220 -1.575e-05
1220 -1.537e-05
1230 -1.581e-05
1230 -1.6e-05
1240 -1.596e-05
1240 -1.611e-05
1250 -1.629e-05
1250 -1.603e-05
1260 -1.57e-05
1260 -1.619e-05
1270 -1.633e-05
1270 -1.703e-05
1280 -1.637e-05
1290 -1.67e-05
1290 -1.632e-05
1300 -1.641e-05
1300 -1.598e-05
1310 -1.62e-05
1310 -1.639e-05
1320 -1.627e-05
1320 -1.611e-05
1330 -1.555e-05
1330 -1.583e-05
1340 -1.563e-05
1340 -1.579e-05
1350 -1.533e-05
1350 -1.558e-05
1360 -1.55e-05
1360 -1.552e-05
1370 -1.54e-05
1370 -1.544e-05
1380 -1.572e-05
1380 -1.574e-05
1390 -1.596e-05
1400 -1.592e-05
1400 -1.651e-05
1410 -1.619e-05
1410 -1.632e-05
1420 -1.597e-05
1420 -1.595e-05
1430 -1.592e-05
1430 -1.582e-05
1440 -1.636e-05
1440 -1.596e-05
1450 -1.62e-05
1460 -1.633e-05
1460 -1.673e-05
1470 -1.694e-05
1470 -1.725e-05
1480 -1.74e-05
1480 -1.7e-05
1490 -1.72e-05
1490 -1.654e-05
1500 -1.67e-05
1500 -1.648e-05
1510 -1.631e-05
1510 -1.619e-05
1520 -1.587e-05
1530 -1.637e-05
1530 -1.579e-05
1540 -1.578e-05
1540 -1.562e-05
1550 -1.576e-05
1550 -1.584e-05
1560 -1.594e-05
1560 -1.604e-05
1570 -1.63e-05
1570 -1.619e-05
1580 -1.617e-05
1580 -1.69e-05
1590 -1.697e-05
1590 -1.735e-05
1600 -1.763e-05
1610 -1.717e-05
1610 -1.747e-05
1620 -1.752e-05
1620 -1.74e-05
1630 -1.797e-05
1630 -1.763e-05
1640 -1.757e-05
1640 -1.768e-05
1650 -1.756e-05
1650 -1.772e-05
1660 -1.789e-05
1670 -1.763e-05
1670 -1.761e-05
1680 -1.759e-05
1680 -1.697e-05
1690 -1.741e-05
1690 -1.669e-05
1700 -1.695e-05
1700 -1.703e-05
1710 -1.649e-05
1710 -1.718e-05
1720 -1.688e-05
1720 -1.708e-05
1730 -1.742e-05
1740 -1.746e-05
1740 -1.708e-05
1750 -1.756e-05
1750 -1.696e-05
1760 -1.668e-05
1760 -1.644e-05
1770 -1.596e-05
1770 -1.584e-05
1780 -1.588e-05
1780 -1.4731e-05
1790 -1.5031e-05
1790 -1.4791e-05
1800 -1.4381e-05
1810 -1.5021e-05
1810 -1.5321e-05
1820 -1.5621e-05
1820 -1.6081e-05
1830 -1.6301e-05
1830 -1.5941e-05
1840 -1.667e-05
1850 -1.671e-05
1850 -1.717e-05
1860 -1.794e-05
1860 -1.8e-05
1870 -1.775e-05
1870 -1.799e-05
1880 -1.785e-05
1880 -1.853e-05
1890 -1.893e-05
1890 -1.86e-05
1900 -1.918e-05
1900 -1.88e-05
1910 -1.898e-05
1910 -1.932e-05
1920 -1.927e-05
1920 -1.927e-05
1930 -1.975e-05
1930 -1.913e-05
1940 -1.897e-05
1950 -1.976e-05
1950 -1.89e-05
1960 -1.928e-05
1960 -1.871e-05
1970 -1.861e-05
1970 -1.863e-05
1980 -1.833e-05
1980 -1.801e-05
1990 -1.785e-05
1990 -1.791e-05
2000 -1.777e-05
2000 -1.786e-05
2010 -1.764e-05
2010 -1.787e-05
2020 -1.725e-05
2020 -1.747e-05
2030 -1.795e-05
2030 -1.726e-05
2040 -1.782e-05
2040 -1.786e-05
2050 -1.746e-05
2050 -1.771e-05
2060 -1.74e-05
2070 -1.728e-05
2070 -1.727e-05
2080 -1.719e-05
2080 -1.681e-05
2090 -1.687e-05
2090 -1.639e-05
2100 -1.621e-05
2100 -1.645e-05
2110 -1.649e-05
2120 -1.641e-05
2120 -1.653e-05
2130 -1.686e-05
2130 -1.663e-05
2140 -1.641e-05
2140 -1.696e-05
2150 -1.718e-05
2150 -1.68e-05
2160 -1.724e-05
2160 -1.705e-05
2170 -1.76e-05
2170 -1.776e-05
2180 -1.798e-05
2180 -1.841e-05
2190 -1.849e-05
2200 -1.801e-05
2200 -1.756e-05
2210 -1.79e-05
2210 -1.762e-05
2220 -1.745e-05
2220 -1.711e-05
2230 -1.657e-05
2230 -1.608e-05
2240 -1.606e-05
2250 -1.648e-05
2250 -1.682e-05
2260 -1.743e-05
2260 -1.712e-05
2270 -1.694e-05
2270 -1.684e-05
2280 -1.712e-05
2280 -1.727e-05
2290 -1.726e-05
2290 -1.716e-05
2300 -1.684e-05
2300 -1.684e-05
2310 -1.672e-05
2320 -1.684e-05
2320 -1.68e-05
2330 -1.666e-05
2330 -1.625e-05
2340 -1.64e-05
2340 -1.66e-05
2350 -1.664e-05
2360 -1.653e-05
2360 -1.651e-05
2370 -1.661e-05
2370 -1.607e-05
2380 -1.589e-05
2380 -1.653e-05
2390 -1.678e-05
2390 -1.66e-05
2400 -1.666e-05
2410 -1.654e-05
2410 -1.673e-05
2420 -1.608e-05
2420 -1.612e-05
2430 -1.675e-05
2430 -1.695e-05
2440 -1.623e-05
2440 -1.621e-05
2450 -1.637e-05
2450 -1.604e-05
2460 -1.602e-05
2460 -1.606e-05
2470 -1.652e-05
2470 -1.612e-05
2480 -1.6e-05
2490 -1.614e-05
2490 -1.641e-05
2500 -1.629e-05
2500 -1.589e-05
2510 -1.616e-05
2510 -1.582e-05
2520 -1.554e-05
2520 -1.538e-05
2530 -1.562e-05
2530 -1.551e-05
2540 -1.547e-05
2550 -1.55e-05
2550 -1.566e-05
2560 -1.63e-05
2560 -1.583e-05
2570 -1.659e-05
2570 -1.639e-05
2580 -1.686e-05
2580 -1.638e-05
2590 -1.691e-05
2590 -1.677e-05
2600 -1.723e-05
2600 -1.691e-05
2610 -1.659e-05
2620 -1.704e-05
2620 -1.652e-05
2630 -1.635e-05
2630 -1.605e-05
2640 -1.616e-05
2640 -1.578e-05
2650 -1.57e-05
2650 -1.519e-05
2660 -1.543e-05
2660 -1.545e-05
2670 -1.522e-05
2670 -1.526e-05
2680 -1.587e-05
2690 -1.57e-05
2690 -1.601e-05
2700 -1.581e-05
2700 -1.599e-05
2710 -1.601e-05
2710 -1.601e-05
2720 -1.571e-05
2720 -1.592e-05
2730 -1.562e-05
2730 -1.536e-05
2740 -1.567e-05
2750 -1.559e-05
2750 -1.595e-05
2760 -1.589e-05
2760 -1.576e-05
2770 -1.582e-05
2770 -1.582e-05
2780 -1.588e-05
2780 -1.597e-05
2790 -1.61e-05
2790 -1.61e-05
2800 -1.638e-05
2800 -1.644e-05
2810 -1.591e-05
2820 -1.641e-05
2820 -1.606e-05
2830 -1.642e-05
2830 -1.64e-05
2840 -1.64e-05
2840 -1.623e-05
2850 -1.619e-05
2850 -1.613e-05
2860 -1.556e-05
2860 -1.617e-05
2870 -1.617e-05
2870 -1.652e-05
2880 -1.621e-05
2890 -1.599e-05
2890 -1.644e-05
2900 -1.702e-05
2900 -1.675e-05
2910 -1.687e-05
2910 -1.79e-05
2920 -1.753e-05
2920 -1.775e-05
2930 -1.781e-05
2930 -1.811e-05
2940 -1.809e-05
2940 -1.809e-05
2950 -1.829e-05
2950 -1.846e-05
2960 -1.83e-05
2960 -1.746e-05
2970 -1.803e-05
2970 -1.739e-05
2980 -1.767e-05
2990 -1.774e-05
2990 -1.748e-05
3000 -1.744e-05
3000 -1.75e-05
3010 -1.756e-05
3010 -1.731e-05
3020 -1.747e-05
3020 -1.735e-05
3030 -1.819e-05
3040 -1.769e-05
3040 -1.817e-05
3050 -1.895e-05
3050 -1.88e-05
3060 -1.896e-05
3060 -1.92e-05
3070 -1.989e-05
3070 -2.033e-05
3080 -2.01e-05
3090 -1.958e-05
3090 -2.026e-05
3100 -1.971e-05
3100 -2.001e-05
3110 -1.988e-05
3110 -1.915e-05
3120 -1.925e-05
3120 -1.873e-05
3130 -1.875e-05
3130 -1.914e-05
3140 -1.895e-05
3140 -1.883e-05
3150 -1.853e-05
3150 -1.765e-05
3160 -1.819e-05
3170 -1.854e-05
3170 -1.805e-05
3180 -1.77e-05
3180 -1.752e-05
3190 -1.78e-05
3190 -1.764e-05
3200 -1.746e-05
3200 -1.769e-05
3210 -1.781e-05
3210 -1.74e-05
3220 -1.73e-05
3230 -1.733e-05
3230 -1.79e-05
3240 -1.784e-05
3240 -1.696e-05
3250 -1.761e-05
3250 -1.685e-05
3260 -1.679e-05
3260 -1.695e-05
3270 -1.659e-05
3270 -1.637e-05
3280 -1.621e-05
3290 -1.566e-05
3290 -1.538e-05
3300 -1.534e-05
3300 -1.512e-05
3310 -1.556e-05
3310 -1.542e-05
3320 -1.542e-05
3330 -1.571e-05
3330 -1.575e-05
3340 -1.586e-05
3340 -1.625e-05
3350 -1.669e-05
3350 -1.739e-05
3360 -1.676e-05
3360 -1.706e-05
3370 -1.74e-05
3370 -1.766e-05
3380 -1.772e-05
3380 -1.782e-05
3390 -1.803e-05
3390 -1.763e-05
3400 -1.759e-05
3400 -1.701e-05
3410 -1.768e-05
3410 -1.727e-05
3420 -1.731e-05
3420 -1.737e-05
3430 -1.725e-05
3440 -1.709e-05
3440 -1.735e-05
3450 -1.754e-05
3450 -1.744e-05
3460 -1.776e-05
3460 -1.747e-05
3470 -1.768e-05
3470 -1.768e-05
3480 -1.718e-05
3480 -1.74e-05
3490 -1.734e-05
3490 -1.706e-05
3500 -1.739e-05
3500 -1.745e-05
3510 -1.711e-05
3520 -1.712e-05
3520 -1.708e-05
3530 -1.672e-05
3530 -1.724e-05
3540 -1.662e-05
3540 -1.684e-05
3550 -1.74e-05
3550 -1.709e-05
3560 -1.643e-05
3560 -1.673e-05
3570 -1.66e-05
3570 -1.676e-05
3580 -1.702e-05
3590 -1.66e-05
3590 -1.71e-05
3600 -1.69e-05
3600 -1.628e-05
3610 -1.635e-05
3610 -1.653e-05
3620 -1.675e-05
3620 -1.667e-05
3630 -1.605e-05
3630 -1.57e-05
3640 -1.58e-05
3640 -1.582e-05
3650 -1.578e-05
3660 -1.549e-05
3660 -1.5e-05
3670 -1.542e-05
3670 -1.56e-05
3680 -1.55e-05
3680 -1.37e-05
