168 -2.6e-06
173 -4.1e-06
178 -3.946e-06
183 -4.266e-06
189 -4.32e-06
194 -4.62e-06
199 -4.86e-06
204 -4.81333333333333e-06
209 -5.06666666666667e-06
215 -5.32e-06
220 -5.57e-06
225 -5.7e-06
230 -5.88e-06
236 -5.97e-06
241 -6.137e-06
246 -6.257e-06
251 -6.377e-06
256 -6.537e-06
262 -6.5905e-06
267 -6.727e-06
272 -6.867e-06
277 -6.997e-06
282 -7.0405e-06
287 -7.1405e-06
293 -7.2405e-06
298 -7.3205e-06
303 -7.2905e-06
308 -7.234e-06
314 -7.414e-06
319 -7.464e-06
324 -7.434e-06
329 -7.574e-06
335 -7.5775e-06
340 -7.6475e-06
345 -7.734e-06
350 -7.874e-06
355 -7.974e-06
361 -8.0005e-06
366 -8.077e-06
371 -8.297e-06
376 -8.437e-06
381 -8.547e-06
387 -8.6635e-06
392 -8.8435e-06
397 -8.8535e-06
402 -9.0035e-06
407 -9.1835e-06
413 -9.3085e-06
418 -9.4085e-06
423 -9.4185e-06
428 -9.502e-06
433 -9.582e-06
439 -9.7285e-06
444 -9.8285e-06
449 -9.9685e-06
454 -9.8735e-06
459 -9.9135e-06
465 -1.0047e-05
470 -1.0197e-05
475 -1.0237e-05
481 -1.0127e-05
486 -1.0027e-05
491 -1.0147e-05
496 -1.0187e-05
501 -1.0327e-05
507 -1.02685e-05
512 -1.03085e-05
517 -1.034e-05
522 -1.041e-05
527 -1.056e-05
533 -1.06265e-05
538 -1.07065e-05
543 -1.07865e-05
548 -1.08065e-05
553 -1.07465e-05
559 -1.09515e-05
564 -1.10015e-05
569 -1.09215e-05
574 -1.09515e-05
579 -1.0855e-05
585 -1.0975e-05
590 -1.1085e-05
595 -1.1035e-05
600 -1.1025e-05
606 -1.09115e-05
611 -1.094e-05
616 -1.082e-05
621 -1.088e-05
626 -1.088e-05
632 -1.08e-05
637 -1.09e-05
642 -1.089e-05
647 -1.081e-05
652 -1.088e-05
658 -1.0905e-05
663 -1.0965e-05
668 -1.1115e-05
673 -1.1315e-05
678 -1.1265e-05
684 -1.14415e-05
689 -1.15715e-05
694 -1.16915e-05
699 -1.17365e-05
704 -1.18265e-05
710 -1.2e-05
715 -1.212e-05
720 -1.2195e-05
725 -1.2245e-05
731 -1.2245e-05
736 -1.2335e-05
741 -1.22265e-05
746 -1.21065e-05
752 -1.21465e-05
757 -1.20365e-05
762 -1.21315e-05
767 -1.19165e-05
773 -1.18265e-05
778 -1.17965e-05
783 -1.19365e-05
788 -1.19165e-05
794 -1.17665e-05
799 -1.17565e-05
804 -1.18515e-05
809 -1.18615e-05
814 -1.19015e-05
820 -1.18215e-05
825 -1.19465e-05
830 -1.19965e-05
835 -1.19465e-05
840 -1.19865e-05
846 -1.2135e-05
851 -1.219e-05
856 -1.225e-05
861 -1.231e-05
866 -1.23e-05
872 -1.241e-05
877 -1.241e-05
882 -1.231e-05
888 -1.225e-05
893 -1.2175e-05
898 -1.2285e-05
904 -1.2235e-05
909 -1.2215e-05
914 -1.2195e-05
919 -1.2075e-05
925 -1.2215e-05
930 -1.216e-05
936 -1.22e-05
941 -1.236e-05
947 -1.229e-05
952 -1.235e-05
957 -1.2505e-05
962 -1.2535e-05
967 -1.2475e-05
973 -1.2515e-05
978 -1.271e-05
984 -1.274e-05
989 -1.285e-05
995 -1.26635e-05
1000 -1.27685e-05
1010 -1.27585e-05
1010 -1.27585e-05
1020 -1.27185e-05
1020 -1.257e-05
1030 -1.261e-05
1030 -1.249e-05
1040 -1.2365e-05
1040 -1.2255e-05
1050 -1.20035e-05
1050 -1.19935e-05
1060 -1.18935e-05
1060 -1.17935e-05
1070 -1.1617e-05
1070 -1.1657e-05
1080 -1.1597e-05
1080 -1.1357e-05
1090 -1.1197e-05
1090 -1.1137e-05
1100 -1.13135e-05
1100 -1.12435e-05
1110 -1.11735e-05
1110 -1.10385e-05
1120 -1.09085e-05
1130 -1.1017e-05
1130 -1.1017e-05
1140 -1.1077e-05
1140 -1.1157e-05
1150 -1.1237e-05
1150 -1.14385e-05
1160 -1.15285e-05
1160 -1.15685e-05
1170 -1.15035e-05
1170 -1.166e-05
1180 -1.172e-05
1180 -1.179e-05
1190 -1.186e-05
1190 -1.199e-05
1200 -1.195e-05
1200 -1.199e-05
1210 -1.194e-05
1210 -1.202e-05
1220 -1.2095e-05
1220 -1.2265e-05
1230 -1.2285e-05
1230 -1.2225e-05
1240 -1.2235e-05
1250 -1.2345e-05
1250 -1.2335e-05
1260 -1.2295e-05
1260 -1.217e-05
1270 -1.217e-05
1270 -1.2285e-05
1280 -1.218e-05
1280 -1.218e-05
1290 -1.216e-05
1290 -1.224e-05
1300 -1.225e-05
1300 -1.226e-05
1310 -1.227e-05
1320 -1.234e-05
1320 -1.235e-05
1330 -1.2335e-05
1330 -1.2225e-05
1340 -1.2255e-05
1340 -1.2215e-05
1350 -1.2185e-05
1350 -1.2175e-05
1360 -1.2075e-05
1360 -1.2115e-05
1370 -1.225e-05
1370 -1.2125e-05
1380 -1.2125e-05
1380 -1.223e-05
1390 -1.224e-05
1390 -1.20645e-05
1400 -1.20845e-05
1400 -1.19345e-05
1410 -1.19745e-05
1420 -1.19545e-05
1420 -1.18745e-05
1430 -1.18845e-05
1430 -1.19795e-05
1440 -1.19745e-05
1440 -1.19445e-05
1450 -1.20645e-05
1450 -1.19545e-05
1460 -1.18295e-05
1460 -1.19095e-05
1470 -1.18595e-05
1480 -1.17495e-05
1480 -1.18445e-05
1490 -1.17145e-05
1490 -1.16745e-05
1500 -1.16245e-05
1500 -1.177e-05
1510 -1.171e-05
1510 -1.1725e-05
1520 -1.1745e-05
1520 -1.1725e-05
1530 -1.1725e-05
1530 -1.1675e-05
1540 -1.1565e-05
1550 -1.166e-05
1550 -1.164e-05
1560 -1.1535e-05
1560 -1.1655e-05
1570 -1.17e-05
1570 -1.172e-05
1580 -1.175e-05
1580 -1.1765e-05
1590 -1.1855e-05
1590 -1.2025e-05
1600 -1.2125e-05
1600 -1.2225e-05
1610 -1.218e-05
1610 -1.213e-05
1620 -1.2315e-05
1620 -1.2375e-05
1630 -1.2345e-05
1640 -1.2495e-05
1640 -1.2565e-05
1650 -1.261e-05
1650 -1.267e-05
1660 -1.276e-05
1660 -1.2885e-05
1670 -1.278e-05
1670 -1.285e-05
1680 -1.271e-05
1680 -1.2605e-05
1690 -1.267e-05
1690 -1.261e-05
1700 -1.257e-05
1700 -1.249e-05
1710 -1.229e-05
1710 -1.2315e-05
1720 -1.2385e-05
1720 -1.2345e-05
1730 -1.2285e-05
1740 -1.2235e-05
1740 -1.2145e-05
1750 -1.196e-05
1750 -1.2005e-05
1760 -1.1835e-05
1760 -1.1785e-05
1770 -1.1795e-05
1770 -1.181e-05
1780 -1.181e-05
1780 -1.192e-05
1790 -1.1875e-05
1790 -1.1885e-05
1800 -1.1755e-05
1800 -1.1715e-05
1810 -1.1705e-05
1810 -1.1785e-05
1820 -1.1695e-05
1820 -1.1645e-05
1830 -1.1585e-05
1830 -1.1545e-05
1840 -1.1505e-05
1840 -1.1405e-05
1850 -1.149e-05
1860 -1.151e-05
1860 -1.159e-05
1870 -1.145e-05
1870 -1.1325e-05
1880 -1.1385e-05
1880 -1.1365e-05
1890 -1.1365e-05
1890 -1.1555e-05
1900 -1.13315e-05
1900 -1.14915e-05
1910 -1.15215e-05
1910 -1.15515e-05
1920 -1.14965e-05
1920 -1.16365e-05
1930 -1.17065e-05
1930 -1.17465e-05
1940 -1.17015e-05
1940 -1.18915e-05
1950 -1.20315e-05
1950 -1.19315e-05
1960 -1.18415e-05
1960 -1.18715e-05
1970 -1.20115e-05
1980 -1.21065e-05
1980 -1.21665e-05
1990 -1.20665e-05
1990 -1.20565e-05
2000 -1.18765e-05
2000 -1.208e-05
2010 -1.202e-05
2010 -1.1925e-05
2020 -1.1915e-05
2020 -1.204e-05
2030 -1.195e-05
2030 -1.197e-05
2040 -1.188e-05
2040 -1.2165e-05
2050 -1.2075e-05
2050 -1.2125e-05
2060 -1.231e-05
2060 -1.232e-05
2070 -1.235e-05
2070 -1.235e-05
2080 -1.23e-05
2090 -1.232e-05
2090 -1.2345e-05
2100 -1.2425e-05
2100 -1.2595e-05
2110 -1.2535e-05
2110 -1.2665e-05
2120 -1.282e-05
2130 -1.292e-05
2130 -1.285e-05
2140 -1.3e-05
2140 -1.2915e-05
2150 -1.3015e-05
2150 -1.2875e-05
2160 -1.2915e-05
2160 -1.276e-05
2170 -1.2705e-05
2170 -1.2785e-05
2180 -1.2675e-05
2180 -1.2665e-05
2190 -1.2725e-05
2190 -1.258e-05
2200 -1.2655e-05
2200 -1.2595e-05
2210 -1.2585e-05
2220 -1.2565e-05
2220 -1.2475e-05
2230 -1.2395e-05
2230 -1.2175e-05
2240 -1.2215e-05
2240 -1.2145e-05
2250 -1.207e-05
2250 -1.202e-05
2260 -1.196e-05
2260 -1.191e-05
2270 -1.1875e-05
2270 -1.1755e-05
2280 -1.1705e-05
2280 -1.1785e-05
2290 -1.1765e-05
2290 -1.165e-05
2300 -1.15985e-05
2300 -1.15985e-05
2310 -1.15885e-05
2310 -1.15585e-05
2320 -1.16185e-05
2330 -1.14685e-05
2330 -1.14485e-05
2340 -1.15485e-05
2340 -1.141e-05
2350 -1.136e-05
2350 -1.149e-05
2360 -1.139e-05
2360 -1.143e-05
2370 -1.137e-05
2370 -1.151e-05
2380 -1.161e-05
2380 -1.153e-05
2390 -1.149e-05
2390 -1.147e-05
2400 -1.1535e-05
2400 -1.15215e-05
2410 -1.1403e-05
2420 -1.1393e-05
2420 -1.1333e-05
2430 -1.1383e-05
2430 -1.1353e-05
2440 -1.12545e-05
2440 -1.12245e-05
2450 -1.1293e-05
2450 -1.1303e-05
2460 -1.1253e-05
2460 -1.1153e-05
2470 -1.1113e-05
2470 -1.1203e-05
2480 -1.1203e-05
2480 -1.1223e-05
2490 -1.1263e-05
2490 -1.1343e-05
2500 -1.1463e-05
2500 -1.1583e-05
2510 -1.1813e-05
2510 -1.18815e-05
2520 -1.18315e-05
2520 -1.19515e-05
2530 -1.19515e-05
2530 -1.21215e-05
2540 -1.2145e-05
2550 -1.2225e-05
2550 -1.219e-05
2560 -1.222e-05
2560 -1.224e-05
2570 -1.246e-05
2570 -1.2355e-05
2580 -1.2225e-05
2580 -1.2195e-05
2590 -1.2175e-05
2590 -1.2235e-05
2600 -1.209e-05
2600 -1.187e-05
2610 -1.178e-05
2610 -1.169e-05
2620 -1.173e-05
2620 -1.168e-05
2630 -1.163e-05
2630 -1.163e-05
2640 -1.163e-05
2640 -1.1785e-05
2650 -1.169e-05
2660 -1.1845e-05
2660 -1.1905e-05
2670 -1.1985e-05
2670 -1.2065e-05
2680 -1.21e-05
2680 -1.224e-05
2690 -1.228e-05
2690 -1.228e-05
2700 -1.219e-05
2700 -1.2185e-05
2710 -1.2335e-05
2710 -1.2315e-05
2720 -1.2205e-05
2720 -1.208e-05
2730 -1.218e-05
2730 -1.218e-05
2740 -1.217e-05
2740 -1.217e-05
2750 -1.205e-05
2750 -1.2135e-05
2760 -1.2125e-05
2760 -1.1985e-05
2770 -1.1925e-05
2780 -1.174e-05
2780 -1.183e-05
2790 -1.185e-05
2790 -1.184e-05
2800 -1.16965e-05
2800 -1.18465e-05
2810 -1.20065e-05
2810 -1.20765e-05
2820 -1.22165e-05
2820 -1.23865e-05
2830 -1.25015e-05
2830 -1.26715e-05
2840 -1.27315e-05
2840 -1.28115e-05
2850 -1.28715e-05
2850 -1.28965e-05
2860 -1.28365e-05
2860 -1.28965e-05
2870 -1.30465e-05
2870 -1.32165e-05
2880 -1.32615e-05
2890 -1.31615e-05
2890 -1.31915e-05
2900 -1.33415e-05
2900 -1.3455e-05
2910 -1.333e-05
2910 -1.321e-05
2920 -1.314e-05
2920 -1.31e-05
2930 -1.309e-05
2930 -1.3115e-05
2940 -1.2875e-05
2940 -1.2885e-05
2950 -1.2715e-05
2950 -1.2655e-05
2960 -1.275e-05
2960 -1.278e-05
2970 -1.258e-05
2970 -1.244e-05
2980 -1.23e-05
2980 -1.24e-05
2990 -1.252e-05
2990 -1.249e-05
3000 -1.225e-05
3010 -1.237e-05
3010 -1.2535e-05
3020 -1.265e-05
3020 -1.266e-05
3030 -1.274e-05
3030 -1.2715e-05
3040 -1.283e-05
3040 -1.288e-05
3050 -1.291e-05
3050 -1.307e-05
3060 -1.299e-05
3060 -1.303e-05
3070 -1.31e-05
3070 -1.325e-05
3080 -1.3285e-05
3080 -1.3345e-05
3090 -1.3285e-05
3090 -1.3325e-05
3100 -1.3415e-05
3100 -1.33485e-05
3110 -1.33485e-05
3120 -1.34285e-05
3120 -1.34035e-05
3130 -1.33535e-05
3130 -1.31485e-05
3140 -1.32035e-05
3140 -1.31635e-05
3150 -1.32935e-05
3150 -1.32735e-05
3160 -1.31485e-05
3160 -1.32685e-05
3170 -1.32485e-05
3170 -1.32485e-05
3180 -1.32685e-05
3180 -1.32835e-05
3190 -1.32735e-05
3190 -1.33835e-05
3200 -1.33335e-05
3200 -1.33435e-05
3210 -1.3525e-05
3210 -1.3495e-05
3220 -1.3395e-05
3220 -1.3465e-05
3230 -1.3505e-05
3240 -1.3525e-05
3240 -1.3485e-05
3250 -1.3475e-05
3250 -1.3435e-05
3260 -1.3375e-05
3260 -1.32485e-05
3270 -1.32485e-05
3270 -1.32285e-05
3280 -1.32285e-05
3280 -1.31985e-05
3290 -1.31635e-05
3290 -1.31535e-05
3300 -1.31235e-05
3300 -1.31335e-05
3310 -1.30635e-05
3310 -1.29635e-05
3320 -1.29735e-05
3320 -1.29135e-05
3330 -1.29235e-05
3330 -1.28735e-05
3340 -1.28885e-05
3350 -1.29285e-05
3350 -1.29585e-05
3360 -1.29885e-05
3360 -1.30385e-05
3370 -1.317e-05
3370 -1.334e-05
3380 -1.31535e-05
3380 -1.33435e-05
3390 -1.32735e-05
3390 -1.33585e-05
3400 -1.33985e-05
3400 -1.34185e-05
3410 -1.33685e-05
3410 -1.33885e-05
3420 -1.35235e-05
3420 -1.34335e-05
3430 -1.34935e-05
3430 -1.34535e-05
3440 -1.34135e-05
3450 -1.35235e-05
3450 -1.35835e-05
3460 -1.36035e-05
3460 -1.34935e-05
3470 -1.33935e-05
3470 -1.35435e-05
3480 -1.34335e-05
3480 -1.369e-05
3490 -1.3425e-05
3490 -1.3585e-05
3500 -1.3695e-05
3500 -1.359e-05
3510 -1.383e-05
3510 -1.373e-05
3520 -1.393e-05
3520 -1.4e-05
3530 -1.407e-05
3530 -1.4025e-05
3540 -1.4115e-05
3550 -1.429e-05
3550 -1.43e-05
3560 -1.427e-05
3560 -1.41e-05
3570 -1.421e-05
3570 -1.419e-05
3580 -1.415e-05
3580 -1.405e-05
3590 -1.37515e-05
3590 -1.39565e-05
3600 -1.37315e-05
3610 -1.36215e-05
3610 -1.35215e-05
3620 -1.32215e-05
3620 -1.33315e-05
3630 -1.30715e-05
3630 -1.28515e-05
3640 -1.27953333333333e-05
3640 -1.2682e-05
3650 -1.24553333333333e-05
3650 -1.2423e-05
3660 -1.2123e-05
3670 -1.188e-05
3670 -1.23e-05
3680 -1.19e-05
3680 -1.20666666666667e-05
3690 -1.1e-05
