168 -2.6e-06
173 -4.1e-06
178 -3.946e-06
183 -4.266e-06
189 -4.32e-06
194 -4.62e-06
199 -4.86e-06
204 -5.04e-06
209 -4.92e-06
215 -5.247e-06
220 -5.467e-06
225 -5.667e-06
230 -5.987e-06
236 -5.927e-06
241 -6.32e-06
246 -6.52e-06
251 -6.54e-06
256 -6.72e-06
262 -7.02e-06
267 -7.027e-06
272 -7.047e-06
277 -7.087e-06
282 -7.087e-06
287 -7.254e-06
293 -7.134e-06
298 -7.214e-06
303 -7.454e-06
308 -7.361e-06
314 -7.261e-06
319 -7.454e-06
324 -7.594e-06
329 -7.494e-06
335 -7.381e-06
340 -7.574e-06
345 -7.794e-06
350 -7.654e-06
355 -7.694e-06
361 -7.794e-06
366 -8.034e-06
371 -8.014e-06
376 -8.154e-06
381 -8.454e-06
387 -8.62e-06
392 -8.58e-06
397 -8.8e-06
402 -9.22e-06
407 -9.4e-06
413 -9.533e-06
418 -9.653e-06
423 -9.693e-06
428 -9.853e-06
433 -9.913e-06
439 -9.997e-06
444 -1.0237e-05
449 -1.0037e-05
454 -9.784e-06
459 -9.764e-06
465 -9.924e-06
470 -1.0004e-05
475 -1.0244e-05
481 -9.894e-06
486 -9.914e-06
491 -1.0097e-05
496 -1.0157e-05
501 -1.0437e-05
507 -1.047e-05
512 -1.029e-05
517 -1.037e-05
522 -1.037e-05
527 -1.041e-05
533 -1.0643e-05
538 -1.0703e-05
543 -1.0583e-05
548 -1.0663e-05
553 -1.0683e-05
559 -1.0783e-05
564 -1.1123e-05
569 -1.1203e-05
574 -1.1243e-05
579 -1.1083e-05
585 -1.126e-05
590 -1.13e-05
595 -1.126e-05
600 -1.124e-05
606 -1.1027e-05
611 -1.1167e-05
616 -1.1047e-05
621 -1.0867e-05
626 -1.0807e-05
632 -1.074e-05
637 -1.062e-05
642 -1.034e-05
647 -1.05e-05
652 -1.052e-05
658 -1.0573e-05
663 -1.0633e-05
668 -1.0733e-05
673 -1.0753e-05
678 -1.0953e-05
684 -1.107e-05
689 -1.131e-05
694 -1.189e-05
699 -1.213e-05
704 -1.201e-05
710 -1.231e-05
715 -1.251e-05
720 -1.265e-05
725 -1.272e-05
731 -1.27e-05
736 -1.293e-05
741 -1.293e-05
746 -1.25e-05
752 -1.236e-05
757 -1.248e-05
762 -1.236e-05
767 -1.1943e-05
773 -1.1563e-05
778 -1.1573e-05
783 -1.1373e-05
788 -1.1333e-05
794 -1.0903e-05
799 -1.1153e-05
804 -1.1233e-05
809 -1.1393e-05
814 -1.1473e-05
820 -1.159e-05
825 -1.195e-05
830 -1.213e-05
835 -1.235e-05
840 -1.247e-05
846 -1.274e-05
851 -1.274e-05
856 -1.276e-05
861 -1.25e-05
866 -1.25e-05
872 -1.268e-05
877 -1.243e-05
882 -1.237e-05
888 -1.227e-05
893 -1.213e-05
898 -1.208e-05
904 -1.208e-05
909 -1.186e-05
914 -1.2e-05
919 -1.185e-05
925 -1.189e-05
930 -1.204e-05
936 -1.206e-05
941 -1.212e-05
947 -1.202e-05
952 -1.235e-05
957 -1.224e-05
962 -1.254e-05
967 -1.272e-05
973 -1.273e-05
978 -1.281e-05
984 -1.297e-05
989 -1.301e-05
995 -1.283e-05
1000 -1.301e-05
1010 -1.307e-05
1010 -1.324e-05
1020 -1.316e-05
1020 -1.2607e-05
1030 -1.2807e-05
1030 -1.2707e-05
1040 -1.2547e-05
1040 -1.2427e-05
1050 -1.231e-05
1050 -1.221e-05
1060 -1.191e-05
1060 -1.149e-05
1070 -1.135e-05
1070 -1.14e-05
1080 -1.118e-05
1080 -1.108e-05
1090 -1.104e-05
1090 -1.0807e-05
1100 -1.1004e-05
1100 -1.0984e-05
1110 -1.0804e-05
1110 -1.0904e-05
1120 -1.0924e-05
1130 -1.1227e-05
1130 -1.1307e-05
1140 -1.1267e-05
1140 -1.1037e-05
1150 -1.101e-05
1150 -1.103e-05
1160 -1.105e-05
1160 -1.135e-05
1170 -1.141e-05
1170 -1.155e-05
1180 -1.165e-05
1180 -1.175e-05
1190 -1.187e-05
1190 -1.197e-05
1200 -1.231e-05
1200 -1.241e-05
1210 -1.253e-05
1210 -1.237e-05
1220 -1.257e-05
1220 -1.235e-05
1230 -1.233e-05
1230 -1.213e-05
1240 -1.217e-05
1250 -1.222e-05
1250 -1.222e-05
1260 -1.216e-05
1260 -1.192e-05
1270 -1.21e-05
1270 -1.212e-05
1280 -1.232e-05
1280 -1.226e-05
1290 -1.221e-05
1290 -1.217e-05
1300 -1.235e-05
1300 -1.214e-05
1310 -1.22e-05
1320 -1.24e-05
1320 -1.238e-05
1330 -1.238e-05
1330 -1.22e-05
1340 -1.228e-05
1340 -1.247e-05
1350 -1.253e-05
1350 -1.232e-05
1360 -1.231e-05
1360 -1.231e-05
1370 -1.203e-05
1370 -1.199e-05
1380 -1.197e-05
1380 -1.195e-05
1390 -1.195e-05
1390 -1.203e-05
1400 -1.172e-05
1400 -1.193e-05
1410 -1.215e-05
1420 -1.217e-05
1420 -1.2099e-05
1430 -1.2179e-05
1430 -1.1899e-05
1440 -1.1999e-05
1440 -1.1959e-05
1450 -1.1719e-05
1450 -1.2049e-05
1460 -1.2029e-05
1460 -1.1799e-05
1470 -1.1719e-05
1480 -1.203e-05
1480 -1.173e-05
1490 -1.176e-05
1490 -1.182e-05
1500 -1.176e-05
1500 -1.178e-05
1510 -1.164e-05
1510 -1.14e-05
1520 -1.155e-05
1520 -1.153e-05
1530 -1.151e-05
1530 -1.169e-05
1540 -1.169e-05
1550 -1.167e-05
1550 -1.169e-05
1560 -1.167e-05
1560 -1.171e-05
1570 -1.173e-05
1570 -1.177e-05
1580 -1.175e-05
1580 -1.156e-05
1590 -1.162e-05
1590 -1.171e-05
1600 -1.177e-05
1600 -1.181e-05
1610 -1.186e-05
1610 -1.2e-05
1620 -1.232e-05
1620 -1.248e-05
1630 -1.27e-05
1640 -1.28e-05
1640 -1.264e-05
1650 -1.292e-05
1650 -1.298e-05
1660 -1.288e-05
1660 -1.313e-05
1670 -1.313e-05
1670 -1.29e-05
1680 -1.286e-05
1680 -1.282e-05
1690 -1.297e-05
1690 -1.292e-05
1700 -1.278e-05
1700 -1.244e-05
1710 -1.233e-05
1710 -1.221e-05
1720 -1.209e-05
1720 -1.224e-05
1730 -1.212e-05
1740 -1.176e-05
1740 -1.166e-05
1750 -1.185e-05
1750 -1.191e-05
1760 -1.213e-05
1760 -1.214e-05
1770 -1.208e-05
1770 -1.183e-05
1780 -1.177e-05
1780 -1.155e-05
1790 -1.181e-05
1790 -1.193e-05
1800 -1.177e-05
1800 -1.171e-05
1810 -1.171e-05
1810 -1.161e-05
1820 -1.169e-05
1820 -1.168e-05
1830 -1.166e-05
1830 -1.186e-05
1840 -1.176e-05
1840 -1.146e-05
1850 -1.152e-05
1860 -1.146e-05
1860 -1.138e-05
1870 -1.14e-05
1870 -1.112e-05
1880 -1.13e-05
1880 -1.136e-05
1890 -1.132e-05
1890 -1.114e-05
1900 -1.119e-05
1900 -1.125e-05
1910 -1.127e-05
1910 -1.135e-05
1920 -1.171e-05
1920 -1.1543e-05
1930 -1.1683e-05
1930 -1.1683e-05
1940 -1.1783e-05
1940 -1.1853e-05
1950 -1.2083e-05
1950 -1.2163e-05
1960 -1.2223e-05
1960 -1.2053e-05
1970 -1.2073e-05
1980 -1.252e-05
1980 -1.218e-05
1990 -1.2e-05
1990 -1.196e-05
2000 -1.217e-05
2000 -1.213e-05
2010 -1.217e-05
2010 -1.191e-05
2020 -1.206e-05
2020 -1.168e-05
2030 -1.164e-05
2030 -1.186e-05
2040 -1.185e-05
2040 -1.187e-05
2050 -1.191e-05
2050 -1.177e-05
2060 -1.177e-05
2060 -1.185e-05
2070 -1.227e-05
2070 -1.247e-05
2080 -1.261e-05
2090 -1.276e-05
2090 -1.279e-05
2100 -1.283e-05
2100 -1.279e-05
2110 -1.283e-05
2110 -1.287e-05
2120 -1.284e-05
2130 -1.258e-05
2130 -1.272e-05
2140 -1.246e-05
2140 -1.257e-05
2150 -1.285e-05
2150 -1.301e-05
2160 -1.291e-05
2160 -1.317e-05
2170 -1.296e-05
2170 -1.319e-05
2180 -1.317e-05
2180 -1.311e-05
2190 -1.306e-05
2190 -1.284e-05
2200 -1.272e-05
2200 -1.234e-05
2210 -1.242e-05
2220 -1.228e-05
2220 -1.22e-05
2230 -1.212e-05
2230 -1.202e-05
2240 -1.206e-05
2240 -1.207e-05
2250 -1.211e-05
2250 -1.207e-05
2260 -1.201e-05
2260 -1.201e-05
2270 -1.201e-05
2270 -1.194e-05
2280 -1.192e-05
2280 -1.19e-05
2290 -1.176e-05
2290 -1.168e-05
2300 -1.14e-05
2300 -1.134e-05
2310 -1.156e-05
2310 -1.152e-05
2320 -1.129e-05
2330 -1.1257e-05
2330 -1.1277e-05
2340 -1.1277e-05
2340 -1.1357e-05
2350 -1.1557e-05
2350 -1.1537e-05
2360 -1.1557e-05
2360 -1.1537e-05
2370 -1.13e-05
2370 -1.143e-05
2380 -1.1723e-05
2380 -1.1503e-05
2390 -1.1583e-05
2390 -1.1383e-05
2400 -1.1463e-05
2400 -1.1683e-05
2410 -1.1503e-05
2420 -1.1443e-05
2420 -1.164e-05
2430 -1.164e-05
2430 -1.132e-05
2440 -1.1303e-05
2440 -1.1203e-05
2450 -1.1283e-05
2450 -1.1303e-05
2460 -1.1023e-05
2460 -1.1006e-05
2470 -1.1006e-05
2470 -1.0946e-05
2480 -1.0966e-05
2480 -1.1186e-05
2490 -1.1003e-05
2490 -1.1023e-05
2500 -1.1123e-05
2500 -1.1103e-05
2510 -1.1423e-05
2510 -1.152e-05
2520 -1.168e-05
2520 -1.198e-05
2530 -1.22e-05
2530 -1.244e-05
2540 -1.276e-05
2550 -1.264e-05
2550 -1.278e-05
2560 -1.28e-05
2560 -1.282e-05
2570 -1.277e-05
2570 -1.277e-05
2580 -1.24e-05
2580 -1.224e-05
2590 -1.204e-05
2590 -1.216e-05
2600 -1.207e-05
2600 -1.167e-05
2610 -1.159e-05
2610 -1.153e-05
2620 -1.17e-05
2620 -1.141e-05
2630 -1.134e-05
2630 -1.132e-05
2640 -1.134e-05
2640 -1.13e-05
2650 -1.129e-05
2660 -1.159e-05
2660 -1.167e-05
2670 -1.173e-05
2670 -1.187e-05
2680 -1.197e-05
2680 -1.235e-05
2690 -1.249e-05
2690 -1.263e-05
2700 -1.283e-05
2700 -1.291e-05
2710 -1.289e-05
2710 -1.289e-05
2720 -1.283e-05
2720 -1.251e-05
2730 -1.24e-05
2730 -1.232e-05
2740 -1.214e-05
2740 -1.178e-05
2750 -1.133e-05
2750 -1.145e-05
2760 -1.147e-05
2760 -1.145e-05
2770 -1.151e-05
2780 -1.159e-05
2780 -1.187e-05
2790 -1.193e-05
2790 -1.183e-05
2800 -1.207e-05
2800 -1.215e-05
2810 -1.221e-05
2810 -1.223e-05
2820 -1.223e-05
2820 -1.1883e-05
2830 -1.2103e-05
2830 -1.2143e-05
2840 -1.2223e-05
2840 -1.2603e-05
2850 -1.2703e-05
2850 -1.2853e-05
2860 -1.3133e-05
2860 -1.3233e-05
2870 -1.3393e-05
2870 -1.386e-05
2880 -1.369e-05
2890 -1.353e-05
2890 -1.357e-05
2900 -1.349e-05
2900 -1.373e-05
2910 -1.367e-05
2910 -1.319e-05
2920 -1.315e-05
2920 -1.329e-05
2930 -1.305e-05
2930 -1.297e-05
2940 -1.289e-05
2940 -1.271e-05
2950 -1.271e-05
2950 -1.245e-05
2960 -1.256e-05
2960 -1.256e-05
2970 -1.262e-05
2970 -1.214e-05
2980 -1.226e-05
2980 -1.253e-05
2990 -1.267e-05
2990 -1.245e-05
3000 -1.217e-05
3010 -1.215e-05
3010 -1.224e-05
3020 -1.248e-05
3020 -1.236e-05
3030 -1.236e-05
3030 -1.248e-05
3040 -1.254e-05
3040 -1.263e-05
3050 -1.287e-05
3050 -1.331e-05
3060 -1.328e-05
3060 -1.342e-05
3070 -1.328e-05
3070 -1.346e-05
3080 -1.378e-05
3080 -1.35e-05
3090 -1.352e-05
3090 -1.357e-05
3100 -1.363e-05
3100 -1.326e-05
3110 -1.341e-05
3120 -1.315e-05
3120 -1.337e-05
3130 -1.337e-05
3130 -1.2917e-05
3140 -1.3197e-05
3140 -1.3337e-05
3150 -1.3237e-05
3150 -1.3077e-05
3160 -1.3037e-05
3160 -1.2997e-05
3170 -1.3177e-05
3170 -1.3217e-05
3180 -1.3177e-05
3180 -1.338e-05
3190 -1.334e-05
3190 -1.316e-05
3200 -1.326e-05
3200 -1.346e-05
3210 -1.353e-05
3210 -1.355e-05
3220 -1.359e-05
3220 -1.345e-05
3230 -1.351e-05
3240 -1.367e-05
3240 -1.365e-05
3250 -1.363e-05
3250 -1.367e-05
3260 -1.355e-05
3260 -1.352e-05
3270 -1.342e-05
3270 -1.336e-05
3280 -1.342e-05
3280 -1.324e-05
3290 -1.2827e-05
3290 -1.2847e-05
3300 -1.2827e-05
3300 -1.2787e-05
3310 -1.2847e-05
3310 -1.2807e-05
3320 -1.2887e-05
3320 -1.2887e-05
3330 -1.2847e-05
3330 -1.2887e-05
3340 -1.31e-05
3350 -1.31e-05
3350 -1.3e-05
3360 -1.306e-05
3360 -1.29e-05
3370 -1.297e-05
3370 -1.297e-05
3380 -1.303e-05
3380 -1.313e-05
3390 -1.319e-05
3390 -1.324e-05
3400 -1.358e-05
3400 -1.3307e-05
3410 -1.3627e-05
3410 -1.3647e-05
3420 -1.3747e-05
3420 -1.3827e-05
3430 -1.3807e-05
3430 -1.3607e-05
3440 -1.3587e-05
3450 -1.3807e-05
3450 -1.3287e-05
3460 -1.368e-05
3460 -1.328e-05
3470 -1.318e-05
3470 -1.33e-05
3480 -1.334e-05
3480 -1.34e-05
3490 -1.338e-05
3490 -1.32e-05
3500 -1.328e-05
3500 -1.358e-05
3510 -1.37e-05
3510 -1.357e-05
3520 -1.399e-05
3520 -1.409e-05
3530 -1.384e-05
3530 -1.426e-05
3540 -1.408e-05
3550 -1.466e-05
3550 -1.472e-05
3560 -1.456e-05
3560 -1.435e-05
3570 -1.466e-05
3570 -1.459e-05
3580 -1.451e-05
3580 -1.47e-05
3590 -1.394e-05
3590 -1.434e-05
3600 -1.372e-05
3610 -1.358e-05
3610 -1.354e-05
3620 -1.3153e-05
3620 -1.3253e-05
3630 -1.2873e-05
3630 -1.2733e-05
3640 -1.2343e-05
3640 -1.2503e-05
3650 -1.2323e-05
3650 -1.2423e-05
3660 -1.2123e-05
3670 -1.188e-05
3670 -1.23e-05
3680 -1.19e-05
3680 -1.20666666666667e-05
3690 -1.1e-05
