                    1     2.5000000000000001E-003     1.3148327044000405     
                    2     7.4999999999999997E-003     1.3091810097693095     
                    3     1.2500000000000001E-002     1.3035129227043907     
                    4     1.7500000000000002E-002     1.2978282703094246     
                    5     2.2499999999999999E-002     1.2921268874426237     
                    6     2.7500000000000000E-002     1.2864085951302058     
                    7     3.2500000000000001E-002     1.2806732221826145     
                    8     3.7500000000000006E-002     1.2749205832375734     
                    9     4.2499999999999996E-002     1.2691505007428687     
                   10     4.7500000000000001E-002     1.2633627826162472     
                   11     5.2500000000000005E-002     1.2575572446064669     
                   12     5.7499999999999996E-002     1.2517336875571488     
                   13     6.2500000000000000E-002     1.2458919201583472     
                   14     6.7500000000000004E-002     1.2400317358008079     
                   15     7.2500000000000009E-002     1.2341529357308891     
                   16     7.7499999999999999E-002     1.2282553054809791     
                   17     8.2500000000000004E-002     1.2223386384412098     
                   18     8.7499999999999994E-002     1.2164027118510385     
                   19     9.2499999999999999E-002     1.2104473108018525     
                   20     9.7500000000000003E-002     1.2044722037739084     
                   21    0.10250000000000001          1.1984771670846213     
                   22    0.10750000000000000          1.1924619599541919     
                   23    0.11250000000000000          1.1864263494151155     
                   24    0.11749999999999999          1.1803700848888936     
                   25    0.12250000000000000          1.1742929235730797     
                   26    0.12750000000000000          1.1681946045104783     
                   27    0.13250000000000001          1.1620748744708829     
                   28    0.13750000000000001          1.1559334614930816     
                   29    0.14250000000000002          1.1497701012793342     
                   30    0.14749999999999999          1.1435845101893389     
                   31    0.15250000000000000          1.1373764121664505     
                   32    0.15750000000000000          1.1311455111615025     
                   33    0.16250000000000001          1.1248915186107791     
                   34    0.16750000000000001          1.1186141252662192     
                   35    0.17250000000000001          1.1123130292462489     
                   36    0.17749999999999999          1.1059879072474068     
                   37    0.18250000000000000          1.0996384431902966     
                   38    0.18750000000000000          1.0932642987860659     
                   39    0.19250000000000000          1.0868651428009803     
                   40    0.19750000000000001          1.0804406209494259     
                   41    0.20250000000000001          1.0739903858019297     
                   42    0.20750000000000002          1.0675140659744384     
                   43    0.21249999999999999          1.0610112967060314     
                   44    0.21750000000000000          1.0544816883121246     
                   45    0.22250000000000000          1.0479248574596394     
                   46    0.22750000000000001          1.0413403948494757     
                   47    0.23250000000000001          1.0347278972185254     
                   48    0.23749999999999999          1.0280869342142263     
                   49    0.24249999999999999          1.0214170811545471     
                   50    0.24750000000000000          1.0147178850546377     
                   51    0.25250000000000000          1.0079888981777765     
                   52    0.25750000000000001          1.0012296431710426     
                   53    0.26250000000000001         0.99443964744221192     
                   54    0.26750000000000002         0.98761840735794870     
                   55    0.27250000000000002         0.98076542348376816     
                   56    0.27750000000000002         0.97388016379443543     
                   57    0.28250000000000003         0.96696209981639103     
                   58    0.28749999999999998         0.96001066879579411     
                   59    0.29249999999999998         0.95302531078523756     
                   60    0.29749999999999999         0.94600542971010881     
                   61    0.30249999999999999         0.93895043144401369     
                   62    0.30750000000000000         0.93185968370877525     
                   63    0.31250000000000000         0.92473255518573683     
                   64    0.31750000000000000         0.91756837417867887     
                   65    0.32250000000000001         0.91036646881108307     
                   66    0.32750000000000001         0.90312612437440187     
                   67    0.33250000000000002         0.89584662466443443     
                   68    0.33750000000000002         0.88852720792958884     
                   69    0.34250000000000003         0.88116710940272913     
                   70    0.34750000000000003         0.87376551575515382     
                   71    0.35250000000000004         0.86632160888360032     
                   72    0.35749999999999998         0.85883451876540895     
                   73    0.36249999999999999         0.85130336856377409     
                   74    0.36749999999999999         0.84372722576770220     
                   75    0.37250000000000000         0.83610514868201635     
                   76    0.37750000000000000         0.82843613572191843     
                   77    0.38250000000000001         0.82071917335758937     
                   78    0.38750000000000001         0.81295318341700329     
                   79    0.39250000000000002         0.80513707255808042     
                   80    0.39750000000000002         0.79726967741434085     
                   81    0.40250000000000002         0.78934981567025087     
                   82    0.40750000000000003         0.78137622886165647     
                   83    0.41250000000000003         0.77334763513191762     
                   84    0.41749999999999998         0.76526266947192756     
                   85    0.42249999999999999         0.75711993823541834     
                   86    0.42749999999999999         0.74891795657057902     
                   87    0.43250000000000000         0.74065520477190483     
                   88    0.43750000000000000         0.73233006261541500     
                   89    0.44250000000000000         0.72394086762069065     
                   90    0.44750000000000001         0.71548584595236719     
                   91    0.45250000000000001         0.70696317265822184     
                   92    0.45750000000000002         0.69837089873812752     
                   93    0.46250000000000002         0.68970701341024365     
                   94    0.46750000000000003         0.68096936687104315     
                   95    0.47250000000000003         0.67215573461891420     
                   96    0.47750000000000004         0.66326373532971594     
                   97    0.48249999999999998         0.65429089723107903     
                   98    0.48749999999999999         0.64523457038938492     
                   99    0.49249999999999999         0.63609199507219971     
                  100    0.49750000000000000         0.62686020757331351     
                  101    0.50249999999999995         0.61753611041503076     
                  102    0.50750000000000006         0.60811637061130019     
                  103    0.51249999999999996         0.59859749143046026     
                  104    0.51750000000000007         0.58897570168751201     
                  105    0.52249999999999996         0.57924702858686117     
                  106    0.52750000000000008         0.56940717620500325     
                  107    0.53249999999999997         0.55945159862236948     
                  108    0.53750000000000009         0.54937536514665530     
                  109    0.54249999999999998         0.53917323245832327     
                  110    0.54750000000000010         0.52883949323489299     
                  111    0.55249999999999999         0.51836804526704872     
                  112    0.55750000000000011         0.50775221881315913     
                  113    0.56250000000000000         0.49698483940394400     
                  114    0.56750000000000012         0.48605802720572433     
                  115    0.57250000000000001         0.47496324818522367     
                  116    0.57750000000000001         0.46369107549363320     
                  117    0.58250000000000002         0.45223122018805495     
                  118    0.58749999999999991         0.44057223924646854     
                  119    0.59250000000000003         0.42870153094109043     
                  120    0.59749999999999992         0.41660496476818187     
                  121    0.60250000000000004         0.40426681541908693     
                  122    0.60749999999999993         0.39166927298627940     
                  123    0.61250000000000004         0.37879226809420963     
                  124    0.61749999999999994         0.36561278818567644     
                  125    0.62250000000000005         0.35210450287275830     
                  126    0.62749999999999995         0.33823674491980671     
                  127    0.63250000000000006         0.32397374967380144     
                  128    0.63749999999999996         0.30927300825247150     
                  129    0.64250000000000007         0.29408370640822096     
                  130    0.64749999999999996         0.27834377857933301     
                  131    0.65250000000000008         0.26197651287188684     
                  132    0.65749999999999997         0.24488453908180510     
                  133    0.66250000000000009         0.22694159315092274     
                  134    0.66749999999999998         0.20797780986372388     
                  135    0.67250000000000010         0.18775565402500183     
                  136    0.67749999999999999         0.16592250642252218     
                  137    0.68250000000000011         0.14191216614345453     
                  138    0.68750000000000000         0.11469128130302725     
                  139    0.69250000000000012          8.1884796353095451E-002
                  140    0.69750000000000001          3.1831727621583990E-002
