                    1     0.0000000000000000          9.7855768249778749E-002
                    2     5.0000000000000001E-003     9.7435571982729202E-002
                    3     1.0000000000000000E-002     9.7013761228528422E-002
                    4     1.4999999999999999E-002     9.6591126068992617E-002
                    5     2.0000000000000000E-002     9.6166850737879436E-002
                    6     2.5000000000000001E-002     9.5741726438984154E-002
                    7     2.9999999999999999E-002     9.5314935381654906E-002
                    8     3.5000000000000003E-002     9.4887269895406454E-002
                    9     4.0000000000000001E-002     9.4457910115347335E-002
                   10     4.4999999999999998E-002     9.4027649499782387E-002
                   11     5.0000000000000003E-002     9.3595666057318769E-002
                   12     5.5000000000000000E-002     9.3162754377365792E-002
                   13     5.9999999999999998E-002     9.2728090287161447E-002
                   14     6.5000000000000002E-002     9.2292469508681335E-002
                   15     7.0000000000000007E-002     9.1855065630130323E-002
                   16     7.4999999999999997E-002     9.1416675506551484E-002
                   17     8.0000000000000002E-002     9.0976470426448089E-002
                   18     8.5000000000000006E-002     9.0535248377350247E-002
                   19     8.9999999999999997E-002     9.0092178284158414E-002
                   20     9.5000000000000001E-002     8.9648059265092020E-002
                   21    0.10000000000000001          8.9202057814064026E-002
                   22    0.10500000000000000          8.8754974176815910E-002
                   23    0.11000000000000000          8.8305972345128950E-002
                   24    0.11500000000000000          8.7855853687558966E-002
                   25    0.12000000000000000          8.7403779618547908E-002
                   26    0.12500000000000000          8.6950552623024785E-002
                   27    0.13000000000000000          8.6495331458485952E-002
                   28    0.13500000000000001          8.6038919717841833E-002
                   29    0.14000000000000001          8.5580473417266656E-002
                   30    0.14499999999999999          8.5120797247065269E-002
                   31    0.14999999999999999          8.4659044392531552E-002
                   32    0.15500000000000000          8.4196020628305321E-002
                   33    0.16000000000000000          8.3730876213603492E-002
                   34    0.16500000000000001          8.3264417991555442E-002
                   35    0.17000000000000001          8.2795793193957315E-002
                   36    0.17500000000000002          8.2325809713441195E-002
                   37    0.17999999999999999          8.1853611646324348E-002
                   38    0.18500000000000000          8.1380007912209271E-002
                   39    0.19000000000000000          8.0904139356527793E-002
                   40    0.19500000000000001          8.0426815899315635E-002
                   41    0.20000000000000001          7.9947175011653535E-002
                   42    0.20500000000000002          7.9466027582943952E-002
                   43    0.20999999999999999          7.8982507577593897E-002
                   44    0.21500000000000000          7.8497426818177840E-002
                   45    0.22000000000000000          7.8009915620350548E-002
                   46    0.22500000000000001          7.7520786697849883E-002
                   47    0.23000000000000001          7.7029166564729287E-002
                   48    0.23500000000000001          7.6535868777280205E-002
                   49    0.23999999999999999          7.6040015883186360E-002
                   50    0.24500000000000000          7.5542422225176306E-002
                   51    0.25000000000000000          7.5042206206572051E-002
                   52    0.25500000000000000          7.4540182891872003E-002
                   53    0.26000000000000001          7.4035466347335696E-002
                   54    0.26500000000000001          7.3528872284805730E-002
                   55    0.27000000000000002          7.3019510224373307E-002
                   56    0.27500000000000002          7.2508196439641417E-002
                   57    0.28000000000000003          7.1994035677078197E-002
                   58    0.28500000000000003          7.1477844673677085E-002
                   59    0.28999999999999998          7.0958723154244563E-002
                   60    0.29499999999999998          7.0437488206110080E-002
                   61    0.29999999999999999          6.9913234261217691E-002
                   62    0.30499999999999999          6.9386778627272175E-002
                   63    0.31000000000000000          6.8857210146006403E-002
                   64    0.31500000000000000          6.8325346196025649E-002
                   65    0.32000000000000001          6.7790269701883926E-002
                   66    0.32500000000000001          6.7252797941025205E-002
                   67    0.33000000000000002          6.6712007560187053E-002
                   68    0.33500000000000002          6.6168715537369291E-002
                   69    0.34000000000000002          6.5621991842437569E-002
                   70    0.34500000000000003          6.5072652925128940E-002
                   71    0.35000000000000003          6.4519761635373846E-002
                   72    0.35499999999999998          6.3964133630147399E-002
                   73    0.35999999999999999          6.3404824145762137E-002
                   74    0.36499999999999999          6.2842647740089935E-002
                   75    0.37000000000000000          6.2276651483664132E-002
                   76    0.37500000000000000          6.1707648479655944E-002
                   77    0.38000000000000000          6.1134677012788900E-002
                   78    0.38500000000000001          6.0558548317713914E-002
                   79    0.39000000000000001          5.9978291194162578E-002
                   80    0.39500000000000002          5.9394714525322349E-002
                   81    0.40000000000000002          5.8806836833964655E-002
                   82    0.40500000000000003          5.8215464086418596E-002
                   83    0.41000000000000003          5.7619603627161550E-002
                   84    0.41500000000000004          5.7020057841422028E-002
                   85    0.41999999999999998          5.6415821864390280E-002
                   86    0.42499999999999999          5.5807693716806030E-002
                   87    0.42999999999999999          5.5194655138905799E-002
                   88    0.43500000000000000          5.4577498859100758E-002
                   89    0.44000000000000000          5.3955191851268465E-002
                   90    0.44500000000000001          5.3328520447417919E-002
                   91    0.45000000000000001          5.2696435259033989E-002
                   92    0.45500000000000002          5.2059714901179811E-002
                   93    0.46000000000000002          5.1417291753179196E-002
                   94    0.46500000000000002          5.0769935124756943E-002
                   95    0.47000000000000003          5.0116556956990022E-002
                   96    0.47500000000000003          4.9457915331804055E-002
                   97    0.47999999999999998          4.8792899129067847E-002
                   98    0.48499999999999999          4.8122252860167185E-002
                   99    0.48999999999999999          4.7444839199101335E-002
                  100    0.49500000000000000          4.6761386210220392E-002
                  101    0.50000000000000000          4.6070726557280971E-002
                  102    0.50500000000000000          4.5373568296188140E-002
                  103    0.51000000000000001          4.4668709432321166E-002
                  104    0.51500000000000001          4.3956833562807961E-002
                  105    0.52000000000000002          4.3236698293841323E-002
                  106    0.52500000000000002          4.2508957145181638E-002
                  107    0.53000000000000003          4.1772320148480341E-002
                  108    0.53500000000000003          4.1027403570667795E-002
                  109    0.54000000000000004          4.0272860781326462E-002
                  110    0.54500000000000004          3.9509261511930238E-002
                  111    0.55000000000000004          3.8735190790220121E-002
                  112    0.55500000000000005          3.7951159627635039E-002
                  113    0.56000000000000005          3.7155669448959816E-002
                  114    0.56500000000000006          3.6349156285352208E-002
                  115    0.57000000000000006          3.5530017642825297E-002
                  116    0.57500000000000007          3.4698592458842603E-002
                  117    0.57999999999999996          3.3853146694997831E-002
                  118    0.58499999999999996          3.2993891458044940E-002
                  119    0.58999999999999997          3.2118922668846903E-002
                  120    0.59499999999999997          3.1228279779121602E-002
                  121    0.59999999999999998          3.0319833473140930E-002
                  122    0.60499999999999998          2.9393387160225149E-002
                  123    0.60999999999999999          2.8446504439130951E-002
                  124    0.61499999999999999          2.7478654619967270E-002
                  125    0.62000000000000000          2.6486967840348295E-002
                  126    0.62500000000000000          2.5470423308088228E-002
                  127    0.63000000000000000          2.4425512684584202E-002
                  128    0.63500000000000001          2.3350463024333145E-002
                  129    0.64000000000000001          2.2240773646339008E-002
                  130    0.64500000000000002          2.1093447625005177E-002
                  131    0.65000000000000002          1.9902330108348593E-002
                  132    0.65500000000000003          1.8662268916669115E-002
                  133    0.66000000000000003          1.7364075634662603E-002
                  134    0.66500000000000004          1.5998354361994319E-002
                  135    0.67000000000000004          1.4549525827249441E-002
                  136    0.67500000000000004          1.2998282167683310E-002
                  137    0.68000000000000005          1.1312227803826621E-002
                  138    0.68500000000000005          9.4409140503412502E-003
                  139    0.69000000000000006          7.2841284313174487E-003
                  140    0.69500000000000006          4.5981322779110418E-003
                  141    0.70000000000000007          0.0000000000000000     
