                    1   0.0000000000000000        1.7390534653917507E-006                       NaN                       NaN
                    2  0.10000000000000001        1.7390534653540984E-006                       NaN                       NaN
                    3  0.20000000000000001        1.7390534652612367E-006                       NaN                       NaN
                    4  0.30000000000000004        1.7390534651275287E-006                       NaN                       NaN
                    5  0.40000000000000002        1.7390534649394713E-006                       NaN                       NaN
                    6  0.50000000000000000        1.7390534646788039E-006                       NaN                       NaN
                    7  0.60000000000000009        1.7390534643209177E-006                       NaN                       NaN
                    8  0.70000000000000007        1.7390534638327912E-006                       NaN                       NaN
                    9  0.80000000000000004        1.7390534631702594E-006                       NaN                       NaN
                   10  0.90000000000000002        1.7390534622744067E-006                       NaN                       NaN
                   11   1.0000000000000000        1.7390534610668526E-006                       NaN                       NaN
                   12   1.1000000000000001        1.7390534594435683E-006                       NaN                       NaN
                   13   1.2000000000000002        1.7390534572668065E-006                       NaN                       NaN
                   14   1.3000000000000000        1.7390534543545921E-006                       NaN                       NaN
                   15   1.4000000000000001        1.7390534504670450E-006                       NaN                       NaN
                   16   1.5000000000000000        1.7390534452886430E-006                       NaN                       NaN
                   17   1.6000000000000001        1.7390534384052734E-006                       NaN                       NaN
                   18   1.7000000000000002        1.7390534292745858E-006                       NaN                       NaN
                   19   1.8000000000000000        1.7390534171878036E-006                       NaN                       NaN
                   20   1.9000000000000001        1.7390534012206238E-006                       NaN                       NaN
                   21   2.0000000000000000        1.7390533801702245E-006                       NaN                       NaN
                   22   2.1000000000000001        1.7390533524746512E-006                       NaN                       NaN
                   23   2.2000000000000002        1.7390533161098465E-006                       NaN                       NaN
                   24   2.3000000000000003        1.7390532684584374E-006                       NaN                       NaN
                   25   2.4000000000000004        1.7390532061428914E-006                       NaN                       NaN
                   26   2.5000000000000000        1.7390531248138087E-006                       NaN                       NaN
                   27   2.6000000000000001        1.7390530188818825E-006                       NaN                       NaN
                   28   2.7000000000000002        1.7390528811792729E-006                       NaN                       NaN
                   29   2.8000000000000003        1.7390527025326884E-006                       NaN                       NaN
                   30   2.9000000000000004        1.7390524712263103E-006                       NaN                       NaN
                   31   3.0000000000000000        1.7390521723275556E-006                       NaN                       NaN
                   32   3.1000000000000001        1.7390517868424008E-006                       NaN                       NaN
                   33   3.2000000000000002        1.7390512906593797E-006                       NaN                       NaN
                   34   3.3000000000000003        1.7390506532320555E-006                       NaN                       NaN
                   35   3.4000000000000004        1.7390498359385452E-006                       NaN                       NaN
                   36   3.5000000000000000        1.7390487900430288E-006                       NaN                       NaN
                   37   3.6000000000000001        1.7390474541676606E-006                       NaN                       NaN
                   38   3.7000000000000002        1.7390457511634122E-006                       NaN                       NaN
                   39   3.8000000000000003        1.7390435842444125E-006                       NaN                       NaN
                   40   3.9000000000000004        1.7390408322214609E-006                       NaN                       NaN
                   41   4.0000000000000000        1.7390373436357603E-006                       NaN                       NaN
                   42   4.1000000000000005        1.7390329295523429E-006                       NaN                       NaN
                   43   4.2000000000000002        1.7390273547228618E-006                       NaN                       NaN
                   44   4.2999999999999998        1.7390203267678676E-006                       NaN                       NaN
                   45   4.4000000000000004        1.7390114829575304E-006                       NaN                       NaN
                   46   4.5000000000000000        1.7390003740848319E-006                       NaN                       NaN
                   47   4.6000000000000005        1.7389864448239601E-006                       NaN                       NaN
                   48   4.7000000000000002        1.7389690098460353E-006                       NaN                       NaN
                   49   4.8000000000000007        1.7389472248206688E-006                       NaN                       NaN
                   50   4.9000000000000004        1.7389200512611017E-006                       NaN                       NaN
                   51   5.0000000000000000        1.7388862139675870E-006                       NaN                       NaN
                   52   5.1000000000000005        1.7388441495824933E-006                       NaN                       NaN
                   53   5.2000000000000002        1.7387919444841064E-006                       NaN                       NaN
                   54   5.3000000000000007        1.7387272599059406E-006                       NaN                       NaN
                   55   5.4000000000000004        1.7386472417646348E-006                       NaN                       NaN
                   56   5.5000000000000000        1.7385484122003019E-006                       NaN                       NaN
                   57   5.6000000000000005        1.7384265392644879E-006                       NaN                       NaN
                   58   5.7000000000000002        1.7382764805159828E-006                       NaN                       NaN
                   59   5.8000000000000007        1.7380919954836243E-006                       NaN                       NaN
                   60   5.9000000000000004        1.7378655210043198E-006                       NaN                       NaN
                   61   6.0000000000000000        1.7375879023154230E-006                       NaN                       NaN
                   62   6.1000000000000005        1.7372480714398321E-006                       NaN                       NaN
                   63   6.2000000000000002        1.7368326628093681E-006                       NaN                       NaN
                   64   6.3000000000000007        1.7363255541793664E-006                       NaN                       NaN
                   65   6.4000000000000004        1.7357073186378023E-006                       NaN                       NaN
                   66   6.5000000000000000        1.7349545708373961E-006                       NaN                       NaN
                   67   6.6000000000000005        1.7340391873976500E-006                       NaN                       NaN
                   68   6.7000000000000002        1.7329273776383821E-006                       NaN                       NaN
                   69   6.8000000000000007        1.7315785763010078E-006                       NaN                       NaN
                   70   6.9000000000000004        1.7299441245501023E-006                       NaN                       NaN
                   71   7.0000000000000000        1.7279656991600390E-006                       NaN                       NaN
                   72   7.1000000000000005        1.7255734421825174E-006                       NaN                       NaN
                   73   7.2000000000000002        1.7226837343245920E-006                       NaN                       NaN
                   74   7.3000000000000007        1.7191965444621297E-006                       NaN                       NaN
                   75   7.4000000000000004        1.7149922748345903E-006                       NaN                       NaN
                   76   7.5000000000000000        1.7099280061127353E-006                       NaN                       NaN
                   77   7.6000000000000005        1.7038330282231981E-006                       NaN                       NaN
                   78   7.7000000000000002        1.6965035209820962E-006                       NaN                       NaN
                   79   7.8000000000000007        1.6876962225531602E-006                       NaN                       NaN
                   80   7.9000000000000004        1.6771208926923952E-006                       NaN                       NaN
                   81   8.0000000000000000        1.6644313407022499E-006                       NaN                       NaN
                   82   8.0999999999999996        1.6492147438386831E-006                       NaN                       NaN
                   83   8.2000000000000011        1.6309789292167969E-006                       NaN                       NaN
                   84   8.3000000000000007        1.6091372294022092E-006                       NaN                       NaN
                   85   8.4000000000000004        1.5829904468975417E-006                       NaN                       NaN
                   86   8.5000000000000000        1.5517053733009394E-006                       NaN                       NaN
                   87   8.5999999999999996        1.5142892022423813E-006                       NaN                       NaN
                   88   8.7000000000000011        1.4695590479742004E-006                       NaN                       NaN
                   89   8.8000000000000007        1.4161056297475808E-006                       NaN                       NaN
                   90   8.9000000000000004        1.3522500011290170E-006                       NaN                       NaN
                   91   9.0000000000000000        1.2759919875756374E-006                       NaN                       NaN
                   92   9.0999999999999996        1.1849487381910937E-006                       NaN                       NaN
                   93   9.2000000000000011        1.0762814906310495E-006                       NaN                       NaN
                   94   9.3000000000000007        9.4660828208999783E-007                       NaN                       NaN
                   95   9.4000000000000004        7.9189990281889690E-007                       NaN                       NaN
                   96   9.5000000000000000        6.0735586815222590E-007                       NaN                       NaN
                   97   9.6000000000000014        3.8725656441706533E-007                       NaN                       NaN
                   98   9.7000000000000011        1.2478698410557160E-007                       NaN                       NaN
                   99   9.8000000000000007       -1.8817341663463200E-007                       NaN                       NaN
                  100   9.9000000000000004       -5.6130125716219033E-007                       NaN                       NaN
                  101   10.000000000000000       -9.1787110449997955E-007                       NaN                       NaN
