#t [s]	St [W/m2]	Ta [_]	wind speed [m/s]	cloud cover [-]	relative humidity [-]				
0	435.45	26	7.78	0	0.5				
3600	386.28	26.7	8.61	0	0.44				
7200	316.75	26.8	8.61	0	0.46				
10800	231.59	26.9	8.33	0	0.47				
14400	136.61	26.2	9.17	0	0.45				
18000	38.28	25.4	7.22	0	0.47				
21600	0.00	23.8	5.28	0	0.57				
25200	0.00	23.2	5.28	0	0.57				
28800	0.00	22.6	3.06	0	0.66				
32400	0.00	22.2	3.06	0	0.72				
36000	0.00	21	3.06	0	0.84				
39600	0.00	21	2.5	0	0.83				
43200	0.00	20.8	4.17	0	0.79				
46800	0.00	19.8	5.28	0	0.87				
50400	0.00	20.4	2.5	0	0.86				
54000	0.00	20.3	2.5	0	0.84				
57600	38.52	20	2.5	0	0.82				
61200	139.92	20.2	1.94	0	0.86				
64800	237.86	21	4.17	0	0.84				
68400	325.68	22	2.5	0	0.78				
72000	397.38	24.4	1.67	0	0.64				
75600	448.08	26.4	1.94	0	0.54				
79200	474.32	27.8	1.94	0	0.44				
82800	474.32	29	1.67	0	0.43				
86400	448.08	30.2	3.06	0	0.43				
90000	397.38	32.1	0	0	0.36				
93600	325.68	32.8	1.94	0	0.33				
97200	237.86	33.2	3.61	0	0.37				
100800	139.92	32.4	3.06	0	0.36				
104400	38.52	32.2	4.72	0	0.34				
108000	0.00	30.5	4.72	0	0.35				
111600	0.00	28.8	4.17	0	0.43				
115200	0.00	27.4	3.06	0	0.48				
118800	0.00	26.4	2.5	0	0.54				
122400	0.00	26	3.61	0	0.55				
126000	0.00	25	3.06	0	0.6				
129600	0.00	23.8	0	0	0.63				
133200	0.00	24	1.94	0	0.64				
136800	0.00	23.9	1.67	0	0.65				
140400	0.00	23	1.94	0	0.68				
144000	38.16	22.3	1.67	0	0.62				
147600	141.27	23.2	1.11	0	0.69				
151200	240.86	25.2	1.67	0	0.62				
154800	330.15	28.4	2.5	0	0.52				
158400	403.06	30	1.11	0	0.49				
162000	454.61	32	1.11	0	0.4				
165600	481.30	34.2	1.67	0	0.35				
169200	481.30	34.6	1.67	0	0.34				
172800	454.61	36.7	1.94	0	0.3				
176400	403.06	38	2.5	0	0.24				
180000	330.15	37.6	2.5	0	0.27				
183600	240.86	38	1.94	0	0.29				
187200	141.27	37.8	3.61	0	0.32				
190800	38.16	36.5	4.72	0	0.27				
194400	0.00	33.7	1.67	0	0.35				
198000	0.00	31.4	1.67	0	0.43				
201600	0.00	33	1.94	0	0.36				
205200	0.00	31	1.11	0	0.41				
208800	0.00	31	2.5	0	0.44				
212400	0.00	30.3	1.67	0	0.45				
216000	0.00	28.8	1.11	0	0.46				
219600	0.00	29	1.94	0	0.44				
223200	0.00	28.2	1.94	0	0.45				
226800	0.00	27.5	3.06	0	0.5				
230400	36.66	26	1.67	0	0.56				
234000	138.53	26.4	3.06	0	0.55				
237600	236.93	30	10.83	0	0.41				
241200	325.16	27.4	12.22	0	0.52				
244800	397.19	29.2	13.89	0	0.45				
248400	448.13	29.4	13.33	0	0.46				
252000	474.50	31.2	12.78	0	0.41				
255600	474.50	31	11.39	0	0.41				
259200	448.13	32.2	11.39	0	0.37				
262800	397.19	32.6	11.39	0	0.35				
266400	325.16	32.8	11.39	0	0.35				
270000	236.93	33	10.83	0	0.35				
273600	138.53	32.8	9.72	0	0.34				
277200	36.66	32.2	8.33	0	0.32				
280800	0.00	30.6	4.72	0	0.36				
284400	0.00	29.4	4.17	0	0.39				
288000	0.00	27.8	3.06	0	0.44				
291600	0.00	26.4	2.5	0	0.5				
295200	0.00	26	2.5	0	0.51				
298800	0.00	25.6	4.17	0	0.51				
302400	0.00	25.4	6.11	0	0.53				
306000	0.00	23.8	4.17	0	0.59				
309600	0.00	23.6	4.17	0	0.64				
313200	0.00	24	5.28	0	0.63				
316800	34.52	23.6	4.17	0	0.65				
320400	133.28	24.3	1.67	0	0.61				
324000	228.66	26.3	4.72	0	0.55				
327600	314.18	27.6	5.56	0	0.53				
331200	384.01	29	6.67	0	0.49				
334800	433.38	30.2	4.17	0	0.36				
338400	458.94	31.3	1.94	0	0.3				
342000	458.94	32	3.06	0	0.3				
345600	433.38	33.4	2.5	0	0.28				
349200	384.01	34.4	2.5	0	0.28				
352800	314.18	35	1.67	0	0.29				
356400	228.66	35.5	1.11	0	0.27				
360000	133.28	35.4	1.67	0	0.27				
363600	34.52	33.8	2.5	0	0.26				
367200	0.00	31.6	1.67	0	0.31				
370800	0.00	29.2	2.5	0	0.37				
374400	0.00	28.8	5.56	0	0.34				
378000	0.00	29.2	5.56	0	0.32				
381600	0.00	27	1.94	0	0.39				
385200	0.00	26.4	2.5	0	0.39				
388800	0.00	24.2	2.5	0	0.44				
392400	0.00	24	3.61	0	0.41				
396000	0.00	24.3	1.94	0	0.44				
399600	0.00	25.4	7.22	0	0.39				
403200	32.75	24.3	7.22	0	0.39				
406800	129.22	24	4.72	0	0.38				
410400	222.41	24	4.72	0	0.4				
414000	305.97	27.9	6.67	0	0.27				
417600	374.19	29.8	9.17	0	0.23				
421200	422.43	31.8	7.78	0	0.24				
424800	447.40	33	8.61	0	0.23				
428400	447.40	34	9.17	0	0.26				
432000	422.43	35.2	8.61	0	0.24				
435600	374.19	34	9.17	0	0.25				
439200	305.97	34.7	8.33	0	0.23				
442800	222.41	34.2	8.33	0	0.26				
446400	129.22	34	7.78	0	0.25				
450000	32.75	32	6.67	0	0.32				
453600	0.00	31.6	5.28	0	0.3				
457200	0.00	30.9	4.17	0	0.3				
460800	0.00	29.7	4.17	0	0.36				
464400	0.00	28.9	4.72	0	0.42				
468000	0.00	26.4	1.94	0	0.52				
471600	0.00	25.9	0	0	0.57				
475200	0.00	25	1.67	0	0.6				
478800	0.00	23.8	2.5	0	0.55				
482400	0.00	21.5	0	0	0.74				
486000	0.00	20.9	0	0	0.75				
489600	31.85	21	2.5	0	0.74				
493200	128.87	23.4	1.67	0	0.62				
496800	222.59	26.4	4.17	0	0.47				
500400	306.61	29.3	3.61	0	0.39				
504000	375.21	29.7	2.5	0	0.39				
507600	423.72	31.8	1.94	0	0.35				
511200	448.83	32.8	3.06	0	0.34				
514800	448.83	34.4	3.61	0	0.29				
518400	423.72	36	6.11	0	0.27				
522000	375.21	37.8	2.5	0	0.24				
525600	306.61	38.3	1.67	0	0.22				
529200	222.59	39.4	4.72	0	0.2				
532800	128.87	37	5.28	0	0.23				
536400	31.85	36	4.17	0	0.25				
540000	0.00	34.6	2.5	0	0.28				
543600	0.00	33.3	2.5	0	0.29				
547200	0.00	27.9	9.17	0	0.37				
550800	0.00	25.8	4.72	0	0.57				
554400	0.00	24.4	1.11	0	0.57				
558000	0.00	24.4	1.67	0	0.57				
561600	0.00	22.2	1.67	0	0.69				
565200	0.00	21.7	2.5	0	0.69				
568800	0.00	21.8	5.56	0	0.72				
572400	0.00	22	8.33	0	0.65				
576000	31.62	22	8.33	0	0.65				
579600	131.44	23	5.28	0	0.65				
583200	227.85	25	8.61	0	0.51				
586800	314.29	26.5	7.78	0	0.45				
590400	384.87	28	5.56	0	0.44				
594000	434.77	29.4	4.17	0	0.42				
597600	460.61	31	4.17	0	0.36				
601200	460.61	32.8	4.17	0	0.32				
604800	434.77	34.4	4.17	0	0.31				
608400	384.87	35.6	4.17	0	0.29				
612000	314.29	36.6	4.17	0	0.26				
615600	227.85	37.4	5.28	0	0.23				
619200	131.44	36.8	5.28	0	0.23				
622800	31.62	35.4	3.06	0	0.24				
626400	0.00	31.8	3.06	0	0.29				
630000	0.00	30	7.22	0	0.27				
633600	0.00	27.4	12.78	0	0.38				
637200	0.00	26.2	11.39	0	0.38				
640800	0.00	25	6.67	0	0.42				
644400	0.00	24.4	6.67	0	0.44				
648000	0.00	24.2	6.67	0	0.48				
651600	0.00	23.8	3.06	0	0.49				
655200	0.00	21.4	3.61	0	0.6				
658800	0.00	21.6	5.56	0	0.61				
662400	31.23	22.4	6.11	0	0.57				
666000	133.51	22.6	4.17	0	0.54				
669600	232.30	24.2	5.28	0	0.48				
673200	320.87	25.8	2.5	0	0.47				
676800	393.20	28	2.5	0	0.43				
680400	444.34	28.4	1.94	0	0.4				
684000	470.81	29.7	4.17	0	0.38				
687600	470.81	31.2	5.28	0	0.34				
691200	444.34	33	3.61	0	0.3				
694800	393.20	33.8	3.06	0	0.29				
698400	320.87	34	4.17	0	0.28				
702000	232.30	34.2	5.28	0	0.3				
705600	133.51	33.6	6.67	0	0.34				
709200	31.23	32.4	8.33	0	0.28				
712800	0.00	30.5	5.56	0	0.42				
716400	0.00	29.3	4.17	0	0.46				
720000	0.00	27.3	1.67	0	0.5				
723600	0.00	25.6	1.94	0	0.57				
727200	0.00	24.5	1.67	0	0.62				
730800	0.00	24	1.11	0	0.63				
734400	0.00	22.6	1.11	0	0.67				
738000	0.00	22	0	0	0.67				
741600	0.00	21	1.67	0	0.74				
745200	0.00	21.8	1.94	0	0.72				
748800	30.01	21.5	0	0	0.74				
752400	132.14	23.8	3.61	0	0.63				
756000	230.78	26	5.28	0	0.56				
759600	319.22	27.3	4.17	0	0.53				
763200	391.43	30	6.67	0	0.43				
766800	442.49	30.8	6.67	0	0.38				
770400	468.92	33	6.11	0	0.38				
774000	468.92	33.6	5.56	0	0.35				
777600	442.49	34.2	4.17	0	0.34				
781200	391.43	35.3	4.17	0	0.28				
784800	319.22	36.8	4.72	0	0.24				
788400	230.78	36.4	3.61	0	0.24				
792000	132.14	36.2	4.72	0	0.24				
795600	30.01	34.9	4.17	0	0.28				
799200	0.00	33.7	6.67	0	0.3				
802800	0.00	32.1	6.11	0	0.34				
806400	0.00	32	7.78	0	0.36				
810000	0.00	31	5.56	0	0.39				
813600	0.00	30	5.28	0	0.43				
817200	0.00	28.2	9.72	0	0.52				
820800	0.00	15.2	9.17	0	1				
824400	0.00	19.3	3.06	0	0.92				
828000	0.00	18.7	0	0	0.88				
831600	0.00	21	3.61	0	0.84				
835200	28.08	21.3	5.28	0	0.88				
838800	127.49	20.8	10.83	0	0.77				
842400	223.50	20.6	8.61	0	0.66				
846000	309.59	23.2	9.17	0	0.52				
849600	379.88	24.3	9.72	0	0.45				
853200	429.58	26	10.28	0	0.42				
856800	455.31	26.8	9.72	0	0.38				
860400	455.31	27.8	8.61	0	0.36				
864000	429.58	29.4	8.61	0	0.31				
867600	379.88	30	8.33	0	0.3				
871200	309.59	30.3	7.78	0	0.28				
874800	223.50	30	7.78	0	0.29				
878400	127.49	28.8	5.56	0	0.33				
882000	28.08	28	4.72	0	0.35				
885600	0.00	27	5.56	0	0.37				
889200	0.00	26	1.94	0	0.45				
892800	0.00	26.3	1.67	0	0.44				
896400	0.00	25	0	0	0.52				
900000	0.00	24.7	0	0	0.57				
903600	0.00	24.9	0	0	0.56				
907200	0.00	22.5	0	0	0.67				
910800	0.00	22.5	4.17	0	0.67				
914400	0.00	22	3.61	0	0.53				
918000	0.00	21.8	3.61	0	0.59				
921600	26.11	21	1.67	0	0.66				
925200	122.58	21.8	3.06	0	0.57				
928800	215.76	22	1.94	0	0.59				
932400	299.31	24.8	1.94	0	0.62				
936000	367.52	26.2	1.67	0	0.58				
939600	415.76	28.5	1.94	0	0.45				
943200	440.72	31.2	1.67	0	0.31				
946800	440.72	31.8	1.94	0	0.35				
950400	415.76	32	2.5	0	0.33				
954000	367.52	33.4	3.61	0	0.31				
957600	299.31	34	2.5	0	0.3				
961200	215.76	34.2	2.5	0	0.29				
964800	122.58	33.8	5.28	0	0.3				
968400	26.11	32.6	4.72	0	0.32				
972000	0.00	30.8	4.72	0	0.36				
975600	0.00	29.8	2.5	0	0.37				
979200	0.00	28.8	1.94	0	0.43				
982800	0.00	24.6	5.28	0	0.6				
986400	0.00	23.2	9.72	0	0.69				
990000	0.00	22.6	6.11	0	0.67				
993600	0.00	22.2	4.17	0	0.7				
997200	0.00	22.2	4.17	0	0.76				
1000800	0.00	21.8	3.61	0	0.78				
1004400	0.00	21.8	0	0	0.8				
1008000	24.77	21.4	0	0	0.84				
1011600	120.62	20	1.11	0	0.97				
1015200	213.20	21.3	3.06	0	0.87				
1018800	296.21	22.4	1.94	0	0.76				
1022400	363.98	24	2.5	0	0.54				
1029600	436.71	27.3	4.72	0	0.5				
1033200	436.71	28.3	5.56	0	0.43				
1036800	411.90	30	5.28	0	0.37				
1040400	363.98	30.5	4.17	0	0.41				
1044000	296.21	31.5	5.56	0	0.34				
1047600	213.20	30.8	8.33	0	0.42				
1051200	120.62	30.5	7.78	0	0.43				
1054800	24.77	28.9	7.22	0	0.44				
1058400	0.00	27	5.28	0	0.53				
1062000	0.00	25.7	3.61	0	0.61				
1065600	0.00	24.4	2.5	0	0.68				
1069200	0.00	23.5	1.67	0	0.73				
1072800	0.00	22.5	0	0	0.77				
1076400	0.00	22	1.94	0	0.79				
1080000	0.00	21.8	0	0	0.79				
1083600	0.00	21.6	0	0	0.78				
1087200	0.00	20.3	0	0	0.83				
1090800	0.00	20	0	0	0.82				
1094400	24.12	19.6	0	0	0.85				
1098000	122.12	21.4	0	0	0.81				
1101600	216.77	23.6	0	0	0.76				
1105200	301.63	26.2	0	0	0.66				
1108800	370.92	27.7	0	0	0.57				
1112400	419.92	30	1.94	0	0.49				
1116000	445.28	31.8	4.17	0	0.42				
1119600	445.28	32.7	3.06	0	0.41				
1123200	419.92	34.3	1.94	0	0.32				
1126800	370.92	35.4	2.5	0	0.27				
1130400	301.63	36	4.17	0	0.28				
1134000	216.77	36.9	6.11	0	0.24				
1137600	122.12	36.9	6.11	0	0.24				
1141200	24.12	35.1	6.67	0	0.28				
1144800	0.00	32.4	5.56	0	0.29				
1148400	0.00	32	4.72	0	0.29				
1152000	0.00	28.3	1.94	0	0.38				
1155600	0.00	27.7	1.94	0	0.5				
1159200	0.00	27	1.94	0	0.5				
1162800	0.00	27	0	0	0.5				
1166400	0.00	25.4	1.94	0	0.59				
1170000	0.00	25	0	0	0.63				
1173600	0.00	24.7	1.67	0	0.66				
1177200	0.00	23.5	1.11	0	0.72				
1180800	23.56	22	1.94	0	0.82				
1184400	124.42	24.6	3.06	0	0.72				
1188000	221.84	25.2	3.06	0	0.71				
1191600	309.18	27.8	4.17	0	0.62				
1195200	380.50	30.2	5.56	0	0.54				
1198800	430.93	33.4	6.67	0	0.39				
1202400	457.04	34.6	6.11	0	0.31				
1206000	457.04	35.4	6.67	0	0.29				
1209600	430.93	37	7.22	0	0.24				
1213200	380.50	37.4	5.56	0	0.24				
1216800	309.18	38.3	6.11	0	0.26				
1220400	221.84	38.4	7.78	0	0.23				
1224000	124.42	38	7.78	0	0.25				
1227600	23.56	36	7.22	0	0.3				
1231200	0.00	34.2	5.56	0	0.36				
1234800	0.00	29.5	6.11	0	0.5				
1238400	0.00	23.4	11.94	0	0.83				
1242000	0.00	24.6	7.78	0	0.76				
1245600	0.00	24	3.06	0	0.82				
1249200	0.00	24.2	6.11	0	0.79				
1252800	0.00	23.8	6.11	0	0.7				
1256400	0.00	23	5.56	0	0.75				
1260000	0.00	21.4	5.28	0	0.78				
1263600	0.00	20	5.28	0	0.86				
1267200	22.17	20	6.11	0	0.82				
1270800	122.52	20.6	8.33	0	0.79				
1274400	219.45	20.6	6.67	0	0.8				
1278000	306.35	20.2	7.22	0	0.84				
1281600	377.30	20.4	6.67	0	0.84				
1285200	427.47	20.4	7.78	0	0.83				
1288800	453.45	20.3	7.22	0	0.81				
1292400	453.45	20.8	6.67	0	0.78				
1296000	427.47	21.6	6.11	0	0.76				
1299600	377.30	21.8	7.22	0	0.75				
1303200	306.35	21.8	5.56	0	0.75				
1306800	219.45	21.6	6.67	0	0.76				
1310400	122.52	21.4	5.28	0	0.76				
1314000	22.17	20.4	4.17	0	0.87				
1317600	0.00	20.4	1.67	0	0.89				
1321200	0.00	20.4	1.11	0	0.87				
1324800	0.00	20.4	2.5	0	0.87				
1328400	0.00	20	1.94	0	0.93				
1332000	0.00	20.4	0	0	0.91				
1335600	0.00	20.4	0	0	0.93				
1339200	0.00	20.4	0	0	0.93				
1342800	0.00	20.6	1.11	0	0.93				
1346400	0.00	20.8	3.06	0	0.9				
1350000	0.00	20.4	3.06	0	0.87				
1353600	20.20	20	3.06	0	0.87				
1357200	117.34	20.1	4.17	0	0.84				
1360800	211.16	21.8	4.72	0	0.78				
1364400	295.29	23.2	5.28	0	0.74				
1368000	363.97	23.9	3.61	0	0.68				
1371600	412.54	25.8	3.61	0	0.55				
1375200	437.68	26.9	1.94	0	0.51				
1378800	437.68	28	3.06	0	0.46				
1382400	412.54	29.7	3.61	0	0.39				
1386000	363.97	30.4	2.5	0	0.38				
1389600	295.29	31.1	1.94	0	0.36				
1393200	211.16	31.8	2.5	0	0.31				
1396800	117.34	31.9	3.61	0	0.39				
1400400	20.20	31.1	3.06	0	0.33				
1404000	0.00	28.5	2.5	0	0.42				
1407600	0.00	27.8	3.61	0	0.37				
1411200	0.00	26.2	1.94	0	0.44				
1414800	0.00	24.5	1.94	0	0.51				
1418400	0.00	23.6	1.67	0	0.56				
1422000	0.00	21.2	2.5	0	0.71				
1425600	0.00	21.5	2.5	0	0.62				
1429200	0.00	21	4.17	0	0.62				
1432800	0.00	23.2	4.17	0	0.59				
1436400	0.00	23	5.28	0	0.6				
1440000	18.54	23.6	6.67	0	0.56				
1443600	113.61	22.2	3.61	0	0.69				
1447200	205.43	23.6	6.11	0	0.64				
1450800	287.76	24.6	7.22	0	0.62				
1454400	354.99	26	5.56	0	0.58				
1458000	402.52	26.6	7.78	0	0.55				
1461600	427.12	29.4	6.67	0	0.42				
1465200	427.12	29.7	9.17	0	0.31				
1468800	402.52	30.2	8.61	0	0.27				
1472400	354.99	31.4	7.22	0	0.22				
1476000	287.76	32.5	6.67	0	0.18				
1479600	205.43	32	7.78	0	0.19				
1483200	113.61	31.4	5.56	0	0.24				
1486800	18.54	30.2	3.61	0	0.27				
1490400	0.00	28.9	3.06	0	0.33				
1494000	0.00	27.7	4.17	0	0.36				
1497600	0.00	27.7	4.17	0	0.35				
1501200	0.00	26.9	4.72	0	0.35				
1504800	0.00	26	3.61	0	0.37				
1508400	0.00	25	3.61	0	0.44				
1512000	0.00	24.4	4.72	0	0.43				
1515600	0.00	24.3	6.67	0	0.43				
1519200	0.00	24	6.67	0	0.45				
1522800	0.00	23.6	5.56	0	0.45				
1526400	17.41	22.3	6.67	0	0.49				
1530000	113.26	21.8	4.72	0	0.53				
1533600	205.84	22.3	5.28	0	0.53				
1537200	288.85	24.2	7.22	0	0.48				
1540800	356.62	26.2	5.56	0	0.42				
1544400	404.54	28.4	6.67	0	0.31				
1548000	429.35	29.8	6.11	0	0.27				
1551600	429.35	30	5.56	0	0.28				
1555200	404.54	31	4.17	0	0.27				
1558800	356.62	31.5	3.61	0	0.27				
1562400	288.85	33	1.94	0	0.23				
1566000	205.84	32.4	1.67	0	0.24				
1569600	113.26	33	3.61	0	0.23				
1573200	17.41	31	0	0	0.29				
1576800	0.00	29	1.67	0	0.36				
1580400	0.00	27	1.67	0	0.4				
1584000	0.00	26.4	2.5	0	0.41				
1587600	0.00	24.3	1.67	0	0.47				
1591200	0.00	23.3	1.11	0	0.52				
1594800	0.00	22.7	1.67	0	0.53				
1598400	0.00	22.2	3.61	0	0.58				
1602000	0.00	22.7	3.06	0	0.55				
1605600	0.00	20.9	1.94	0	0.59				
1609200	0.00	21.4	3.06	0	0.65				
1612800	16.60	23.3	2.5	0	0.55				
1616400	115.23	24.2	1.94	0	0.49				
1620000	210.50	24.6	1.11	0	0.55				
1623600	295.92	29.2	3.06	0	0.41				
1627200	365.66	31.6	4.17	0	0.35				
1630800	414.98	33.4	4.72	0	0.3				
1634400	440.50	35.2	3.61	0	0.26				
1638000	440.50	34.8	4.17	0	0.25				
1641600	414.98	36.7	3.06	0	0.16				
1645200	365.66	38	1.67	0	0.16				
1648800	295.92	37.3	1.94	0	0.15				
1652400	210.50	37.4	1.67	0	0.16				
1656000	115.23	37.7	4.17	0	0.15				
1659600	16.60	36.4	4.17	0	0.18				
1663200	0.00	33	3.06	0	0.26				
1666800	0.00	31.2	3.61	0	0.33				
1670400	0.00	29.2	1.67	0	0.41				
1674000	0.00	27	1.94	0	0.45				
1677600	0.00	25.8	1.11	0	0.52				
1681200	0.00	24.3	1.67	0	0.59				
1684800	0.00	23	0	0	0.65				
1688400	0.00	22.7	1.11	0	0.57				
1692000	0.00	21.6	0	0	0.7				
1695600	0.00	21.2	1.11	0	0.69				
1699200	15.58	21.7	0	0	0.66				
1702800	116.34	22	0	0	0.67				
1706400	213.67	24.6	3.61	0	0.51				
1710000	300.93	26.3	3.06	0	0.48				
1713600	372.18	28.1	4.17	0	0.45				
1717200	422.57	32.1	4.72	0	0.34				
1720800	448.64	34.3	8.33	0	0.37				
1724400	448.64	35.6	7.78	0	0.21				
1728000	422.57	38.2	5.56	0	0.16				
1731600	372.18	38.8	7.22	0	0.15				
1735200	300.93	39.2	7.22	0	0.14				
1738800	213.67	38.4	7.78	0	0.15				
1742400	116.34	37.8	7.22	0	0.16				
1746000	15.58	35.8	7.22	0	0.18				
1749600	0.00	33.6	5.56	0	0.19				
1753200	0.00	32	6.11	0	0.23				
1756800	0.00	31	3.61	0	0.27