107 -1.6e-06
115 -8.4675e-06
122 -9.934e-06
128 -1.1914e-05
133 -1.248e-05
139 -1.252e-05
144 -1.282e-05
149 -1.23e-05
154 -1.216e-05
159 -1.312e-05
165 -1.348e-05
170 -1.312e-05
175 -1.336e-05
181 -1.468e-05
186 -1.408e-05
191 -1.376e-05
196 -1.516e-05
202 -1.472e-05
207 -1.444e-05
213 -1.508e-05
218 -1.56e-05
223 -1.426e-05
228 -1.458e-05
234 -1.418e-05
239 -1.32e-05
244 -1.384e-05
250 -1.446e-05
255 -1.422e-05
260 -1.47e-05
265 -1.53e-05
270 -1.518e-05
276 -1.53e-05
281 -1.478e-05
286 -1.478e-05
292 -1.52e-05
297 -1.472e-05
302 -1.408e-05
307 -1.536e-05
313 -1.528e-05
318 -1.54e-05
323 -1.484e-05
328 -1.628e-05
334 -1.574e-05
339 -1.57e-05
345 -1.566e-05
350 -1.63e-05
355 -1.494e-05
360 -1.564e-05
366 -1.492e-05
371 -1.436e-05
376 -1.504e-05
382 -1.564e-05
387 -1.532e-05
392 -1.6e-05
397 -1.61e-05
402 -1.466e-05
408 -1.518e-05
413 -1.46e-05
418 -1.468e-05
424 -1.458e-05
429 -1.518e-05
435 -1.462e-05
440 -1.464e-05
445 -1.408e-05
451 -1.5e-05
457 -1.418e-05
462 -1.402e-05
469 -1.36e-05
474 -1.432e-05
480 -1.4e-05
485 -1.3706e-05
490 -1.3306e-05
496 -1.5086e-05
502 -1.4766e-05
507 -1.4266e-05
512 -1.56e-05
518 -1.62e-05
524 -1.548e-05
529 -1.588e-05
534 -1.578e-05
539 -1.576e-05
545 -1.518e-05
550 -1.51e-05
556 -1.474e-05
561 -1.49e-05
566 -1.51e-05
572 -1.576e-05
577 -1.524e-05
582 -1.54e-05
588 -1.588e-05
593 -1.516e-05
598 -1.516e-05
604 -1.56e-05
609 -1.512e-05
615 -1.52e-05
621 -1.552e-05
626 -1.584e-05
631 -1.514e-05
636 -1.566e-05
643 -1.562e-05
648 -1.488e-05
653 -1.452e-05
660 -1.504e-05
665 -1.528e-05
671 -1.528e-05
676 -1.55e-05
681 -1.582e-05
687 -1.632e-05
692 -1.546e-05
697 -1.534e-05
703 -1.602e-05
708 -1.506e-05
713 -1.47e-05
719 -1.596e-05
724 -1.512e-05
729 -1.48e-05
736 -1.542e-05
741 -1.508e-05
747 -1.432e-05
753 -1.508e-05
758 -1.524e-05
763 -1.462e-05
768 -1.52e-05
774 -1.488e-05
779 -1.508e-05
785 -1.496e-05
790 -1.596e-05
796 -1.588e-05
801 -1.584e-05
806 -1.584e-05
812 -1.604e-05
817 -1.516e-05
822 -1.544e-05
828 -1.568e-05
833 -1.58e-05
839 -1.588e-05
844 -1.538e-05
849 -1.598e-05
855 -1.61e-05
860 -1.526e-05
865 -1.538e-05
871 -1.588e-05
876 -1.422e-05
882 -1.526e-05
889 -1.582e-05
894 -1.514e-05
899 -1.662e-05
906 -1.736e-05
911 -1.59e-05
916 -1.602e-05
922 -1.61e-05
927 -1.51e-05
933 -1.546e-05
938 -1.556e-05
943 -1.54e-05
949 -1.6e-05
954 -1.556e-05
959 -1.528e-05
965 -1.552e-05
970 -1.576e-05
975 -1.564e-05
980 -1.558e-05
985 -1.57e-05
991 -1.476e-05
996 -1.552e-05
1000 -1.54e-05
1010 -1.516e-05
1010 -1.422e-05
1020 -1.528e-05
1030 -1.4e-05
1030 -1.412e-05
1040 -1.426e-05
1040 -1.576e-05
1050 -1.52e-05
1050 -1.564e-05
1060 -1.468e-05
1060 -1.514e-05
1070 -1.51e-05
1070 -1.57e-05
1080 -1.502e-05
1080 -1.594e-05
1090 -1.612e-05
1100 -1.492e-05
1100 -1.512e-05
1110 -1.552e-05
1110 -1.564e-05
1120 -1.516e-05
1120 -1.532e-05
1130 -1.468e-05
1130 -1.516e-05
1140 -1.512e-05
1150 -1.506e-05
1150 -1.558e-05
1160 -1.568e-05
1160 -1.518e-05
1170 -1.538e-05
1170 -1.54e-05
1180 -1.502e-05
1190 -1.624e-05
1190 -1.662e-05
1200 -1.544e-05
1200 -1.624e-05
1210 -1.666e-05
1210 -1.534e-05
1220 -1.538e-05
1220 -1.636e-05
1230 -1.536e-05
1230 -1.516e-05
1240 -1.502e-05
1250 -1.516e-05
1250 -1.516e-05
1260 -1.544e-05
1260 -1.572e-05
1270 -1.662e-05
1270 -1.668e-05
1280 -1.606e-05
1280 -1.634e-05
1290 -1.58e-05
1300 -1.54e-05
1300 -1.532e-05
1310 -1.552e-05
1310 -1.616e-05
1320 -1.606e-05
1320 -1.65e-05
1330 -1.566e-05
1330 -1.554e-05
1340 -1.502e-05
1350 -1.574e-05
1350 -1.498e-05
1360 -1.654e-05
1360 -1.66e-05
1370 -1.676e-05
1370 -1.696e-05
1380 -1.708e-05
1380 -1.578e-05
1390 -1.646e-05
1400 -1.6e-05
1400 -1.644e-05
1410 -1.588e-05
1410 -1.722e-05
1420 -1.658e-05
1420 -1.718e-05
1430 -1.65e-05
1430 -1.666e-05
1440 -1.582e-05
1440 -1.666e-05
1450 -1.576e-05
1460 -1.532e-05
1460 -1.612e-05
1470 -1.62e-05
1470 -1.526e-05
1480 -1.63e-05
1480 -1.622e-05
1490 -1.634e-05
1490 -1.56e-05
1500 -1.638e-05
1500 -1.598e-05
1510 -1.578e-05
1510 -1.554e-05
1520 -1.672e-05
1530 -1.584e-05
1530 -1.532e-05
1540 -1.596e-05
1540 -1.588e-05
1550 -1.47e-05
1550 -1.538e-05
1560 -1.588e-05
1560 -1.596e-05
1570 -1.616e-05
1570 -1.606e-05
1580 -1.598e-05
1590 -1.592e-05
1590 -1.552e-05
1600 -1.396e-05
1600 -1.468e-05
1610 -1.476e-05
1610 -1.432e-05
1620 -1.418e-05
1630 -1.502e-05
1630 -1.518e-05
1640 -1.562e-05
1640 -1.638e-05
1650 -1.688e-05
1650 -1.698e-05
1660 -1.694e-05
1660 -1.674e-05
1670 -1.67e-05
1670 -1.57e-05
1680 -1.648e-05
1680 -1.62e-05
1690 -1.604e-05
1700 -1.648e-05
1700 -1.71e-05
1710 -1.726e-05
1710 -1.77e-05
1720 -1.794e-05
1720 -1.758e-05
1730 -1.738e-05
1730 -1.698e-05
1740 -1.674e-05
1740 -1.614e-05
1750 -1.61e-05
1750 -1.612e-05
1760 -1.62e-05
1760 -1.55e-05
1770 -1.654e-05
1780 -1.576e-05
1780 -1.62e-05
1790 -1.516e-05
1790 -1.666e-05
1800 -1.586e-05
1800 -1.582e-05
1810 -1.578e-05
1810 -1.678e-05
1820 -1.548e-05
1820 -1.534e-05
1830 -1.608e-05
1840 -1.64e-05
1840 -1.696e-05
1850 -1.696e-05
1850 -1.714e-05
1860 -1.706e-05
1860 -1.59e-05
1870 -1.574e-05
1870 -1.624e-05
1880 -1.548e-05
1880 -1.536e-05
1890 -1.632e-05
1890 -1.51e-05
1900 -1.542e-05
1910 -1.63e-05
1910 -1.566e-05
1920 -1.49e-05
1920 -1.592e-05
1930 -1.552e-05
1930 -1.498e-05
1940 -1.59e-05
1940 -1.69e-05
1950 -1.666e-05
1950 -1.614e-05
1960 -1.648e-05
1960 -1.632e-05
1970 -1.548e-05
1970 -1.496e-05
1980 -1.556e-05
1990 -1.548e-05
1990 -1.584e-05
2000 -1.66e-05
2000 -1.61e-05
2010 -1.634e-05
2010 -1.686e-05
2020 -1.59e-05
2020 -1.57e-05
2030 -1.692e-05
2030 -1.68e-05
2040 -1.618e-05
2040 -1.702e-05
2050 -1.642e-05
2060 -1.642e-05
2060 -1.598e-05
2070 -1.566e-05
2070 -1.55e-05
2080 -1.602e-05
2080 -1.558e-05
2090 -1.534e-05
2090 -1.534e-05
2100 -1.524e-05
2110 -1.528e-05
2110 -1.514e-05
2120 -1.578e-05
2120 -1.684e-05
2130 -1.602e-05
2130 -1.59e-05
2140 -1.664e-05
2140 -1.518e-05
2150 -1.574e-05
2160 -1.678e-05
2160 -1.682e-05
2170 -1.614e-05
2170 -1.764e-05
2180 -1.574e-05
2180 -1.562e-05
2190 -1.572e-05
2190 -1.616e-05
2200 -1.596e-05
2210 -1.71e-05
2210 -1.666e-05
2220 -1.626e-05
2220 -1.65e-05
2230 -1.666e-05
2230 -1.62e-05
2240 -1.656e-05
2240 -1.698e-05
2250 -1.614e-05
2250 -1.534e-05
2260 -1.616e-05
2260 -1.52e-05
2270 -1.584e-05
2280 -1.644e-05
2280 -1.652e-05
2290 -1.616e-05
2290 -1.666e-05
2300 -1.598e-05
2300 -1.59e-05
2310 -1.598e-05
2310 -1.598e-05
2320 -1.592e-05
2320 -1.576e-05
2330 -1.472e-05
2330 -1.604e-05
2340 -1.588e-05
2350 -1.59e-05
2350 -1.57e-05
2360 -1.67e-05
2360 -1.658e-05
2370 -1.58e-05
2370 -1.618e-05
2380 -1.59e-05
2380 -1.614e-05
2390 -1.48e-05
2390 -1.558e-05
2400 -1.57e-05
2410 -1.606e-05
2410 -1.626e-05
2420 -1.656e-05
2420 -1.652e-05
2430 -1.668e-05
2430 -1.658e-05
2440 -1.65e-05
2440 -1.674e-05
2450 -1.666e-05
2450 -1.654e-05
2460 -1.688e-05
2460 -1.544e-05
2470 -1.644e-05
2480 -1.58e-05
2480 -1.52e-05
2490 -1.548e-05
2490 -1.708e-05
2500 -1.612e-05
2500 -1.614e-05
2510 -1.604e-05
2510 -1.576e-05
2520 -1.546e-05
2520 -1.458e-05
2530 -1.6e-05
2530 -1.564e-05
2540 -1.474e-05
2550 -1.476e-05
2550 -1.51e-05
2560 -1.446e-05
2560 -1.556e-05
2570 -1.654e-05
2570 -1.576e-05
2580 -1.634e-05
2590 -1.586e-05
2590 -1.578e-05
2600 -1.646e-05
2600 -1.646e-05
2610 -1.55e-05
2610 -1.63e-05
2620 -1.73e-05
2620 -1.536e-05
2630 -1.634e-05
2630 -1.698e-05
2640 -1.686e-05
2640 -1.53e-05
2650 -1.648e-05
2650 -1.55e-05
2660 -1.578e-05
2670 -1.464e-05
2670 -1.6e-05
2680 -1.612e-05
2680 -1.682e-05
2690 -1.63e-05
2690 -1.716e-05
2700 -1.636e-05
2700 -1.644e-05
2710 -1.574e-05
2710 -1.638e-05
2720 -1.574e-05
2720 -1.654e-05
2730 -1.59e-05
2740 -1.656e-05
2740 -1.664e-05
2750 -1.698e-05
2750 -1.634e-05
2760 -1.5442e-05
2760 -1.4842e-05
2770 -1.3722e-05
2770 -1.3782e-05
2780 -1.3862e-05
2790 -1.462e-05
2790 -1.522e-05
2800 -1.494e-05
2800 -1.44e-05
2810 -1.464e-05
2820 -1.488e-05
2820 -1.504e-05
2830 -1.57e-05
2830 -1.664e-05
2840 -1.604e-05
2840 -1.638e-05
2850 -1.4642e-05
2850 -1.4862e-05
2860 -1.4702e-05
2870 -1.4862e-05
2870 -1.4322e-05
2880 -1.578e-05
2890 -1.618e-05
2890 -1.614e-05
2900 -1.57e-05
2900 -1.644e-05
2910 -1.676e-05
2910 -1.606e-05
2920 -1.678e-05
2920 -1.666e-05
2930 -1.634e-05
2930 -1.578e-05
2940 -1.656e-05
2940 -1.608e-05
2950 -1.598e-05
2950 -1.618e-05
2960 -1.65e-05
2970 -1.638e-05
2970 -1.512e-05
2980 -1.574e-05
2980 -1.518e-05
2990 -1.502e-05
2990 -1.454e-05
3000 -1.53e-05
3010 -1.63e-05
3010 -1.624e-05
3020 -1.58e-05
3020 -1.732e-05
3030 -1.646e-05
3030 -1.638e-05
3040 -1.692e-05
3040 -1.668e-05
3050 -1.532e-05
3050 -1.652e-05
3060 -1.56e-05
3060 -1.506e-05
3070 -1.606e-05
3080 -1.638e-05
3080 -1.622e-05
3090 -1.56e-05
3090 -1.654e-05
3100 -1.606e-05
3100 -1.554e-05
3110 -1.586e-05
3110 -1.672e-05
3120 -1.594e-05
3120 -1.646e-05
3130 -1.65e-05
3130 -1.67e-05
3140 -1.638e-05
3150 -1.604e-05
3150 -1.576e-05
3160 -1.568e-05
3160 -1.52e-05
3170 -1.604e-05
3170 -1.572e-05
3180 -1.68e-05
3180 -1.684e-05
3190 -1.692e-05
3190 -1.56e-05
3200 -1.664e-05
3200 -1.596e-05
3210 -1.546e-05
3210 -1.618e-05
3220 -1.638e-05
3230 -1.662e-05
3230 -1.63e-05
3240 -1.82e-05
3240 -1.692e-05
3250 -1.692e-05
3250 -1.668e-05
3260 -1.68e-05
3260 -1.64e-05
3270 -1.72e-05
3270 -1.634e-05
3280 -1.646e-05
3280 -1.634e-05
3290 -1.594e-05
3290 -1.504e-05
3300 -1.638e-05
3310 -1.602e-05
3310 -1.546e-05
3320 -1.63e-05
3320 -1.724e-05
3330 -1.724e-05
3330 -1.644e-05
3340 -1.784e-05
3340 -1.636e-05
3350 -1.578e-05
3350 -1.506e-05
3360 -1.698e-05
3370 -1.626e-05
3370 -1.682e-05
3380 -1.606e-05
3380 -1.666e-05
3390 -1.662e-05
3390 -1.548e-05
3400 -1.632e-05
3400 -1.672e-05
3410 -1.61e-05
3420 -1.614e-05
3420 -1.708e-05
3430 -1.62e-05
3430 -1.616e-05
3440 -1.606e-05
3440 -1.61e-05
3450 -1.568e-05
3450 -1.556e-05
3460 -1.642e-05
3460 -1.664e-05
3470 -1.576e-05
3470 -1.618e-05
3480 -1.654e-05
3480 -1.594e-05
3490 -1.624e-05
3500 -1.578e-05
3500 -1.61e-05
3510 -1.558e-05
3510 -1.618e-05
3520 -1.642e-05
3520 -1.688e-05
3530 -1.614e-05
3530 -1.6e-05
3540 -1.588e-05
3540 -1.6e-05
3550 -1.558e-05
3550 -1.616e-05
3560 -1.624e-05
3570 -1.628e-05
3570 -1.612e-05
3580 -1.69e-05
3580 -1.576e-05
3590 -1.568e-05
3590 -1.604e-05
3600 -1.6e-05
3600 -1.562e-05
3610 -1.72e-05
3620 -1.73e-05
3620 -1.71e-05
3630 -1.698e-05
3630 -1.716e-05
3640 -1.708e-05
3640 -1.658e-05
3650 -1.646e-05
3650 -1.682e-05
3660 -1.678e-05
3660 -1.698e-05
3670 -1.736e-05
3670 -1.652e-05
3680 -1.672e-05
3680 -1.54666666666667e-05
3690 -1.88e-05
