417 -3.75e-07
422 -2.17625e-06
429 -2.163e-06
434 -2.868e-06
441 -2.5085e-06
447 -2.795e-06
452 -2.895e-06
458 -2.70206666666667e-06
468 -2.8584e-06
474 -2.6195e-06
479 -3.01075e-06
484 -3.04075e-06
498 -3.14225e-06
503 -3.12225e-06
508 -3.19525e-06
513 -3.08025e-06
536 -3.13025e-06
542 -3.24625e-06
547 -3.29825e-06
563 -3.32575e-06
569 -3.32925e-06
574 -3.21925e-06
579 -3.41495e-06
584 -3.39845e-06
590 -3.39445e-06
600 -3.46245e-06
606 -3.5165e-06
611 -3.55e-06
616 -3.5545e-06
621 -3.7e-06
628 -3.514e-06
642 -3.558e-06
647 -3.5555e-06
653 -3.6575e-06
658 -3.649e-06
663 -3.772e-06
674 -3.822e-06
680 -3.814e-06
687 -3.91e-06
693 -3.938e-06
698 -4.0225e-06
703 -4.1195e-06
709 -4.068e-06
714 -4.1185e-06
719 -4.2025e-06
726 -4.1325e-06
732 -4.233e-06
737 -4.2945e-06
743 -4.2975e-06
748 -4.267e-06
753 -4.2765e-06
760 -4.10285e-06
766 -4.22935e-06
771 -4.05185e-06
776 -4.24585e-06
781 -4.31435e-06
787 -4.26435e-06
793 -4.19935e-06
800 -4.30935e-06
807 -4.29535e-06
813 -4.29985e-06
842 -4.39485e-06
847 -4.45785e-06
858 -4.39885e-06
863 -4.48435e-06
871 -4.42785e-06
877 -4.46985e-06
890 -4.67035e-06
895 -4.57635e-06
900 -4.57085e-06
907 -4.75735e-06
912 -5.023e-06
919 -4.73435e-06
927 -4.82635e-06
933 -4.85835e-06
952 -4.80685e-06
961 -4.93085e-06
966 -4.94035e-06
978 -4.92835e-06
987 -4.96635e-06
992 -5.00385e-06
997 -4.97035e-06
1040 -4.96285e-06
1050 -5.03985e-06
1060 -4.91835e-06
1060 -5.11885e-06
1070 -5.07385e-06
1070 -4.90985e-06
1080 -4.98335e-06
1080 -5.00285e-06
1090 -4.85785e-06
1100 -4.84785e-06
1100 -4.9825e-06
1110 -5.034e-06
1110 -4.838e-06
1120 -4.91e-06
1120 -4.6354e-06
1130 -4.8029e-06
1140 -4.6294e-06
1140 -4.6534e-06
1150 -4.6534e-06
1160 -4.6249e-06
1160 -4.6689e-06
1170 -4.4617e-06
1170 -4.6217e-06
1180 -4.6387e-06
1210 -4.7102e-06
1220 -4.7082e-06
1220 -4.7972e-06
1230 -4.8922e-06
1230 -4.8287e-06
1240 -4.8107e-06
1240 -5.0107e-06
1270 -4.9392e-06
1270 -5.0412e-06
1280 -4.9942e-06
1280 -5.1913e-06
1290 -4.9968e-06
1290 -5.2223e-06
1300 -5.1283e-06
1310 -5.0543e-06
1310 -5.1203e-06
1320 -5.0343e-06
1320 -5.2095e-06
1330 -5.0835e-06
1330 -4.9615e-06
1340 -5.0455e-06
1350 -4.9955e-06
1350 -4.969e-06
1360 -4.9655e-06
1370 -4.9915e-06
1370 -5.0675e-06
1380 -5.0345e-06
1380 -5.072e-06
1390 -5.134e-06
1400 -5.0275e-06
1400 -5.127e-06
1410 -5.3415e-06
1410 -5.1835e-06
1420 -5.171e-06
1420 -5.013e-06
1430 -5.091e-06
1440 -5.187e-06
1440 -5.249e-06
1450 -5.287e-06
1450 -5.3625e-06
1460 -5.3725e-06
1460 -5.33e-06
1470 -5.2405e-06
1480 -5.4205e-06
1510 -5.4795e-06
1510 -5.4615e-06
1520 -5.2655e-06
1520 -5.4295e-06
1530 -5.349e-06
1530 -5.5505e-06
1540 -5.488e-06
1550 -5.317e-06
1560 -5.277e-06
1560 -5.6735e-06
1570 -5.997e-06
1570 -5.768e-06
1590 -5.97e-06
1590 -6.002e-06
1600 -5.7865e-06
1600 -5.878e-06
1610 -5.7225e-06
1620 -5.921e-06
1630 -5.945e-06
1640 -6.115e-06
1640 -6.1785e-06
1660 -6.104e-06
1660 -6.395e-06
1670 -6.355e-06
1690 -6.4995e-06
1690 -6.456e-06
1700 -6.5175e-06
1710 -6.657e-06
1720 -6.985e-06
1720 -6.805e-06
1730 -6.6765e-06
1740 -6.9165e-06
1740 -6.7195e-06
1750 -6.6355e-06
1750 -6.856e-06
1760 -6.864e-06
1760 -6.962e-06
1770 -6.878e-06
1780 -7.038e-06
1780 -6.669e-06
1790 -6.5145e-06
1790 -6.727e-06
1800 -6.671e-06
1810 -6.654e-06
1820 -6.546e-06
1820 -6.6035e-06
1830 -6.6925e-06
1830 -6.638e-06
1840 -6.403e-06
1850 -6.375e-06
1850 -6.462e-06
1860 -6.2395e-06
1860 -6.3365e-06
1870 -6.2615e-06
1880 -6.6845e-06
1880 -6.499e-06
1890 -6.9075e-06
1890 -6.9045e-06
1900 -6.7765e-06
1900 -7.0305e-06
1910 -7.185e-06
1920 -6.8595e-06
1920 -6.9775e-06
1940 -7.026e-06
1940 -6.8145e-06
1950 -6.7805e-06
1960 -6.4295e-06
1960 -6.4855e-06
1970 -6.5405e-06
1980 -6.527e-06
1980 -6.599e-06
2000 -6.7805e-06
2000 -6.7385e-06
2010 -6.769e-06
2020 -6.759e-06
2030 -6.998e-06
2060 -6.4555e-06
2060 -6.6705e-06
2070 -6.749e-06
2080 -6.631e-06
2080 -6.786e-06
2090 -7.044e-06
2090 -6.994e-06
2100 -7.1145e-06
2110 -7.446e-06
2110 -7.284e-06
2120 -7.651e-06
2130 -7.747e-06
2130 -7.851e-06
2140 -7.881e-06
2150 -7.8015e-06
2150 -8.0775e-06
2160 -8.2015e-06
2160 -8.47e-06
2170 -8.15e-06
2180 -7.7985e-06
2190 -8.096e-06
2190 -8.01e-06
2200 -8.1555e-06
2200 -8.12e-06
2210 -8.055e-06
2220 -8.01e-06
2220 -8.038e-06
2230 -7.9845e-06
2230 -7.956e-06
2280 -8.215e-06
2280 -8.0715e-06
2290 -8.1555e-06
2290 -8.2265e-06
2300 -8.2415e-06
2300 -8.397e-06
2310 -8.289e-06
2310 -8.2045e-06
2320 -8.3605e-06
2330 -8.1645e-06
2330 -8.7145e-06
2340 -8.7005e-06
2350 -8.512e-06
2350 -8.638e-06
2360 -8.7325e-06
2360 -8.7425e-06
2370 -8.776e-06
2380 -8.6465e-06
2380 -8.7165e-06
2390 -8.735e-06
2400 -8.785e-06
2400 -8.9985e-06
2410 -9.0385e-06
2420 -8.997e-06
2420 -9.1535e-06
2430 -9.1135e-06
2440 -9.1515e-06
2440 -9.2125e-06
2450 -9.0925e-06
2460 -9.31e-06
2460 -9.305e-06
2470 -9.1575e-06
2470 -9.387e-06
2480 -9.1585e-06
2480 -9.1345e-06
2490 -9.1105e-06
2500 -9.0805e-06
2500 -8.7975e-06
2510 -8.749e-06
2510 -8.6855e-06
2520 -8.585e-06
2520 -8.188e-06
2530 -8.058e-06
2540 -7.9395e-06
2540 -7.8715e-06
2550 -7.9465e-06
2550 -7.64e-06
2590 -7.598e-06
2600 -7.648e-06
2600 -7.635e-06
2610 -7.1785e-06
2630 -7.28e-06
2630 -7.2415e-06
2640 -7.0735e-06
2640 -6.9985e-06
2650 -7.1575e-06
2660 -7.0985e-06
2670 -7.568e-06
2670 -7.648e-06
2680 -7.718e-06
2690 -7.8665e-06
2700 -8.2315e-06
2710 -8.18e-06
2720 -8.44e-06
2730 -8.448e-06
2730 -8.3415e-06
2740 -8.5365e-06
2750 -8.65e-06
2750 -8.3295e-06
2760 -8.591e-06
2760 -8.8895e-06
2770 -9.0795e-06
2780 -9.238e-06
2780 -9.7695e-06
2790 -9.5755e-06
2790 -9.4955e-06
2800 -9.8345e-06
2800 -9.7895e-06
2820 -9.8145e-06
2820 -9.938e-06
2830 -9.889e-06
2840 -1.0006e-05
2840 -1.0126e-05
2850 -1.0116e-05
2870 -1.0231e-05
2870 -1.02725e-05
2880 -1.0394e-05
2880 -1.0339e-05
2890 -1.07295e-05
2890 -1.06545e-05
2900 -1.07725e-05
2900 -1.06975e-05
2910 -1.06075e-05
2910 -1.06025e-05
2920 -1.09195e-05
2930 -1.09745e-05
2930 -1.08995e-05
2940 -1.09345e-05
2940 -1.09495e-05
2950 -1.09695e-05
2950 -1.0919e-05
2960 -1.0676e-05
2960 -1.10325e-05
2970 -1.05485e-05
2970 -1.05035e-05
2980 -1.0436e-05
2980 -1.0335e-05
2990 -1.0024e-05
3000 -1.0029e-05
3000 -1.0014e-05
3010 -9.869e-06
3020 -9.8255e-06
3020 -9.782e-06
3060 -9.5045e-06
3060 -9.5745e-06
3070 -9.5945e-06
3080 -9.6945e-06
3100 -9.7545e-06
3110 -9.5455e-06
3110 -9.7455e-06
3120 -9.628e-06
3130 -9.7495e-06
3140 -9.5095e-06
3140 -1.00385e-05
3150 -9.8885e-06
3160 -1.0136e-05
3160 -1.0307e-05
3170 -1.0688e-05
3180 -1.0678e-05
3180 -1.0718e-05
3190 -1.07595e-05
3200 -1.0978e-05
3200 -1.11865e-05
3210 -1.1339e-05
3210 -1.1399e-05
3220 -1.1479e-05
3220 -1.1469e-05
3230 -1.1449e-05
3240 -1.1728e-05
3240 -1.1553e-05
3250 -1.1795e-05
3250 -1.18215e-05
3260 -1.17615e-05
3270 -1.17715e-05
3270 -1.185e-05
3280 -1.199e-05
3280 -1.2025e-05
3290 -1.19475e-05
3290 -1.19875e-05
3300 -1.18275e-05
3300 -1.1758e-05
3310 -1.1753e-05
3320 -1.1723e-05
3320 -1.1728e-05
3330 -1.1713e-05
3330 -1.13875e-05
3340 -1.14325e-05
3350 -1.14875e-05
3350 -1.13825e-05
3360 -1.14275e-05
3370 -1.14925e-05
3380 -1.16375e-05
3380 -1.15025e-05
3390 -1.14425e-05
3390 -1.1474e-05
3400 -1.1025e-05
3410 -1.0709e-05
3420 -1.09465e-05
3420 -1.08915e-05
3430 -1.10315e-05
3430 -1.08195e-05
3440 -1.08945e-05
3440 -1.08445e-05
3450 -1.0699e-05
3460 -1.0894e-05
3460 -1.10495e-05
3470 -1.09595e-05
3480 -1.09745e-05
3480 -1.05805e-05
3490 -1.05305e-05
3510 -1.05505e-05
3510 -1.05355e-05
3520 -1.03805e-05
3520 -1.05705e-05
3530 -1.01135e-05
3540 -1.0554e-05
3540 -1.08073333333333e-05
3550 -1.00913333333333e-05
3570 -1.1122e-05
3570 -9.648e-06
3580 -9.004e-06
3580 -1.16e-05
3600 -9.412e-06
3600 -7.25333333333333e-06
3660 -1.06e-06
