91 8e-07
155 -2.8925e-06
161 -4.4425e-06
166 -5.7675e-06
171 -6.425e-06
177 -6.4675e-06
182 -7.2e-06
188 -8.125e-06
194 -8.325e-06
199 -8.6325e-06
204 -8.25e-06
209 -7.825e-06
214 -7.975e-06
220 -8.225e-06
225 -8.425e-06
230 -8.6325e-06
235 -8.8825e-06
241 -8.4975e-06
247 -8.9975e-06
254 -9.29e-06
259 -9.54e-06
265 -9.725e-06
270 -9.875e-06
275 -1.015e-05
280 -9.5175e-06
285 -1.01675e-05
291 -9.4675e-06
297 -9.2675e-06
302 -9.4325e-06
307 -9.3325e-06
313 -9.6075e-06
318 -9.9575e-06
324 -9.7925e-06
330 -9.5925e-06
336 -9.675e-06
341 -9.675e-06
347 -1.01075e-05
352 -9.775e-06
357 -1.03175e-05
363 -9.4675e-06
368 -9.4175e-06
373 -1.01e-05
378 -9.5175e-06
383 -1.03675e-05
389 -9.7175e-06
394 -9.5175e-06
399 -1e-05
404 -9.6575e-06
409 -1.02575e-05
415 -9.775e-06
420 -9.875e-06
426 -1.01675e-05
431 -9.875e-06
436 -1.04575e-05
442 -1.04075e-05
447 -9.9075e-06
453 -1.025e-05
459 -9.75e-06
464 -9.8e-06
470 -1.025e-05
475 -1.0075e-05
480 -1.0725e-05
486 -1.00575e-05
491 -9.8575e-06
497 -1.01825e-05
502 -9.4075e-06
507 -9.925e-06
513 -1.0025e-05
518 -1.0025e-05
523 -9.4825e-06
528 -9.5325e-06
534 -9.7325e-06
539 -9.6825e-06
545 -1.03925e-05
550 -9.785e-06
556 -9.435e-06
562 -9.385e-06
567 -9.3e-06
572 -1.00575e-05
578 -1.0035e-05
583 -9.8925e-06
590 -1.0785e-05
596 -1.0785e-05
601 -1.11575e-05
606 -1.09925e-05
611 -1.06925e-05
617 -1.05425e-05
622 -1.016e-05
627 -1.00675e-05
633 -9.7675e-06
638 -1.01925e-05
645 -1.0275e-05
651 -1.05325e-05
656 -1.08825e-05
662 -1.07575e-05
667 -1.059e-05
672 -1.10825e-05
678 -1.065e-05
683 -1.06e-05
689 -1.0695e-05
694 -1.0545e-05
701 -1.05025e-05
706 -1.03025e-05
712 -1.0625e-05
717 -1.0525e-05
722 -1.04425e-05
727 -1.00925e-05
733 -1.02425e-05
738 -1.04175e-05
743 -1.0375e-05
749 -1.0825e-05
754 -1.0525e-05
759 -1.0025e-05
764 -1.065e-05
770 -1.015e-05
776 -1.01e-05
781 -1.01425e-05
787 -1.01675e-05
793 -1.07675e-05
798 -1.11175e-05
803 -1.11e-05
808 -1.05325e-05
813 -1.04825e-05
819 -1.05325e-05
824 -1.03825e-05
829 -1.02175e-05
835 -1.01675e-05
841 -1.00175e-05
846 -1.01e-05
851 -1.08325e-05
857 -1.09325e-05
862 -1.0205e-05
867 -1.029e-05
874 -1.019e-05
880 -9.6225e-06
885 -1.04e-05
891 -1.0315e-05
896 -1.0365e-05
902 -1.08325e-05
907 -1.04e-05
913 -1.09175e-05
919 -1.08675e-05
924 -1.04425e-05
929 -1.1025e-05
935 -1.0775e-05
941 -1.1175e-05
948 -1.195e-05
954 -1.14075e-05
959 -1.18075e-05
965 -1.1065e-05
970 -1.0915e-05
976 -1.075e-05
981 -1e-05
987 -1.03425e-05
993 -1.00425e-05
998 -1.02075e-05
1000 -1.10075e-05
1010 -1.08575e-05
1020 -1.11075e-05
1020 -1.09e-05
1030 -1.0725e-05
1030 -1.0325e-05
1040 -1.0625e-05
1040 -1.066e-05
1050 -1.0635e-05
1060 -1.106e-05
1060 -1.076e-05
1070 -1.1375e-05
1070 -1.1325e-05
1080 -1.115e-05
1080 -1.1e-05
1090 -1.0725e-05
1090 -1.0875e-05
1100 -1.1275e-05
1100 -1.09325e-05
1110 -1.13075e-05
1120 -1.10575e-05
1120 -1.10575e-05
1130 -1.175e-05
1130 -1.15e-05
1140 -1.13e-05
1140 -1.12e-05
1150 -1.03825e-05
1150 -1.06825e-05
1160 -1.0515e-05
1160 -1.0665e-05
1170 -1.0625e-05
1180 -1.0575e-05
1180 -1.11925e-05
1190 -1.05425e-05
1190 -1.1175e-05
1200 -1.1075e-05
1200 -1e-05
1210 -1.1275e-05
1210 -1.055e-05
1220 -1.045e-05
1230 -1.095e-05
1230 -1.0275e-05
1240 -1.0925e-05
1240 -1.1175e-05
1250 -1.185e-05
1250 -1.07825e-05
1260 -1.07825e-05
1260 -1.11325e-05
1270 -1.10325e-05
1270 -1.22e-05
1280 -1.185e-05
1280 -1.12e-05
1290 -1.05425e-05
1290 -1.04925e-05
1300 -1.01425e-05
1310 -1.02425e-05
1310 -1.09e-05
1320 -1.02425e-05
1320 -1.12675e-05
1330 -1.0375e-05
1330 -1.1075e-05
1340 -1.124e-05
1340 -1.05225e-05
1350 -1.1515e-05
1360 -1.0765e-05
1360 -1.08075e-05
1370 -1.125e-05
1370 -1.145e-05
1380 -1.16e-05
1380 -1.195e-05
1390 -1.0925e-05
1390 -1.1525e-05
1400 -1.115e-05
1400 -1.0925e-05
1410 -1.205e-05
1410 -1.08e-05
1420 -1.1775e-05
1420 -1.13175e-05
1430 -1.19925e-05
1440 -1.21675e-05
1440 -1.11425e-05
1450 -1.1275e-05
1450 -1.035e-05
1460 -1.1025e-05
1460 -1.08175e-05
1470 -1.16425e-05
1470 -1.135e-05
1480 -1.03325e-05
1490 -1.0565e-05
1490 -9.84e-06
1500 -9.6675e-06
1500 -9.835e-06
1510 -9.635e-06
1510 -9.235e-06
1520 -9.0325e-06
1520 -9.2825e-06
1530 -9.6825e-06
1540 -1.04825e-05
1540 -1.135e-05
1550 -1.10175e-05
1550 -1.10675e-05
1560 -1.09175e-05
1560 -1.10175e-05
1570 -1.11e-05
1570 -1.1325e-05
1580 -1.1625e-05
1590 -1.1325e-05
1590 -1.04925e-05
1600 -1.01675e-05
1600 -9.7675e-06
1610 -1.00175e-05
1610 -1.115e-05
1620 -1.01e-05
1620 -1.035e-05
1630 -9.8075e-06
1630 -9.34e-06
1640 -1.069e-05
1650 -1.094e-05
1650 -1.06825e-05
1660 -1.11e-05
1660 -1.075e-05
1670 -1.035e-05
1670 -1.05675e-05
1680 -1.05675e-05
1680 -1.08675e-05
1690 -1.05925e-05
1690 -1.1125e-05
1700 -1.1125e-05
1700 -1.04925e-05
1710 -1.14175e-05
1710 -1.17175e-05
1720 -1.20675e-05
1720 -1.2225e-05
1730 -1.2025e-05
1740 -1.2025e-05
1740 -1.1325e-05
1750 -1.1425e-05
1750 -1.1725e-05
1760 -1.1025e-05
1760 -1.1675e-05
1770 -1.2125e-05
1770 -1.1625e-05
1780 -1.2025e-05
1780 -1.13925e-05
1790 -1.11175e-05
1800 -1.0675e-05
1800 -1.0725e-05
1810 -1.13575e-05
1810 -1.10075e-05
1820 -1.155e-05
1820 -1.10075e-05
1830 -1.09075e-05
1830 -1.10325e-05
1840 -1.09825e-05
1840 -1.1425e-05
1850 -1.0975e-05
1850 -1.14e-05
1860 -1.15e-05
1870 -1.10175e-05
1870 -1.18175e-05
1880 -1.21175e-05
1880 -1.16175e-05
1890 -1.24e-05
1890 -1.24e-05
1900 -1.175e-05
1900 -1.25e-05
1910 -1.16e-05
1910 -1.135e-05
1920 -1.095e-05
1920 -1.065e-05
1930 -1.09e-05
1930 -1.09e-05
1940 -1.155e-05
1950 -1.105e-05
1950 -1.15e-05
1960 -1.15e-05
1960 -1.125e-05
1970 -1.13e-05
1970 -1.135e-05
1980 -1.14e-05
1980 -1.175e-05
1990 -1.22e-05
1990 -1.17e-05
2000 -1.175e-05
2010 -1.1e-05
2010 -1.04175e-05
2020 -1.08175e-05
2020 -1.06675e-05
2030 -1.14675e-05
2030 -1.225e-05
2040 -1.17575e-05
2040 -1.18075e-05
2050 -1.10575e-05
2050 -1.07075e-05
2060 -1.13e-05
2060 -1.12e-05
2070 -1.11e-05
2070 -1.13e-05
2080 -1.12e-05
2080 -1.00425e-05
2090 -1.13425e-05
2100 -1.11925e-05
2100 -1.07425e-05
2110 -1.13e-05
2110 -1.09e-05
2120 -1.04575e-05
2120 -1.10075e-05
2130 -1.16575e-05
2130 -1.10575e-05
2140 -1.235e-05
2140 -1.1925e-05
2150 -1.2025e-05
2150 -1.21e-05
2160 -1.15e-05
2170 -1.15e-05
2170 -1.1525e-05
2180 -1.145e-05
2180 -1.1375e-05
2190 -1.125e-05
2190 -1.2025e-05
2200 -1.1975e-05
2200 -1.19e-05
2210 -1.2175e-05
2220 -1.1325e-05
2220 -1.1875e-05
2230 -1.1275e-05
2230 -1.1075e-05
2240 -1.0975e-05
2240 -1.0925e-05
2250 -1.1075e-05
2250 -1.175e-05
2260 -1.2e-05
2260 -1.255e-05
2270 -1.35e-05
2270 -1.3325e-05
2280 -1.3775e-05
2290 -1.3625e-05
2290 -1.305e-05
2300 -1.3325e-05
2300 -1.3025e-05
2310 -1.3175e-05
2310 -1.295e-05
2320 -1.31e-05
2320 -1.325e-05
2330 -1.295e-05
2330 -1.36e-05
2340 -1.2925e-05
2340 -1.2125e-05
2350 -1.2225e-05
2350 -1.2225e-05
2360 -1.265e-05
2360 -1.29e-05
2370 -1.285e-05
2380 -1.22e-05
2380 -1.2325e-05
2390 -1.2675e-05
2390 -1.2575e-05
2400 -1.3225e-05
2400 -1.2525e-05
2410 -1.1975e-05
2410 -1.1575e-05
2420 -1.2075e-05
2430 -1.18e-05
2430 -1.225e-05
2440 -1.285e-05
2440 -1.175e-05
2450 -1.275e-05
2450 -1.28e-05
2460 -1.265e-05
2460 -1.28e-05
2470 -1.285e-05
2470 -1.2625e-05
2480 -1.3075e-05
2490 -1.3725e-05
2490 -1.3875e-05
2500 -1.365e-05
2500 -1.36e-05
2510 -1.3725e-05
2510 -1.3225e-05
2520 -1.3825e-05
2530 -1.3475e-05
2530 -1.26e-05
2540 -1.295e-05
2540 -1.3e-05
2550 -1.2575e-05
2550 -1.3425e-05
2560 -1.285e-05
2560 -1.3075e-05
2570 -1.3125e-05
2580 -1.2875e-05
2580 -1.2625e-05
2590 -1.22e-05
2590 -1.3625e-05
2600 -1.35e-05
2600 -1.4025e-05
2610 -1.4225e-05
2620 -1.3275e-05
2620 -1.345e-05
2630 -1.3125e-05
2630 -1.3025e-05
2640 -1.3075e-05
2640 -1.2225e-05
2650 -1.26e-05
2650 -1.295e-05
2660 -1.2075e-05
2660 -1.2725e-05
2670 -1.2475e-05
2670 -1.1975e-05
2680 -1.2225e-05
2680 -1.1425e-05
2690 -1.1875e-05
2700 -1.1975e-05
2700 -1.195e-05
2710 -1.39e-05
2710 -1.3375e-05
2720 -1.2825e-05
2720 -1.3325e-05
2730 -1.15e-05
2730 -1.1925e-05
2740 -1.2175e-05
2740 -1.1775e-05
2750 -1.18e-05
2760 -1.26e-05
2760 -1.24e-05
2770 -1.2125e-05
2770 -1.2825e-05
2780 -1.2075e-05
2780 -1.2525e-05
2790 -1.325e-05
2790 -1.265e-05
2800 -1.26e-05
2800 -1.26e-05
2810 -1.225e-05
2810 -1.18e-05
2820 -1.19e-05
2830 -1.22e-05
2830 -1.245e-05
2840 -1.295e-05
2840 -1.305e-05
2850 -1.3e-05
2850 -1.305e-05
2860 -1.33e-05
2860 -1.345e-05
2870 -1.2825e-05
2870 -1.2825e-05
2880 -1.3025e-05
2880 -1.2075e-05
2890 -1.325e-05
2900 -1.2825e-05
2900 -1.2875e-05
2910 -1.2925e-05
2910 -1.2225e-05
2920 -1.205e-05
2920 -1.17e-05
2930 -1.21e-05
2930 -1.18e-05
2940 -1.245e-05
2940 -1.2425e-05
2950 -1.2875e-05
2950 -1.2825e-05
2960 -1.3075e-05
2970 -1.37e-05
2970 -1.3675e-05
2980 -1.4125e-05
2980 -1.3875e-05
2990 -1.275e-05
2990 -1.2725e-05
3000 -1.3075e-05
3000 -1.3375e-05
3010 -1.37e-05
3010 -1.39e-05
3020 -1.3025e-05
3020 -1.2875e-05
3030 -1.3125e-05
3040 -1.3775e-05
3040 -1.44e-05
3050 -1.3775e-05
3050 -1.4425e-05
3060 -1.3425e-05
3060 -1.3175e-05
3070 -1.355e-05
3070 -1.2625e-05
3080 -1.2625e-05
3080 -1.2725e-05
3090 -1.2875e-05
3090 -1.365e-05
3100 -1.2375e-05
3100 -1.2225e-05
3110 -1.2875e-05
3110 -1.1775e-05
3120 -1.345e-05
3120 -1.22825e-05
3130 -1.12825e-05
3140 -1.13075e-05
3140 -1.02575e-05
3150 -1.1125e-05
3150 -1.0975e-05
3160 -1.10175e-05
3160 -1.12175e-05
3170 -1.11675e-05
3170 -1.13175e-05
3180 -1.215e-05
3180 -1.19e-05
3190 -1.17e-05
3200 -1.195e-05
3200 -1.185e-05
3210 -1.195e-05
3210 -1.235e-05
3220 -1.24e-05
3220 -1.25e-05
3230 -1.32e-05
3230 -1.355e-05
3240 -1.315e-05
3240 -1.27e-05
3250 -1.2025e-05
3260 -1.1975e-05
3260 -1.185e-05
3270 -1.1875e-05
3270 -1.185e-05
3280 -1.18e-05
3280 -1.2475e-05
3290 -1.285e-05
3290 -1.365e-05
3300 -1.305e-05
3300 -1.25e-05
3310 -1.175e-05
3320 -1.165e-05
3320 -1.225e-05
3330 -1.24e-05
3330 -1.23075e-05
3340 -1.23075e-05
3340 -1.20575e-05
3350 -1.22575e-05
3350 -1.31e-05
3360 -1.23e-05
3360 -1.24e-05
3370 -1.2475e-05
3370 -1.2525e-05
3380 -1.27e-05
3390 -1.28e-05
3390 -1.2775e-05
3400 -1.24e-05
3400 -1.31e-05
3410 -1.285e-05
3410 -1.295e-05
3420 -1.29e-05
3420 -1.2775e-05
3430 -1.3975e-05
3440 -1.3325e-05
3440 -1.33e-05
3450 -1.3425e-05
3450 -1.2575e-05
3460 -1.2525e-05
3460 -1.3425e-05
3470 -1.33e-05
3470 -1.36e-05
3480 -1.28925e-05
3490 -1.23925e-05
3490 -1.20425e-05
3500 -1.15425e-05
3500 -1.3075e-05
3510 -1.2825e-05
3510 -1.2775e-05
3520 -1.2925e-05
3520 -1.2825e-05
3530 -1.25e-05
3540 -1.265e-05
3540 -1.24e-05
3550 -1.1725e-05
3550 -1.1925e-05
3560 -1.1525e-05
3560 -1.14e-05
3570 -1.19e-05
3580 -1.19e-05
3580 -1.225e-05
3590 -1.1925e-05
3590 -1.10425e-05
3600 -1.13675e-05
3600 -1.11675e-05
3610 -1.06425e-05
3610 -1.185e-05
3620 -1.085e-05
3630 -1.1075e-05
3630 -1.185e-05
3640 -1.1125e-05
3640 -1.13925e-05
3650 -1.12925e-05
3650 -1.16425e-05
3660 -1.14425e-05
3660 -1.2025e-05
3670 -1.205e-05
3670 -1.2e-05
3680 -1.25e-05
3680 -1.22e-05
3690 -1.24e-05
3700 -1.2125e-05
3700 -1.2225e-05
3710 -1.3075e-05
3710 -1.3125e-05
3720 -1.35e-05
3720 -1.355e-05
3730 -1.22075e-05
3730 -1.20575e-05
3740 -1.21825e-05
3740 -1.22325e-05
3750 -1.3425e-05
3750 -1.3175e-05
3760 -1.335e-05
3770 -1.295e-05
3770 -1.275e-05
3780 -1.2725e-05
3780 -1.15825e-05
3790 -1.14433333333333e-05
3790 -9.83e-06
