224 -1.6e-06
229 -3.25e-06
234 -3.246e-06
239 -4.03e-06
245 -4.032e-06
250 -4.209e-06
255 -4.373e-06
261 -4.534e-06
266 -4.77866666666667e-06
271 -4.9075e-06
277 -5.0635e-06
282 -5.2115e-06
287 -5.316e-06
293 -5.4555e-06
298 -5.69e-06
304 -5.748e-06
309 -5.93e-06
314 -6.1475e-06
320 -6.0995e-06
325 -6.3135e-06
330 -6.4165e-06
335 -6.359e-06
341 -6.465e-06
347 -6.547e-06
352 -6.5185e-06
357 -6.631e-06
362 -6.615e-06
367 -6.787e-06
373 -6.8335e-06
378 -6.7795e-06
384 -6.9075e-06
390 -6.9115e-06
395 -6.9765e-06
400 -7.035e-06
406 -7.021e-06
411 -7.119e-06
416 -7.0045e-06
421 -6.9505e-06
427 -7.2755e-06
432 -7.1255e-06
437 -7.204e-06
442 -7.316e-06
448 -7.378e-06
453 -7.376e-06
458 -7.4765e-06
463 -7.5105e-06
469 -7.6585e-06
474 -7.5595e-06
479 -7.6455e-06
484 -7.7875e-06
490 -7.765e-06
496 -7.851e-06
501 -7.9315e-06
506 -8.0045e-06
511 -8.0665e-06
516 -7.9895e-06
521 -8.124e-06
527 -8.158e-06
532 -8.0595e-06
537 -8.2355e-06
543 -8.3175e-06
548 -8.3075e-06
553 -8.2575e-06
559 -8.2975e-06
564 -8.3035e-06
570 -8.4835e-06
575 -8.9545e-06
580 -8.853e-06
586 -8.7035e-06
591 -8.6655e-06
596 -8.672e-06
602 -8.588e-06
607 -8.4555e-06
613 -8.4505e-06
618 -8.363e-06
623 -8.603e-06
628 -8.681e-06
634 -8.775e-06
640 -8.83e-06
645 -8.842e-06
650 -8.8365e-06
655 -9.038e-06
661 -9.04e-06
666 -9.34e-06
672 -9.81e-06
677 -9.755e-06
682 -9.2315e-06
687 -9.598e-06
693 -9.7255e-06
698 -9.7355e-06
704 -9.724e-06
709 -9.802e-06
716 -9.9705e-06
721 -9.974e-06
726 -1.01135e-05
731 -9.89e-06
737 -9.8175e-06
742 -9.8925e-06
747 -9.7995e-06
752 -9.7815e-06
758 -9.835e-06
763 -9.6885e-06
768 -9.7665e-06
774 -9.5265e-06
779 -9.065e-06
785 -9.002e-06
791 -9.067e-06
796 -9.142e-06
802 -9.17e-06
807 -9.1305e-06
812 -9.329e-06
818 -9.321e-06
823 -9.305e-06
828 -9.295e-06
834 -9.399e-06
839 -9.509e-06
845 -9.576e-06
850 -9.601e-06
855 -9.7625e-06
861 -9.7705e-06
866 -9.747e-06
871 -9.8935e-06
876 -9.9605e-06
882 -9.979e-06
887 -1.03155e-05
893 -1.03885e-05
899 -1.03105e-05
904 -1.03055e-05
909 -1.05535e-05
914 -1.0717e-05
920 -1.0772e-05
925 -1.0976e-05
930 -1.1267e-05
936 -1.13785e-05
941 -1.12985e-05
946 -1.1367e-05
952 -1.14135e-05
957 -1.1247e-05
962 -1.1185e-05
968 -1.1275e-05
973 -1.13385e-05
978 -1.13635e-05
983 -1.13935e-05
989 -1.1425e-05
994 -1.13e-05
999 -1.1425e-05
1000 -1.15965e-05
1010 -1.1398e-05
1020 -1.1268e-05
1020 -1.1303e-05
1030 -1.1238e-05
1030 -1.1078e-05
1040 -1.0888e-05
1040 -1.0983e-05
1050 -1.0913e-05
1050 -1.0903e-05
1060 -1.0933e-05
1060 -1.08965e-05
1070 -1.10285e-05
1070 -1.09985e-05
1080 -1.094e-05
1080 -1.0885e-05
1090 -1.084e-05
1090 -1.092e-05
1100 -1.0985e-05
1110 -1.08085e-05
1110 -1.07585e-05
1120 -1.0847e-05
1120 -1.0957e-05
1130 -1.0952e-05
1130 -1.1087e-05
1140 -1.1362e-05
1140 -1.1302e-05
1150 -1.1297e-05
1150 -1.1427e-05
1160 -1.1532e-05
1170 -1.1497e-05
1170 -1.1845e-05
1180 -1.178e-05
1180 -1.182e-05
1190 -1.20185e-05
1190 -1.21585e-05
1200 -1.22685e-05
1200 -1.22285e-05
1210 -1.21285e-05
1210 -1.226e-05
1220 -1.228e-05
1220 -1.224e-05
1230 -1.2235e-05
1240 -1.219e-05
1240 -1.1995e-05
1250 -1.1785e-05
1250 -1.17115e-05
1260 -1.16765e-05
1260 -1.15965e-05
1270 -1.16715e-05
1270 -1.17165e-05
1280 -1.15465e-05
1280 -1.15465e-05
1290 -1.16165e-05
1290 -1.14315e-05
1300 -1.14415e-05
1310 -1.12415e-05
1310 -1.13215e-05
1320 -1.11965e-05
1320 -1.11465e-05
1330 -1.11565e-05
1330 -1.12415e-05
1340 -1.12965e-05
1340 -1.14115e-05
1350 -1.15115e-05
1360 -1.15765e-05
1360 -1.181e-05
1370 -1.189e-05
1370 -1.208e-05
1380 -1.18415e-05
1380 -1.19915e-05
1390 -1.20765e-05
1400 -1.20515e-05
1400 -1.19765e-05
1410 -1.21015e-05
1410 -1.21015e-05
1420 -1.22265e-05
1420 -1.22315e-05
1430 -1.23115e-05
1430 -1.22765e-05
1440 -1.24365e-05
1440 -1.24315e-05
1450 -1.22465e-05
1460 -1.21915e-05
1460 -1.21265e-05
1470 -1.20865e-05
1470 -1.19965e-05
1480 -1.19615e-05
1480 -1.17815e-05
1490 -1.2075e-05
1500 -1.2e-05
1500 -1.214e-05
1510 -1.243e-05
1510 -1.252e-05
1520 -1.263e-05
1520 -1.26e-05
1530 -1.266e-05
1540 -1.2785e-05
1540 -1.283e-05
1550 -1.301e-05
1550 -1.311e-05
1560 -1.307e-05
1560 -1.322e-05
1570 -1.321e-05
1570 -1.336e-05
1580 -1.3315e-05
1590 -1.3275e-05
1590 -1.326e-05
1600 -1.337e-05
1600 -1.318e-05
1610 -1.3065e-05
1610 -1.288e-05
1620 -1.2615e-05
1620 -1.247e-05
1630 -1.2605e-05
1640 -1.2431e-05
1640 -1.2321e-05
1650 -1.2241e-05
1650 -1.2316e-05
1660 -1.2136e-05
1660 -1.1966e-05
1670 -1.1846e-05
1670 -1.1936e-05
1680 -1.1966e-05
1680 -1.1841e-05
1690 -1.1856e-05
1690 -1.1906e-05
1700 -1.1896e-05
1700 -1.1781e-05
1710 -1.1911e-05
1720 -1.1931e-05
1720 -1.1896e-05
1730 -1.1856e-05
1730 -1.2031e-05
1740 -1.1751e-05
1740 -1.214e-05
1750 -1.212e-05
1750 -1.219e-05
1760 -1.2155e-05
1760 -1.234e-05
1770 -1.2245e-05
1770 -1.243e-05
1780 -1.2345e-05
1790 -1.234e-05
1790 -1.234e-05
1800 -1.245e-05
1800 -1.253e-05
1810 -1.2565e-05
1810 -1.2705e-05
1820 -1.2815e-05
1820 -1.299e-05
1830 -1.295e-05
1830 -1.32e-05
1840 -1.3145e-05
1850 -1.3155e-05
1850 -1.299e-05
1860 -1.3125e-05
1860 -1.311e-05
1870 -1.3105e-05
1870 -1.292e-05
1880 -1.308e-05
1880 -1.3115e-05
1890 -1.297e-05
1890 -1.3005e-05
1900 -1.312e-05
1900 -1.296e-05
1910 -1.295e-05
1910 -1.2945e-05
1920 -1.305e-05
1930 -1.3005e-05
1930 -1.286e-05
1940 -1.295e-05
1940 -1.3075e-05
1950 -1.299e-05
1950 -1.31e-05
1960 -1.298e-05
1960 -1.3085e-05
1970 -1.3005e-05
1970 -1.295e-05
1980 -1.3235e-05
1980 -1.319e-05
1990 -1.3115e-05
1990 -1.326e-05
2000 -1.317e-05
2010 -1.321e-05
2010 -1.3345e-05
2020 -1.34e-05
2020 -1.3475e-05
2030 -1.3415e-05
2030 -1.3205e-05
2040 -1.334e-05
2040 -1.3445e-05
2050 -1.316e-05
2050 -1.32e-05
2060 -1.33e-05
2070 -1.343e-05
2070 -1.31315e-05
2080 -1.30865e-05
2080 -1.33115e-05
2090 -1.31015e-05
2090 -1.31915e-05
2100 -1.32065e-05
2100 -1.31815e-05
2110 -1.32315e-05
2110 -1.33165e-05
2120 -1.33615e-05
2120 -1.32515e-05
2130 -1.32565e-05
2140 -1.31965e-05
2140 -1.33665e-05
2150 -1.32315e-05
2150 -1.32115e-05
2160 -1.33115e-05
2160 -1.33665e-05
2170 -1.31465e-05
2170 -1.31315e-05
2180 -1.3365e-05
2180 -1.3395e-05
2190 -1.3195e-05
2190 -1.3255e-05
2200 -1.314e-05
2210 -1.316e-05
2210 -1.317e-05
2220 -1.313e-05
2220 -1.3075e-05
2230 -1.2955e-05
2230 -1.3035e-05
2240 -1.2905e-05
2240 -1.3005e-05
2250 -1.29e-05
2250 -1.2885e-05
2260 -1.277e-05
2260 -1.2735e-05
2270 -1.276e-05
2280 -1.2835e-05
2280 -1.277e-05
2290 -1.281e-05
2290 -1.291e-05
2300 -1.303e-05
2300 -1.3055e-05
2310 -1.3145e-05
2310 -1.3175e-05
2320 -1.305e-05
2320 -1.3145e-05
2330 -1.3075e-05
2330 -1.3225e-05
2340 -1.3145e-05
2340 -1.31e-05
2350 -1.2985e-05
2360 -1.2975e-05
2360 -1.328e-05
2370 -1.30215e-05
2370 -1.30315e-05
2380 -1.29065e-05
2380 -1.29165e-05
2390 -1.28665e-05
2390 -1.27065e-05
2400 -1.25815e-05
2400 -1.24065e-05
2410 -1.23265e-05
2410 -1.22615e-05
2420 -1.22565e-05
2420 -1.24565e-05
2430 -1.24515e-05
2430 -1.23965e-05
2440 -1.23615e-05
2440 -1.24615e-05
2450 -1.25665e-05
2460 -1.24865e-05
2460 -1.25015e-05
2470 -1.22315e-05
2470 -1.2605e-05
2480 -1.2585e-05
2480 -1.266e-05
2490 -1.2715e-05
2490 -1.2685e-05
2500 -1.272e-05
2500 -1.2765e-05
2510 -1.2875e-05
2510 -1.2895e-05
2520 -1.276e-05
2530 -1.269e-05
2530 -1.2416e-05
2540 -1.2411e-05
2540 -1.2441e-05
2550 -1.2286e-05
2550 -1.2296e-05
2560 -1.2321e-05
2560 -1.2456e-05
2570 -1.2366e-05
2570 -1.2406e-05
2580 -1.2381e-05
2580 -1.2306e-05
2590 -1.2396e-05
2590 -1.2466e-05
2600 -1.2781e-05
2600 -1.2761e-05
2610 -1.2791e-05
2610 -1.2881e-05
2620 -1.2806e-05
2630 -1.2911e-05
2630 -1.3076e-05
2640 -1.3295e-05
2640 -1.3325e-05
2650 -1.3425e-05
2650 -1.3525e-05
2660 -1.346e-05
2660 -1.3415e-05
2670 -1.36e-05
2670 -1.3535e-05
2680 -1.354e-05
2680 -1.357e-05
2690 -1.3775e-05
2690 -1.369e-05
2700 -1.3695e-05
2710 -1.362e-05
2710 -1.3815e-05
2720 -1.3725e-05
2720 -1.371e-05
2730 -1.3885e-05
2730 -1.397e-05
2740 -1.38e-05
2740 -1.386e-05
2750 -1.3875e-05
2750 -1.374e-05
2760 -1.385e-05
2760 -1.3895e-05
2770 -1.3905e-05
2770 -1.3855e-05
2780 -1.4145e-05
2780 -1.4105e-05
2790 -1.4175e-05
2790 -1.401e-05
2800 -1.415e-05
2810 -1.411e-05
2810 -1.397e-05
2820 -1.3935e-05
2820 -1.4085e-05
2830 -1.4085e-05
2830 -1.407e-05
2840 -1.3955e-05
2840 -1.4125e-05
2850 -1.401e-05
2850 -1.398e-05
2860 -1.419e-05
2870 -1.414e-05
2870 -1.401e-05
2880 -1.411e-05
2880 -1.384e-05
2890 -1.3765e-05
2890 -1.401e-05
2900 -1.387e-05
2900 -1.395e-05
2910 -1.384e-05
2910 -1.373e-05
2920 -1.39e-05
2930 -1.376e-05
2930 -1.383e-05
2940 -1.3915e-05
2940 -1.3905e-05
2950 -1.3975e-05
2950 -1.4095e-05
2960 -1.4165e-05
2970 -1.4235e-05
2970 -1.404e-05
2980 -1.396e-05
2980 -1.4275e-05
2990 -1.431e-05
2990 -1.44e-05
3000 -1.4325e-05
3010 -1.4225e-05
3010 -1.436e-05
3020 -1.44e-05
3020 -1.452e-05
3030 -1.4525e-05
3030 -1.446e-05
3040 -1.451e-05
3040 -1.4415e-05
3050 -1.4225e-05
3060 -1.438e-05
3060 -1.433e-05
3070 -1.423e-05
3070 -1.4075e-05
3080 -1.418e-05
3080 -1.4155e-05
3090 -1.4355e-05
3100 -1.4125e-05
3100 -1.413e-05
3110 -1.4295e-05
3110 -1.436e-05
3120 -1.4315e-05
3120 -1.423e-05
3130 -1.4095e-05
3130 -1.405e-05
3140 -1.4145e-05
3140 -1.4035e-05
3150 -1.4175e-05
3160 -1.42e-05
3160 -1.432e-05
3170 -1.4095e-05
3170 -1.4245e-05
3180 -1.4245e-05
3180 -1.429e-05
3190 -1.422e-05
3190 -1.436e-05
3200 -1.418e-05
3200 -1.427e-05
3210 -1.412e-05
3210 -1.4075e-05
3220 -1.413e-05
3220 -1.407e-05
3230 -1.4075e-05
3240 -1.4235e-05
3240 -1.416e-05
3250 -1.4225e-05
3250 -1.4255e-05
3260 -1.427e-05
3260 -1.416e-05
3270 -1.4245e-05
3270 -1.4255e-05
3280 -1.427e-05
3280 -1.43e-05
3290 -1.445e-05
3290 -1.4325e-05
3300 -1.4395e-05
3310 -1.454e-05
3310 -1.4445e-05
3320 -1.4625e-05
3320 -1.466e-05
3330 -1.4645e-05
3330 -1.462e-05
3340 -1.465e-05
3340 -1.463e-05
3350 -1.4575e-05
3350 -1.453e-05
3360 -1.461e-05
3360 -1.446e-05
3370 -1.4655e-05
3370 -1.4635e-05
3380 -1.4625e-05
3390 -1.462e-05
3390 -1.4595e-05
3400 -1.456e-05
3400 -1.477e-05
3410 -1.4765e-05
3410 -1.467e-05
3420 -1.4865e-05
3420 -1.4835e-05
3430 -1.4845e-05
3430 -1.477e-05
3440 -1.5025e-05
3440 -1.5045e-05
3450 -1.492e-05
3450 -1.4925e-05
3460 -1.492e-05
3470 -1.491e-05
3470 -1.4965e-05
3480 -1.4775e-05
3480 -1.4685e-05
3490 -1.467e-05
3490 -1.462e-05
3500 -1.4455e-05
3500 -1.4545e-05
3510 -1.446e-05
3510 -1.4505e-05
3520 -1.457e-05
3520 -1.435e-05
3530 -1.432e-05
3540 -1.4285e-05
3540 -1.4345e-05
3550 -1.412e-05
3550 -1.406e-05
3560 -1.4195e-05
3560 -1.4275e-05
3570 -1.4315e-05
3570 -1.4225e-05
3580 -1.427e-05
3580 -1.4385e-05
3590 -1.4425e-05
3590 -1.4555e-05
3600 -1.4495e-05
3600 -1.4655e-05
3610 -1.465e-05
3610 -1.4545e-05
3620 -1.4495e-05
3630 -1.456e-05
3630 -1.4745e-05
3640 -1.4625e-05
3640 -1.4645e-05
3650 -1.4675e-05
3650 -1.467e-05
3660 -1.469e-05
3660 -1.4685e-05
3670 -1.4745e-05
3670 -1.473e-05
3680 -1.4735e-05
3680 -1.473e-05
3690 -1.4755e-05
3690 -1.463e-05
3700 -1.466e-05
3700 -1.47133333333333e-05
3710 -1.466e-05
3720 -1.46866666666667e-05
3720 -1.446e-05
3730 -1.455e-05
3730 -1.492e-05
3740 -1.438e-05
3740 -1.446e-05
3750 -1.47333333333333e-05
3750 -1.58e-05
