198 -2.2e-06
204 -3.475e-06
209 -3.62e-06
215 -4.34e-06
220 -4.813e-06
225 -5.393e-06
231 -5.543e-06
236 -5.92666666666667e-06
241 -6.34666666666667e-06
246 -6.91e-06
251 -7.43e-06
257 -7.73e-06
262 -8.13e-06
267 -8.4385e-06
272 -8.7885e-06
278 -8.9285e-06
283 -9.162e-06
288 -9.412e-06
293 -9.732e-06
298 -9.992e-06
303 -1.0182e-05
309 -1.03985e-05
314 -1.05785e-05
319 -1.07185e-05
324 -1.06885e-05
329 -1.08735e-05
335 -1.07685e-05
340 -1.10885e-05
345 -1.10385e-05
350 -1.10585e-05
355 -1.10485e-05
361 -1.1065e-05
366 -1.1095e-05
371 -1.1155e-05
376 -1.1225e-05
381 -1.1485e-05
387 -1.155e-05
392 -1.144e-05
397 -1.145e-05
402 -1.164e-05
407 -1.1715e-05
413 -1.192e-05
418 -1.197e-05
423 -1.206e-05
428 -1.19985e-05
433 -1.20285e-05
439 -1.21335e-05
444 -1.20635e-05
449 -1.21235e-05
454 -1.21635e-05
460 -1.21735e-05
465 -1.23035e-05
470 -1.23835e-05
475 -1.23335e-05
481 -1.23735e-05
486 -1.23635e-05
491 -1.24835e-05
496 -1.26235e-05
502 -1.25735e-05
507 -1.24635e-05
512 -1.24685e-05
517 -1.24885e-05
522 -1.23485e-05
528 -1.24185e-05
533 -1.273e-05
538 -1.28e-05
543 -1.272e-05
548 -1.277e-05
554 -1.281e-05
559 -1.285e-05
564 -1.29e-05
569 -1.294e-05
574 -1.296e-05
580 -1.3065e-05
585 -1.2945e-05
590 -1.2955e-05
595 -1.3035e-05
600 -1.3135e-05
606 -1.316e-05
611 -1.326e-05
616 -1.338e-05
621 -1.355e-05
626 -1.362e-05
632 -1.3515e-05
637 -1.3535e-05
642 -1.3545e-05
647 -1.3755e-05
652 -1.387e-05
658 -1.402e-05
663 -1.397e-05
668 -1.404e-05
673 -1.4145e-05
678 -1.4175e-05
684 -1.407e-05
689 -1.424e-05
694 -1.416e-05
699 -1.416e-05
705 -1.419e-05
710 -1.4465e-05
715 -1.4455e-05
720 -1.4225e-05
726 -1.4065e-05
731 -1.4145e-05
736 -1.419e-05
741 -1.416e-05
747 -1.418e-05
752 -1.403e-05
757 -1.3965e-05
762 -1.4065e-05
767 -1.4165e-05
773 -1.4005e-05
778 -1.3855e-05
783 -1.3895e-05
788 -1.4095e-05
793 -1.4155e-05
798 -1.422e-05
804 -1.425e-05
809 -1.427e-05
814 -1.4055e-05
819 -1.4135e-05
824 -1.4335e-05
830 -1.44e-05
835 -1.451e-05
840 -1.4465e-05
845 -1.4525e-05
851 -1.4525e-05
856 -1.4695e-05
861 -1.4745e-05
867 -1.4595e-05
872 -1.4655e-05
877 -1.4835e-05
883 -1.497e-05
888 -1.499e-05
894 -1.487e-05
899 -1.49e-05
904 -1.5085e-05
909 -1.5005e-05
914 -1.5065e-05
920 -1.5115e-05
925 -1.5125e-05
930 -1.5205e-05
935 -1.525e-05
940 -1.527e-05
946 -1.536e-05
951 -1.535e-05
956 -1.54e-05
961 -1.54e-05
966 -1.541e-05
972 -1.542e-05
977 -1.542e-05
982 -1.543e-05
987 -1.545e-05
992 -1.548e-05
998 -1.5575e-05
1000 -1.5425e-05
1010 -1.5445e-05
1010 -1.5645e-05
1020 -1.543e-05
1020 -1.5695e-05
1030 -1.5755e-05
1030 -1.5825e-05
1040 -1.5925e-05
1040 -1.574e-05
1050 -1.5965e-05
1060 -1.6115e-05
1060 -1.6185e-05
1070 -1.6265e-05
1070 -1.6185e-05
1080 -1.6365e-05
1080 -1.6435e-05
1090 -1.6465e-05
1090 -1.6335e-05
1100 -1.6305e-05
1100 -1.6255e-05
1110 -1.6245e-05
1110 -1.6125e-05
1120 -1.6005e-05
1120 -1.6145e-05
1130 -1.5975e-05
1130 -1.5855e-05
1140 -1.563e-05
1140 -1.561e-05
1150 -1.5855e-05
1160 -1.5775e-05
1160 -1.5575e-05
1170 -1.5695e-05
1170 -1.558e-05
1180 -1.579e-05
1180 -1.583e-05
1190 -1.588e-05
1190 -1.576e-05
1200 -1.5845e-05
1200 -1.6035e-05
1210 -1.629e-05
1210 -1.658e-05
1220 -1.647e-05
1220 -1.66e-05
1230 -1.6545e-05
1230 -1.6535e-05
1240 -1.6545e-05
1240 -1.666e-05
1250 -1.645e-05
1260 -1.649e-05
1260 -1.648e-05
1270 -1.656e-05
1270 -1.637e-05
1280 -1.63e-05
1280 -1.619e-05
1290 -1.597e-05
1290 -1.588e-05
1300 -1.595e-05
1300 -1.6055e-05
1310 -1.5795e-05
1310 -1.559e-05
1320 -1.561e-05
1320 -1.5625e-05
1330 -1.5485e-05
1330 -1.5545e-05
1340 -1.561e-05
1340 -1.544e-05
1350 -1.5465e-05
1350 -1.5575e-05
1360 -1.5365e-05
1370 -1.537e-05
1370 -1.5205e-05
1380 -1.5485e-05
1380 -1.553e-05
1390 -1.548e-05
1390 -1.573e-05
1400 -1.577e-05
1410 -1.594e-05
1410 -1.5785e-05
1420 -1.6175e-05
1420 -1.624e-05
1430 -1.599e-05
1430 -1.6065e-05
1440 -1.6095e-05
1450 -1.5975e-05
1450 -1.5955e-05
1460 -1.6095e-05
1460 -1.591e-05
1470 -1.6e-05
1470 -1.605e-05
1480 -1.5975e-05
1480 -1.599e-05
1490 -1.573e-05
1490 -1.571e-05
1500 -1.566e-05
1510 -1.5625e-05
1510 -1.5545e-05
1520 -1.5475e-05
1520 -1.5675e-05
1530 -1.54e-05
1530 -1.557e-05
1540 -1.566e-05
1540 -1.587e-05
1550 -1.58e-05
1560 -1.5965e-05
1560 -1.6225e-05
1570 -1.6465e-05
1570 -1.666e-05
1580 -1.666e-05
1590 -1.671e-05
1590 -1.682e-05
1600 -1.708e-05
1600 -1.713e-05
1610 -1.726e-05
1610 -1.7275e-05
1620 -1.7145e-05
1620 -1.7225e-05
1630 -1.7195e-05
1640 -1.7235e-05
1640 -1.713e-05
1650 -1.704e-05
1650 -1.718e-05
1660 -1.714e-05
1660 -1.728e-05
1670 -1.7305e-05
1670 -1.7045e-05
1680 -1.7035e-05
1680 -1.705e-05
1690 -1.6925e-05
1700 -1.6965e-05
1700 -1.6875e-05
1710 -1.6775e-05
1710 -1.6555e-05
1720 -1.6395e-05
1720 -1.646e-05
1730 -1.6725e-05
1730 -1.6495e-05
1740 -1.638e-05
1740 -1.6255e-05
1750 -1.6425e-05
1750 -1.6295e-05
1760 -1.6495e-05
1760 -1.6375e-05
1770 -1.6365e-05
1770 -1.6425e-05
1780 -1.643e-05
1780 -1.638e-05
1790 -1.641e-05
1800 -1.6505e-05
1800 -1.6685e-05
1810 -1.6805e-05
1810 -1.683e-05
1820 -1.71e-05
1820 -1.739e-05
1830 -1.771e-05
1830 -1.773e-05
1840 -1.7755e-05
1840 -1.821e-05
1850 -1.825e-05
1850 -1.847e-05
1860 -1.8635e-05
1860 -1.8455e-05
1870 -1.8575e-05
1870 -1.8915e-05
1880 -1.8795e-05
1880 -1.8915e-05
1890 -1.8985e-05
1900 -1.8845e-05
1900 -1.9015e-05
1910 -1.882e-05
1910 -1.894e-05
1920 -1.8925e-05
1920 -1.8925e-05
1930 -1.9005e-05
1930 -1.8495e-05
1940 -1.8445e-05
1940 -1.877e-05
1950 -1.854e-05
1950 -1.862e-05
1960 -1.8295e-05
1960 -1.812e-05
1970 -1.808e-05
1970 -1.8005e-05
1980 -1.7635e-05
1980 -1.7835e-05
1990 -1.772e-05
1990 -1.76e-05
2000 -1.777e-05
2000 -1.766e-05
2010 -1.7715e-05
2020 -1.74e-05
2020 -1.747e-05
2030 -1.753e-05
2030 -1.736e-05
2040 -1.767e-05
2040 -1.745e-05
2050 -1.737e-05
2050 -1.736e-05
2060 -1.731e-05
2060 -1.7465e-05
2070 -1.7475e-05
2070 -1.7475e-05
2080 -1.734e-05
2080 -1.7345e-05
2090 -1.7385e-05
2090 -1.727e-05
2100 -1.746e-05
2100 -1.7385e-05
2110 -1.7465e-05
2110 -1.7435e-05
2120 -1.754e-05
2130 -1.764e-05
2130 -1.741e-05
2140 -1.745e-05
2140 -1.744e-05
2150 -1.7425e-05
2150 -1.7505e-05
2160 -1.7325e-05
2160 -1.7285e-05
2170 -1.7245e-05
2170 -1.7415e-05
2180 -1.7305e-05
2190 -1.7555e-05
2190 -1.765e-05
2200 -1.756e-05
2200 -1.7575e-05
2210 -1.7345e-05
2210 -1.721e-05
2220 -1.702e-05
2220 -1.716e-05
2230 -1.723e-05
2230 -1.7015e-05
2240 -1.7065e-05
2240 -1.7085e-05
2250 -1.693e-05
2250 -1.7295e-05
2260 -1.7045e-05
2260 -1.7175e-05
2270 -1.711e-05
2280 -1.711e-05
2280 -1.705e-05
2290 -1.7025e-05
2290 -1.6955e-05
2300 -1.6945e-05
2300 -1.6935e-05
2310 -1.681e-05
2310 -1.685e-05
2320 -1.71e-05
2330 -1.718e-05
2330 -1.716e-05
2340 -1.699e-05
2340 -1.7105e-05
2350 -1.7145e-05
2350 -1.6925e-05
2360 -1.698e-05
2360 -1.671e-05
2370 -1.703e-05
2370 -1.686e-05
2380 -1.683e-05
2380 -1.682e-05
2390 -1.683e-05
2390 -1.6915e-05
2400 -1.6885e-05
2400 -1.679e-05
2410 -1.676e-05
2410 -1.68e-05
2420 -1.682e-05
2420 -1.674e-05
2430 -1.667e-05
2440 -1.639e-05
2440 -1.651e-05
2450 -1.647e-05
2450 -1.635e-05
2460 -1.653e-05
2460 -1.6465e-05
2470 -1.6495e-05
2470 -1.6375e-05
2480 -1.6405e-05
2480 -1.657e-05
2490 -1.652e-05
2490 -1.64e-05
2500 -1.661e-05
2500 -1.649e-05
2510 -1.6645e-05
2510 -1.648e-05
2520 -1.682e-05
2520 -1.673e-05
2530 -1.667e-05
2530 -1.674e-05
2540 -1.69e-05
2550 -1.689e-05
2550 -1.687e-05
2560 -1.6685e-05
2560 -1.6625e-05
2570 -1.672e-05
2570 -1.665e-05
2580 -1.654e-05
2580 -1.6515e-05
2590 -1.6475e-05
2590 -1.6495e-05
2600 -1.6625e-05
2600 -1.6385e-05
2610 -1.6345e-05
2610 -1.6255e-05
2620 -1.636e-05
2620 -1.621e-05
2630 -1.626e-05
2630 -1.632e-05
2640 -1.6145e-05
2640 -1.6145e-05
2650 -1.6135e-05
2650 -1.589e-05
2660 -1.6205e-05
2670 -1.6275e-05
2670 -1.6415e-05
2680 -1.6495e-05
2680 -1.641e-05
2690 -1.6355e-05
2690 -1.6385e-05
2700 -1.6375e-05
2700 -1.6365e-05
2710 -1.626e-05
2710 -1.649e-05
2720 -1.65e-05
2720 -1.66e-05
2730 -1.652e-05
2730 -1.646e-05
2740 -1.65e-05
2740 -1.6645e-05
2750 -1.6685e-05
2750 -1.656e-05
2760 -1.6865e-05
2760 -1.6705e-05
2770 -1.6685e-05
2770 -1.6635e-05
2780 -1.638e-05
2790 -1.6565e-05
2790 -1.6815e-05
2800 -1.6815e-05
2800 -1.6845e-05
2810 -1.66e-05
2810 -1.6825e-05
2820 -1.6875e-05
2820 -1.6865e-05
2830 -1.6895e-05
2830 -1.7085e-05
2840 -1.7115e-05
2840 -1.7225e-05
2850 -1.713e-05
2850 -1.73e-05
2860 -1.7325e-05
2860 -1.7405e-05
2870 -1.7795e-05
2870 -1.761e-05
2880 -1.777e-05
2880 -1.8005e-05
2890 -1.8105e-05
2890 -1.801e-05
2900 -1.818e-05
2910 -1.8065e-05
2910 -1.817e-05
2920 -1.7995e-05
2920 -1.794e-05
2930 -1.805e-05
2930 -1.7845e-05
2940 -1.7855e-05
2940 -1.778e-05
2950 -1.788e-05
2950 -1.7925e-05
2960 -1.783e-05
2960 -1.7925e-05
2970 -1.8005e-05
2980 -1.792e-05
2980 -1.8205e-05
2990 -1.806e-05
2990 -1.805e-05
3000 -1.804e-05
3000 -1.794e-05
3010 -1.803e-05
3020 -1.815e-05
3020 -1.857e-05
3030 -1.845e-05
3030 -1.8515e-05
3040 -1.8255e-05
3040 -1.851e-05
3050 -1.841e-05
3050 -1.8645e-05
3060 -1.829e-05
3070 -1.839e-05
3070 -1.816e-05
3080 -1.8175e-05
3080 -1.8025e-05
3090 -1.803e-05
3090 -1.7835e-05
3100 -1.772e-05
3110 -1.7655e-05
3110 -1.7825e-05
3120 -1.7795e-05
3120 -1.7645e-05
3130 -1.761e-05
3130 -1.723e-05
3140 -1.7605e-05
3140 -1.741e-05
3150 -1.763e-05
3160 -1.757e-05
3160 -1.747e-05
3170 -1.717e-05
3170 -1.7415e-05
3180 -1.723e-05
3180 -1.7315e-05
3190 -1.7315e-05
3190 -1.7245e-05
3200 -1.6945e-05
3200 -1.702e-05
3210 -1.703e-05
3220 -1.7015e-05
3220 -1.6695e-05
3230 -1.691e-05
3230 -1.661e-05
3240 -1.666e-05
3240 -1.66e-05
3250 -1.639e-05
3250 -1.6455e-05
3260 -1.627e-05
3260 -1.619e-05
3270 -1.6255e-05
3270 -1.6585e-05
3280 -1.6275e-05
3280 -1.654e-05
3290 -1.664e-05
3300 -1.6605e-05
3300 -1.6815e-05
3310 -1.7025e-05
3310 -1.69e-05
3320 -1.676e-05
3320 -1.696e-05
3330 -1.703e-05
3330 -1.6895e-05
3340 -1.7135e-05
3340 -1.7175e-05
3350 -1.7475e-05
3350 -1.7605e-05
3360 -1.744e-05
3360 -1.7675e-05
3370 -1.7725e-05
3370 -1.767e-05
3380 -1.754e-05
3390 -1.777e-05
3390 -1.767e-05
3400 -1.7535e-05
3400 -1.748e-05
3410 -1.736e-05
3410 -1.741e-05
3420 -1.7545e-05
3420 -1.765e-05
3430 -1.763e-05
3430 -1.762e-05
3440 -1.7635e-05
3440 -1.7565e-05
3450 -1.7385e-05
3450 -1.7395e-05
3460 -1.7155e-05
3460 -1.737e-05
3470 -1.732e-05
3470 -1.733e-05
3480 -1.73e-05
3480 -1.728e-05
3490 -1.7065e-05
3490 -1.7125e-05
3500 -1.723e-05
3510 -1.744e-05
3510 -1.724e-05
3520 -1.725e-05
3520 -1.708e-05
3530 -1.7115e-05
3530 -1.7015e-05
3540 -1.6955e-05
3540 -1.6985e-05
3550 -1.6755e-05
3550 -1.6855e-05
3560 -1.655e-05
3560 -1.669e-05
3570 -1.657e-05
3570 -1.644e-05
3580 -1.615e-05
3580 -1.623e-05
3590 -1.591e-05
3600 -1.6045e-05
3600 -1.5945e-05
3610 -1.578e-05
3610 -1.56e-05
3620 -1.571e-05
3620 -1.558e-05
3630 -1.572e-05
3630 -1.555e-05
3640 -1.555e-05
3640 -1.561e-05
3650 -1.563e-05
3650 -1.558e-05
3660 -1.56333333333333e-05
3660 -1.57e-05
3670 -1.617e-05
3670 -1.613e-05
3680 -1.588e-05
3680 -1.62e-05
3690 -1.62e-05
3690 -1.71333333333333e-05
3700 -1.66e-05
