303 -1.67e-07
308 -4.42333333333333e-07
313 -5.33333333333333e-07
318 -3.37666666666667e-07
324 -3.51e-07
329 -3.77666666666667e-07
334 -5.2e-07
339 -7.73333333333333e-07
344 -8.33333333333333e-07
350 -9e-07
355 -8.86666666666667e-07
360 -8.66666666666667e-07
365 -8.35666666666667e-07
371 -7.29e-07
376 -9.55666666666667e-07
381 -1.17333333333333e-06
386 -1.34666666666667e-06
392 -1.53333333333333e-06
397 -1.73333333333333e-06
402 -2.06666666666667e-06
407 -2.07333333333333e-06
413 -2.02e-06
418 -1.97666666666667e-06
424 -2.15666666666667e-06
429 -2.29e-06
434 -2.37333333333333e-06
439 -2.23666666666667e-06
445 -2.25e-06
450 -2.35666666666667e-06
455 -2.45666666666667e-06
461 -2.64333333333333e-06
466 -2.60666666666667e-06
472 -3.00333333333333e-06
477 -2.85666666666667e-06
482 -3.18e-06
488 -3.07333333333333e-06
493 -3.07333333333333e-06
498 -2.87333333333333e-06
504 -2.98e-06
509 -3.3e-06
514 -3.64e-06
519 -3.46666666666667e-06
525 -3.44e-06
530 -3.29333333333333e-06
535 -3.26666666666667e-06
540 -3.06666666666667e-06
546 -2.97333333333333e-06
551 -3.21333333333333e-06
556 -3.4e-06
561 -3.29e-06
567 -3.19666666666667e-06
572 -3.14333333333333e-06
577 -3.44e-06
582 -3.29666666666667e-06
588 -3.47e-06
593 -3.35e-06
598 -3.30666666666667e-06
604 -3.18666666666667e-06
609 -3.21333333333333e-06
614 -3.24666666666667e-06
620 -3.35333333333333e-06
625 -3.13666666666667e-06
631 -3.35666666666667e-06
636 -3.39666666666667e-06
641 -3.98666666666667e-06
646 -3.95666666666667e-06
652 -4.13e-06
657 -4.01e-06
662 -4.17333333333333e-06
667 -4.38666666666667e-06
672 -4.41666666666667e-06
678 -5.00333333333333e-06
683 -4.85e-06
689 -5.3e-06
694 -5.08333333333333e-06
700 -5.55666666666667e-06
705 -5.28666666666667e-06
711 -5.66333333333333e-06
716 -5.79666666666667e-06
721 -5.79666666666667e-06
727 -5.66333333333333e-06
732 -5.47666666666667e-06
737 -5.49666666666667e-06
743 -5.53666666666667e-06
748 -5.52333333333333e-06
753 -5.71333333333333e-06
759 -5.20666666666667e-06
764 -5.1e-06
769 -4.72333333333333e-06
775 -4.74666666666667e-06
781 -5.01333333333333e-06
786 -5.25e-06
791 -5.22666666666667e-06
797 -4.98666666666667e-06
802 -4.88333333333333e-06
808 -5.51e-06
813 -5.61666666666667e-06
818 -5.61666666666667e-06
824 -5.45666666666667e-06
829 -5.51e-06
834 -5.97333333333333e-06
839 -5.78333333333333e-06
845 -5.83666666666667e-06
850 -5.26e-06
857 -5.99666666666667e-06
862 -5.72333333333333e-06
868 -6.3e-06
873 -5.91e-06
879 -5.77e-06
884 -5.32666666666667e-06
890 -5.34333333333333e-06
895 -5.62333333333333e-06
900 -5.92e-06
905 -5.68e-06
910 -5.62666666666667e-06
915 -5.03333333333333e-06
922 -5.42e-06
927 -5.48666666666667e-06
932 -5.87333333333333e-06
938 -5.60666666666667e-06
943 -5.64666666666667e-06
948 -5.96e-06
953 -6.05333333333333e-06
958 -5.93666666666667e-06
964 -6.41666666666667e-06
969 -5.93666666666667e-06
975 -6.34666666666667e-06
980 -6.21e-06
986 -6.35666666666667e-06
991 -6.31666666666667e-06
996 -5.86e-06
1000 -6.31333333333333e-06
1010 -6.16666666666667e-06
1010 -5.96666666666667e-06
1020 -5.96666666666667e-06
1020 -5.98e-06
1030 -6.21333333333333e-06
1030 -5.73333333333333e-06
1040 -5.66666666666667e-06
1040 -5.86666666666667e-06
1050 -6.30333333333333e-06
1060 -6.33e-06
1060 -5.84e-06
1070 -6.01666666666667e-06
1070 -6.17666666666667e-06
1080 -6.70666666666667e-06
1080 -6.50666666666667e-06
1090 -6.19666666666667e-06
1090 -6.17e-06
1100 -6.22333333333333e-06
1100 -6.48e-06
1110 -6.3e-06
1110 -6.40666666666667e-06
1120 -6.63333333333333e-06
1120 -6.97333333333333e-06
1130 -6.63666666666667e-06
1130 -6.73e-06
1140 -6.91666666666667e-06
1140 -7.34666666666667e-06
1150 -6.81333333333333e-06
1160 -6.72e-06
1160 -6.46666666666667e-06
1170 -6.82333333333333e-06
1170 -7.21e-06
1180 -7.87666666666667e-06
1180 -8.09666666666667e-06
1190 -8.29666666666667e-06
1190 -8.55e-06
1200 -8.50666666666667e-06
1200 -8.58666666666667e-06
1210 -8.50666666666667e-06
1210 -8.55e-06
1220 -8.60333333333333e-06
1230 -8.06333333333333e-06
1230 -8.48666666666667e-06
1240 -7.81e-06
1240 -8.40333333333333e-06
1250 -7.98e-06
1250 -8.73666666666667e-06
1260 -8.28666666666667e-06
1260 -8.80333333333333e-06
1270 -8.81666666666667e-06
1270 -8.87333333333333e-06
1280 -8.9e-06
1290 -8.72666666666667e-06
1290 -9.14666666666667e-06
1300 -9.22666666666667e-06
1300 -8.76333333333333e-06
1310 -8.97666666666667e-06
1310 -8.92333333333333e-06
1320 -8.89e-06
1320 -8.79666666666667e-06
1330 -8.65e-06
1330 -9.04e-06
1340 -8.8e-06
1340 -8.90666666666667e-06
1350 -8.58333333333333e-06
1350 -8.78333333333333e-06
1360 -8.95666666666667e-06
1360 -9.09e-06
1370 -9.29e-06
1370 -9.47666666666667e-06
1380 -9.44333333333333e-06
1390 -9.51e-06
1390 -9.47666666666667e-06
1400 -9.54333333333333e-06
1400 -9.19666666666667e-06
1410 -8.88333333333333e-06
1410 -8.67333333333333e-06
1420 -9.02e-06
1420 -9.3e-06
1430 -9.09666666666667e-06
1430 -9.83e-06
1440 -9.77666666666667e-06
1440 -1.06666666666667e-05
1450 -9.23333333333333e-06
1460 -1.00866666666667e-05
1460 -8.75666666666667e-06
1470 -9.79e-06
1470 -9.02333333333333e-06
1480 -9.33333333333333e-06
1480 -8.86666666666667e-06
1490 -8.22333333333333e-06
1490 -9.25666666666667e-06
1500 -9.16666666666667e-06
1500 -9.91e-06
1510 -9.43e-06
1510 -9.02e-06
1520 -8.78e-06
1530 -9.59333333333333e-06
1530 -9.20333333333333e-06
1540 -9.09666666666667e-06
1540 -8.65666666666667e-06
1550 -9.4e-06
1550 -9.32e-06
1560 -8.68333333333333e-06
1560 -8.73666666666667e-06
1570 -8.57666666666667e-06
1570 -9.18666666666667e-06
1580 -9.21333333333333e-06
1580 -9.02333333333333e-06
1590 -9.25666666666667e-06
1590 -8.9e-06
1600 -9.74333333333333e-06
1600 -9.27666666666667e-06
1610 -9.96666666666667e-06
1620 -9.8e-06
1620 -9.92333333333333e-06
1630 -9.99e-06
1630 -1.02233333333333e-05
1640 -1.10333333333333e-05
1640 -1.13e-05
1650 -1.15666666666667e-05
1650 -1.10333333333333e-05
1660 -1.13e-05
1660 -1.09e-05
1670 -1.23e-05
1670 -1.22333333333333e-05
1680 -1.22e-05
1680 -1.15333333333333e-05
1690 -1.14666666666667e-05
1690 -1.21333333333333e-05
1700 -1.21e-05
1700 -1.15e-05
1710 -1.12e-05
1720 -1.09666666666667e-05
1720 -1.08433333333333e-05
1730 -1.11433333333333e-05
1730 -1.11766666666667e-05
1740 -1.14e-05
1740 -1.07666666666667e-05
1750 -1.07333333333333e-05
1750 -1.05233333333333e-05
1760 -1.10233333333333e-05
1760 -1.10233333333333e-05
1770 -1.15333333333333e-05
1770 -1.09666666666667e-05
1780 -1.09666666666667e-05
1780 -1.08333333333333e-05
1790 -1.04333333333333e-05
1800 -1.07e-05
1800 -1.021e-05
1810 -1.13766666666667e-05
1810 -1.06e-05
1820 -1.13566666666667e-05
1820 -1.099e-05
1830 -1.09433333333333e-05
1830 -1.10433333333333e-05
1840 -1.10433333333333e-05
1840 -1.27e-05
1850 -1.15066666666667e-05
1850 -1.08733333333333e-05
1860 -9.94e-06
1860 -1.12e-05
1870 -1.14e-05
1880 -1.14333333333333e-05
1880 -1.14666666666667e-05
1890 -1.21e-05
1890 -1.15e-05
1900 -1.15666666666667e-05
1900 -1.17333333333333e-05
1910 -1.18333333333333e-05
1910 -1.20333333333333e-05
1920 -1.21333333333333e-05
1920 -1.29333333333333e-05
1930 -1.22333333333333e-05
1930 -1.22666666666667e-05
1940 -1.24333333333333e-05
1940 -1.31e-05
1950 -1.32333333333333e-05
1950 -1.24666666666667e-05
1960 -1.26666666666667e-05
1960 -1.28e-05
1970 -1.31333333333333e-05
1980 -1.36666666666667e-05
1980 -1.37666666666667e-05
1990 -1.38666666666667e-05
1990 -1.35666666666667e-05
2000 -1.38333333333333e-05
2000 -1.36666666666667e-05
2010 -1.39e-05
2010 -1.39e-05
2020 -1.40333333333333e-05
2020 -1.43333333333333e-05
2030 -1.35e-05
2030 -1.40333333333333e-05
2040 -1.34e-05
2040 -1.40333333333333e-05
2050 -1.42333333333333e-05
2050 -1.34e-05
2060 -1.37e-05
2070 -1.32e-05
2070 -1.44e-05
2080 -1.36333333333333e-05
2080 -1.47e-05
2090 -1.39666666666667e-05
2090 -1.49e-05
2100 -1.38666666666667e-05
2100 -1.38666666666667e-05
2110 -1.38333333333333e-05
2120 -1.46333333333333e-05
2120 -1.56666666666667e-05
2130 -1.58e-05
2130 -1.50666666666667e-05
2140 -1.51666666666667e-05
2140 -1.51e-05
2150 -1.52333333333333e-05
2150 -1.5e-05
2160 -1.51666666666667e-05
2160 -1.61333333333333e-05
2170 -1.57333333333333e-05
2170 -1.65666666666667e-05
2180 -1.57333333333333e-05
2190 -1.69333333333333e-05
2190 -1.64333333333333e-05
2200 -1.77666666666667e-05
2200 -1.67333333333333e-05
2210 -1.68666666666667e-05
2210 -1.71e-05
2220 -1.72e-05
2220 -1.68666666666667e-05
2230 -1.63333333333333e-05
2230 -1.68333333333333e-05
2240 -1.59333333333333e-05
2240 -1.59e-05
2250 -1.61e-05
2250 -1.61333333333333e-05
2260 -1.64333333333333e-05
2260 -1.64333333333333e-05
2270 -1.74666666666667e-05
2270 -1.73e-05
2280 -1.63666666666667e-05
2290 -1.65333333333333e-05
2290 -1.66666666666667e-05
2300 -1.78e-05
2300 -1.78666666666667e-05
2310 -1.69e-05
2310 -1.67666666666667e-05
2320 -1.66666666666667e-05
2320 -1.74666666666667e-05
2330 -1.74e-05
2330 -1.66e-05
2340 -1.59666666666667e-05
2340 -1.63e-05
2350 -1.69666666666667e-05
2350 -1.76333333333333e-05
2360 -1.63e-05
2360 -1.63333333333333e-05
2370 -1.64666666666667e-05
2370 -1.73e-05
2380 -1.63e-05
2390 -1.69333333333333e-05
2390 -1.78e-05
2400 -1.83666666666667e-05
2400 -1.82666666666667e-05
2410 -1.80666666666667e-05
2410 -1.88666666666667e-05
2420 -1.86e-05
2420 -1.74333333333333e-05
2430 -1.75e-05
2430 -1.64666666666667e-05
2440 -1.81333333333333e-05
2440 -1.85e-05
2450 -1.95333333333333e-05
2450 -1.78666666666667e-05
2460 -1.75e-05
2460 -1.75666666666667e-05
2470 -1.76e-05
2480 -1.77666666666667e-05
2480 -1.65666666666667e-05
2490 -1.84e-05
2490 -1.74666666666667e-05
2500 -1.86666666666667e-05
2500 -1.69666666666667e-05
2510 -1.82e-05
2510 -1.9e-05
2520 -1.94e-05
2520 -1.97333333333333e-05
2530 -1.94666666666667e-05
2530 -2.05666666666667e-05
2540 -1.92e-05
2550 -1.99333333333333e-05
2550 -2.00666666666667e-05
2560 -2.02e-05
2560 -1.85e-05
2570 -1.92333333333333e-05
2570 -2.01e-05
2580 -2.06e-05
2580 -1.85e-05
2590 -1.82666666666667e-05
2590 -1.76666666666667e-05
2600 -1.85e-05
2610 -1.87333333333333e-05
2610 -1.97333333333333e-05
2620 -1.87666666666667e-05
2620 -1.89333333333333e-05
2630 -1.82333333333333e-05
2630 -1.93e-05
2640 -1.92666666666667e-05
2640 -1.87333333333333e-05
2650 -1.89333333333333e-05
2650 -1.80666666666667e-05
2660 -1.91e-05
2670 -1.91666666666667e-05
2670 -1.98666666666667e-05
2680 -1.88e-05
2680 -1.93666666666667e-05
2690 -1.95e-05
2690 -1.97e-05
2700 -1.96e-05
2700 -2e-05
2710 -2.11666666666667e-05
2710 -2.00333333333333e-05
2720 -2.02e-05
2720 -1.95e-05
2730 -2.04333333333333e-05
2730 -1.98e-05
2740 -1.93e-05
2750 -1.89333333333333e-05
2750 -1.89666666666667e-05
2760 -2.03333333333333e-05
2760 -1.91666666666667e-05
2770 -1.94e-05
2770 -1.96333333333333e-05
2780 -2.1e-05
2780 -2.11e-05
2790 -2.1e-05
2790 -2.00333333333333e-05
2800 -1.90666666666667e-05
2800 -1.96e-05
2810 -2.08e-05
2810 -2.04e-05
2820 -1.97666666666667e-05
2820 -1.98e-05
2830 -2.00666666666667e-05
2840 -1.91e-05
2840 -2.01e-05
2850 -2.12666666666667e-05
2850 -2.24333333333333e-05
2860 -2.04e-05
2860 -2.08666666666667e-05
2870 -2.11e-05
2870 -2.22666666666667e-05
2880 -2.21666666666667e-05
2880 -2.08666666666667e-05
2890 -2.08666666666667e-05
2890 -2.09e-05
2900 -2.25333333333333e-05
2900 -2.16333333333333e-05
2910 -2.06333333333333e-05
2920 -2.1e-05
2920 -2.22333333333333e-05
2930 -2.19e-05
2930 -2.11e-05
2940 -2.04333333333333e-05
2940 -2.02e-05
2950 -1.96333333333333e-05
2950 -1.94666666666667e-05
2960 -1.92333333333333e-05
2960 -1.92333333333333e-05
2970 -1.96e-05
2970 -2.03333333333333e-05
2980 -2.04666666666667e-05
2980 -1.89666666666667e-05
2990 -1.94e-05
2990 -1.93333333333333e-05
3000 -1.95333333333333e-05
3010 -1.98333333333333e-05
3010 -1.99e-05
3020 -2.09333333333333e-05
3020 -1.96666666666667e-05
3030 -1.96666666666667e-05
3030 -1.99333333333333e-05
3040 -2.09666666666667e-05
3040 -2.00333333333333e-05
3050 -2.04333333333333e-05
3050 -2.07333333333333e-05
3060 -2.10333333333333e-05
3060 -2.09333333333333e-05
3070 -2.08333333333333e-05
3070 -2.18333333333333e-05
3080 -2.05666666666667e-05
3080 -2.08666666666667e-05
3090 -2.07666666666667e-05
3090 -2.08333333333333e-05
3100 -2.08333333333333e-05
3110 -2.07666666666667e-05
3110 -2.18e-05
3120 -2.01333333333333e-05
3120 -2.04666666666667e-05
3130 -2.00666666666667e-05
3130 -2.03333333333333e-05
3140 -1.98333333333333e-05
3140 -1.99666666666667e-05
3150 -2.09e-05
3150 -2.09666666666667e-05
3160 -2.09666666666667e-05
3160 -1.98333333333333e-05
3170 -1.98e-05
3170 -2e-05
3180 -2.02e-05
3180 -2.03666666666667e-05
3190 -2.04333333333333e-05
3190 -2.06e-05
3200 -2.04333333333333e-05
3210 -2.01e-05
3210 -2.12e-05
3220 -2.13e-05
3220 -2.03333333333333e-05
3230 -2.04e-05
3230 -1.93e-05
3240 -2.11333333333333e-05
3240 -2.11666666666667e-05
3250 -2.14666666666667e-05
3250 -2.09666666666667e-05
3260 -2.08666666666667e-05
3260 -2.08666666666667e-05
3270 -2.09666666666667e-05
3270 -2.01333333333333e-05
3280 -2.10333333333333e-05
3290 -1.95333333333333e-05
3290 -2.04666666666667e-05
3300 -1.94666666666667e-05
3300 -2.07e-05
3310 -1.97666666666667e-05
3310 -2.05e-05
3320 -2.03e-05
3320 -2.01e-05
3330 -2.08333333333333e-05
3330 -2.11666666666667e-05
3340 -2.09666666666667e-05
3350 -2.07666666666667e-05
3350 -2.09666666666667e-05
3360 -2.24e-05
3360 -2.15666666666667e-05
3370 -2.18e-05
3370 -2.2e-05
3380 -2.34e-05
3380 -2.36333333333333e-05
3390 -2.25666666666667e-05
3390 -2.27e-05
3400 -2.15e-05
3400 -2.27666666666667e-05
3410 -2.23e-05
3410 -2.21666666666667e-05
3420 -2.22333333333333e-05
3430 -2.23666666666667e-05
3430 -2.33666666666667e-05
3440 -2.2e-05
3440 -2.18333333333333e-05
3450 -2.07333333333333e-05
3450 -2.19e-05
3460 -2.22e-05
3460 -2.2e-05
3470 -2.22666666666667e-05
3470 -2.19333333333333e-05
3480 -2.35e-05
3480 -2.19333333333333e-05
3490 -2.22666666666667e-05
3490 -2.19666666666667e-05
3500 -2.31333333333333e-05
3500 -2.30666666666667e-05
3510 -2.18666666666667e-05
3520 -2.23e-05
3520 -2.2e-05
3530 -2.19e-05
3530 -2.19666666666667e-05
3540 -2.22333333333333e-05
3540 -2.23e-05
3550 -2.24666666666667e-05
3550 -2.13333333333333e-05
3560 -2.27333333333333e-05
3560 -2.12333333333333e-05
3570 -2.33333333333333e-05
3570 -2.25333333333333e-05
3580 -2.37666666666667e-05
3590 -2.16e-05
3590 -2.26666666666667e-05
3600 -2.25333333333333e-05
3600 -2.20666666666667e-05
3610 -2.18666666666667e-05
3610 -2.04333333333333e-05
3620 -2.25333333333333e-05
3620 -2.26e-05
3630 -2.23666666666667e-05
3630 -2.21e-05
3640 -2.08666666666667e-05
3650 -2.24e-05
3650 -2.07666666666667e-05
3660 -2.18333333333333e-05
3660 -2.17333333333333e-05
3670 -2.28333333333333e-05
3670 -2.12666666666667e-05
3680 -1.84e-05
