   0.0000000000000000        9.9999999999999995E-008
   9.9999999999999995E-008   1.0600000000000000E-007
   2.0599999999999999E-007   1.1236000000000001E-007
   3.1836000000000000E-007   1.1910160000000001E-007
   4.3746159999999998E-007   1.2624769600000002E-007
   5.6370929600000005E-007   1.3382255776000002E-007
   6.9753185376000002E-007   1.4185191122560004E-007
   8.3938376498560006E-007   1.5036302589913605E-007
   9.8974679088473622E-007   1.5938480745308423E-007
   1.1491315983378204E-006   1.6894789590026929E-007
   1.3180794942380898E-006   1.7908476965428547E-007
   1.4971642638923754E-006   1.8982985583354260E-007
   1.6869941197259179E-006   2.0121964718355518E-007
   1.8882137669094730E-006   2.1329282601456850E-007
   2.1015065929240413E-006   2.2609039557544262E-007
   2.3275969884994839E-006   2.3965581930996921E-007
   2.5672528078094530E-006   2.5403516846856736E-007
   2.8212879762780204E-006   2.6927727857668143E-007
   3.0905652548547016E-006   2.8543391529128234E-007
   3.3759991701459841E-006   3.0255995020875932E-007
   3.6785591203547435E-006   3.2071354722128489E-007
   3.9992726675760282E-006   3.3995636005456201E-007
