                    1   0.0000000000000000        1.5910892222643623E-006                       NaN                       NaN
                    2  0.10000000000000001        1.5910892222568794E-006                       NaN                       NaN
                    3  0.20000000000000001        1.5910892222383461E-006                       NaN                       NaN
                    4  0.30000000000000004        1.5910892222114289E-006                       NaN                       NaN
                    5  0.40000000000000002        1.5910892221731598E-006                       NaN                       NaN
                    6  0.50000000000000000        1.5910892221194570E-006                       NaN                       NaN
                    7  0.60000000000000009        1.5910892220447235E-006                       NaN                       NaN
                    8  0.70000000000000007        1.5910892219413241E-006                       NaN                       NaN
                    9  0.80000000000000004        1.5910892217988682E-006                       NaN                       NaN
                   10  0.90000000000000002        1.5910892216032569E-006                       NaN                       NaN
                   11   1.0000000000000000        1.5910892213353967E-006                       NaN                       NaN
                   12   1.1000000000000001        1.5910892209694902E-006                       NaN                       NaN
                   13   1.2000000000000002        1.5910892204707694E-006                       NaN                       NaN
                   14   1.3000000000000000        1.5910892197924655E-006                       NaN                       NaN
                   15   1.4000000000000001        1.5910892188717978E-006                       NaN                       NaN
                   16   1.5000000000000000        1.5910892176246578E-006                       NaN                       NaN
                   17   1.6000000000000001        1.5910892159385951E-006                       NaN                       NaN
                   18   1.7000000000000002        1.5910892136635705E-006                       NaN                       NaN
                   19   1.8000000000000000        1.5910892105997825E-006                       NaN                       NaN
                   20   1.9000000000000001        1.5910892064817037E-006                       NaN                       NaN
                   21   2.0000000000000000        1.5910892009571469E-006                       NaN                       NaN
                   22   2.1000000000000001        1.5910891935599093E-006                       NaN                       NaN
                   23   2.2000000000000002        1.5910891836740741E-006                       NaN                       NaN
                   24   2.3000000000000003        1.5910891704875380E-006                       NaN                       NaN
                   25   2.4000000000000004        1.5910891529316100E-006                       NaN                       NaN
                   26   2.5000000000000000        1.5910891296026872E-006                       NaN                       NaN
                   27   2.6000000000000001        1.5910890986609002E-006                       NaN                       NaN
                   28   2.7000000000000002        1.5910890576991828E-006                       NaN                       NaN
                   29   2.8000000000000003        1.5910890035745163E-006                       NaN                       NaN
                   30   2.9000000000000004        1.5910889321908346E-006                       NaN                       NaN
                   31   3.0000000000000000        1.5910888382202896E-006                       NaN                       NaN
                   32   3.1000000000000001        1.5910887147461039E-006                       NaN                       NaN
                   33   3.2000000000000002        1.5910885528058266E-006                       NaN                       NaN
                   34   3.3000000000000003        1.5910883408083720E-006                       NaN                       NaN
                   35   3.4000000000000004        1.5910880637914126E-006                       NaN                       NaN
                   36   3.5000000000000000        1.5910877024772224E-006                       NaN                       NaN
                   37   3.6000000000000001        1.5910872320745721E-006                       NaN                       NaN
                   38   3.7000000000000002        1.5910866207612661E-006                       NaN                       NaN
                   39   3.8000000000000003        1.5910858277658578E-006                       NaN                       NaN
                   40   3.9000000000000004        1.5910848009471658E-006                       NaN                       NaN
                   41   4.0000000000000000        1.5910834737458644E-006                       NaN                       NaN
                   42   4.1000000000000005        1.5910817613523042E-006                       NaN                       NaN
                   43   4.2000000000000002        1.5910795558978665E-006                       NaN                       NaN
                   44   4.2999999999999998        1.5910767204319770E-006                       NaN                       NaN
                   45   4.4000000000000004        1.5910730813916398E-006                       NaN                       NaN
                   46   4.5000000000000000        1.5910684192029014E-006                       NaN                       NaN
                   47   4.6000000000000005        1.5910624565713954E-006                       NaN                       NaN
                   48   4.7000000000000002        1.5910548439190537E-006                       NaN                       NaN
                   49   4.8000000000000007        1.5910451413024181E-006                       NaN                       NaN
                   50   4.9000000000000004        1.5910327960004240E-006                       NaN                       NaN
                   51   5.0000000000000000        1.5910171147807244E-006                       NaN                       NaN
                   52   5.1000000000000005        1.5909972296372831E-006                       NaN                       NaN
                   53   5.2000000000000002        1.5909720555306042E-006                       NaN                       NaN
                   54   5.3000000000000007        1.5909402383465237E-006                       NaN                       NaN
                   55   5.4000000000000004        1.5909000909093820E-006                       NaN                       NaN
                   56   5.5000000000000000        1.5908495144277818E-006                       NaN                       NaN
                   57   5.6000000000000005        1.5907859022009814E-006                       NaN                       NaN
                   58   5.7000000000000002        1.5907060217530479E-006                       NaN                       NaN
                   59   5.8000000000000007        1.5906058707689871E-006                       NaN                       NaN
                   60   5.9000000000000004        1.5904805012564883E-006                       NaN                       NaN
                   61   6.0000000000000000        1.5903238052184033E-006                       NaN                       NaN
                   62   6.1000000000000005        1.5901282537586880E-006                       NaN                       NaN
                   63   6.2000000000000002        1.5898845799153992E-006                       NaN                       NaN
                   64   6.3000000000000007        1.5895813935675866E-006                       NaN                       NaN
                   65   6.4000000000000004        1.5892047144382664E-006                       NaN                       NaN
                   66   6.5000000000000000        1.5887374064412475E-006                       NaN                       NaN
                   67   6.6000000000000005        1.5881584933102205E-006                       NaN                       NaN
                   68   6.7000000000000002        1.5874423315028805E-006                       NaN                       NaN
                   69   6.8000000000000007        1.5865576116705696E-006                       NaN                       NaN
                   70   6.9000000000000004        1.5854661543819709E-006                       NaN                       NaN
                   71   7.0000000000000000        1.5841214591175879E-006                       NaN                       NaN
                   72   7.1000000000000005        1.5824669576080267E-006                       NaN                       NaN
                   73   7.2000000000000002        1.5804339131328542E-006                       NaN                       NaN
                   74   7.3000000000000007        1.5779388961420756E-006                       NaN                       NaN
                   75   7.4000000000000004        1.5748807531687534E-006                       NaN                       NaN
                   76   7.5000000000000000        1.5711369700639723E-006                       NaN                       NaN
                   77   7.6000000000000005        1.5665593116223414E-006                       NaN                       NaN
                   78   7.7000000000000002        1.5609685971036680E-006                       NaN                       NaN
                   79   7.8000000000000007        1.5541484443111735E-006                       NaN                       NaN
                   80   7.9000000000000004        1.5458377829451246E-006                       NaN                       NaN
                   81   8.0000000000000000        1.5357218999437587E-006                       NaN                       NaN
                   82   8.0999999999999996        1.5234217342966203E-006                       NaN                       NaN
                   83   8.2000000000000011        1.5084810849933298E-006                       NaN                       NaN
                   84   8.3000000000000007        1.4903513317142355E-006                       NaN                       NaN
                   85   8.4000000000000004        1.4683731916251752E-006                       NaN                       NaN
                   86   8.5000000000000000        1.4417549448783881E-006                       NaN                       NaN
                   87   8.5999999999999996        1.4095464533704857E-006                       NaN                       NaN
                   88   8.7000000000000011        1.3706081686581167E-006                       NaN                       NaN
                   89   8.8000000000000007        1.3235741717387821E-006                       NaN                       NaN
                   90   8.9000000000000004        1.2668081049662561E-006                       NaN                       NaN
                   91   9.0000000000000000        1.1983506390813408E-006                       NaN                       NaN
                   92   9.0999999999999996        1.1158568595151359E-006                       NaN                       NaN
                   93   9.2000000000000011        1.0165216477939185E-006                       NaN                       NaN
                   94   9.3000000000000007        8.9699076653880551E-007                       NaN                       NaN
                   95   9.4000000000000004        7.5325491887832605E-007                       NaN                       NaN
                   96   9.5000000000000000        5.8052353156570113E-007                       NaN                       NaN
                   97   9.6000000000000014        3.7307438960292115E-007                       NaN                       NaN
                   98   9.7000000000000011        1.2407450950794541E-007                       NaN                       NaN
                   99   9.8000000000000007       -1.7463324439070346E-007                       NaN                       NaN
                  100   9.9000000000000004       -5.3278434840474790E-007                       NaN                       NaN
                  101   10.000000000000000       -8.7489481627632271E-007                       NaN                       NaN
