                    1     2.5000000000000001E-003    -2.2401143733468346E-005
                    2     7.4999999999999997E-003    -2.2240760577650879E-005
                    3     1.2500000000000001E-002    -2.2080375607813311E-005
                    4     1.7500000000000002E-002    -2.1919988803109617E-005
                    5     2.2499999999999999E-002    -2.1759600147899387E-005
                    6     2.7500000000000000E-002    -2.1599209620644181E-005
                    7     3.2500000000000001E-002    -2.1438817205089819E-005
                    8     3.7500000000000006E-002    -2.1278422878970744E-005
                    9     4.2499999999999996E-002    -2.1118026625386303E-005
                   10     4.7500000000000001E-002    -2.0957628421306853E-005
                   11     5.2500000000000005E-002    -2.0797228249150294E-005
                   12     5.7499999999999996E-002    -2.0636826085083385E-005
                   13     6.2500000000000000E-002    -2.0476421910805170E-005
                   14     6.7500000000000004E-002    -2.0316015701636619E-005
                   15     7.2500000000000009E-002    -2.0155607438517810E-005
                   16     7.7499999999999999E-002    -1.9995197095878749E-005
                   17     8.2500000000000004E-002    -1.9834784653857612E-005
                   18     8.7499999999999994E-002    -1.9674370085945032E-005
                   19     9.2499999999999999E-002    -1.9513953371431135E-005
                   20     9.7500000000000003E-002    -1.9353534482815329E-005
                   21    0.10250000000000001         -1.9193113398490099E-005
                   22    0.10750000000000000         -1.9032690089907923E-005
                   23    0.11250000000000000         -1.8872264534510299E-005
                   24    0.11749999999999999         -1.8711836702642898E-005
                   25    0.12250000000000000         -1.8551406570738758E-005
                   26    0.12750000000000000         -1.8390974107972340E-005
                   27    0.13250000000000001         -1.8230539289706225E-005
                   28    0.13750000000000001         -1.8070102083874223E-005
                   29    0.14250000000000002         -1.7909662464701518E-005
                   30    0.14749999999999999         -1.7749220398806375E-005
                   31    0.15250000000000000         -1.7588775859204162E-005
                   32    0.15750000000000000         -1.7428328811116657E-005
                   33    0.16250000000000001         -1.7267879226271025E-005
                   34    0.16750000000000001         -1.7107427068405007E-005
                   35    0.17250000000000001         -1.6946972307872491E-005
                   36    0.17749999999999999         -1.6786514906832305E-005
                   37    0.18250000000000000         -1.6626054834172718E-005
                   38    0.18750000000000000         -1.6465592050370656E-005
                   39    0.19250000000000000         -1.6305126522748303E-005
                   40    0.19750000000000001         -1.6144658209988771E-005
                   41    0.20250000000000001         -1.5984187077738678E-005
                   42    0.20750000000000002         -1.5823713082765478E-005
                   43    0.21249999999999999         -1.5663236188920756E-005
                   44    0.21750000000000000         -1.5502756350923395E-005
                   45    0.22250000000000000         -1.5342273530699342E-005
                   46    0.22750000000000001         -1.5181787680773729E-005
                   47    0.23250000000000001         -1.5021298761003811E-005
                   48    0.23749999999999999         -1.4860806721562033E-005
                   49    0.24249999999999999         -1.4700311520079992E-005
                   50    0.24750000000000000         -1.4539813104203164E-005
                   51    0.25250000000000000         -1.4379311429164886E-005
                   52    0.25750000000000001         -1.4218806439892155E-005
                   53    0.26250000000000001         -1.4058298089029905E-005
                   54    0.26750000000000002         -1.3897786318575738E-005
                   55    0.27250000000000002         -1.3737271078376259E-005
                   56    0.27750000000000002         -1.3576752307266904E-005
                   57    0.28250000000000003         -1.3416229952063648E-005
                   58    0.28749999999999998         -1.3255703948182295E-005
                   59    0.29249999999999998         -1.3095174239150510E-005
                   60    0.29749999999999999         -1.2934640756678971E-005
                   61    0.30249999999999999         -1.2774103440720548E-005
                   62    0.30750000000000000         -1.2613562218963413E-005
                   63    0.31250000000000000         -1.2453017027466272E-005
                   64    0.31750000000000000         -1.2292467789541049E-005
                   65    0.32250000000000001         -1.2131914436995314E-005
                   66    0.32750000000000001         -1.1971356888369353E-005
                   67    0.33250000000000002         -1.1810795070819424E-005
                   68    0.33750000000000002         -1.1650228897670975E-005
                   69    0.34250000000000003         -1.1489658290979031E-005
                   70    0.34750000000000003         -1.1329083158355828E-005
                   71    0.35250000000000004         -1.1168503416247716E-005
                   72    0.35749999999999998         -1.1007918965991477E-005
                   73    0.36249999999999999         -1.0847329717850502E-005
                   74    0.36749999999999999         -1.0686735566249711E-005
                   75    0.37250000000000000         -1.0526136414617341E-005
                   76    0.37750000000000000         -1.0365532149743340E-005
                   77    0.38250000000000001         -1.0204922667477378E-005
                   78    0.38750000000000001         -1.0044307846149702E-005
                   79    0.39250000000000002         -9.8836875731805947E-006
                   80    0.39750000000000002         -9.7230617174961225E-006
                   81    0.40250000000000002         -9.5624301571093131E-006
                   82    0.40750000000000003         -9.4017927504556653E-006
                   83    0.41250000000000003         -9.2411493650120564E-006
                   84    0.41749999999999998         -9.0804998474679879E-006
                   85    0.42249999999999999         -8.9198440534546188E-006
                   86    0.42749999999999999         -8.7591818164574385E-006
                   87    0.43250000000000000         -8.5985129787349817E-006
                   88    0.43750000000000000         -8.4378373588663810E-006
                   89    0.44250000000000000         -8.2771547839473396E-006
                   90    0.44750000000000001         -8.1164650556516912E-006
                   91    0.45250000000000001         -7.9557679838009727E-006
                   92    0.45750000000000002         -7.7950633508019424E-006
                   93    0.46250000000000002         -7.6343509466960017E-006
                   94    0.46750000000000003         -7.4736305318138206E-006
                   95    0.47250000000000003         -7.3129018734217244E-006
                   96    0.47750000000000004         -7.1521647064092486E-006
                   97    0.48249999999999998         -6.9914187716614617E-006
                   98    0.48749999999999999         -6.8306637745640415E-006
                   99    0.49249999999999999         -6.6698994252431842E-006
                  100    0.49750000000000000         -6.5091253946337692E-006
                  101    0.50249999999999995         -6.3483413567416167E-006
                  102    0.50750000000000006         -6.1875469419708264E-006
                  103    0.51249999999999996         -6.0267417815760951E-006
                  104    0.51750000000000007         -5.8659254578813415E-006
                  105    0.52249999999999996         -5.7050975511011602E-006
                  106    0.52750000000000008         -5.5442575859988189E-006
                  107    0.53249999999999997         -5.3834050812630394E-006
                  108    0.53750000000000009         -5.2225394920406509E-006
                  109    0.54249999999999998         -5.0616602620530702E-006
                  110    0.54750000000000010         -4.9007667612837219E-006
                  111    0.55249999999999999         -4.7398583409992263E-006
                  112    0.55750000000000011         -4.5789342656522954E-006
                  113    0.56250000000000000         -4.4179937709196795E-006
                  114    0.56750000000000012         -4.2570359885611913E-006
                  115    0.57250000000000001         -4.0960600074697517E-006
                  116    0.57750000000000001         -3.9350647897433712E-006
                  117    0.58250000000000002         -3.7740492345036207E-006
                  118    0.58749999999999991         -3.6130120826755363E-006
                  119    0.59250000000000003         -3.4519519828526054E-006
                  120    0.59749999999999992         -3.2908673810219164E-006
                  121    0.60250000000000004         -3.1297565867922078E-006
                  122    0.60749999999999993         -2.9686176421093258E-006
                  123    0.61250000000000004         -2.8074483841828106E-006
                  124    0.61749999999999994         -2.6462462831630992E-006
                  125    0.62250000000000005         -2.4850084938461170E-006
                  126    0.62749999999999995         -2.3237316441175261E-006
                  127    0.63250000000000006         -2.1624118578019292E-006
                  128    0.63749999999999996         -2.0010444577318583E-006
                  129    0.64250000000000007         -1.8396239180230015E-006
                  130    0.64749999999999996         -1.6781434013840656E-006
                  131    0.65250000000000008         -1.5165945321880950E-006
                  132    0.65749999999999997         -1.3549665610637789E-006
                  133    0.66250000000000009         -1.1932456321250951E-006
                  134    0.66749999999999998         -1.0314129234294990E-006
                  135    0.67250000000000010         -8.6944218209727825E-007
                  136    0.67749999999999999         -7.0729406506987869E-007
                  137    0.68250000000000011         -5.4490523193516618E-007
                  138    0.68750000000000000         -3.8215852314075222E-007
                  139    0.69250000000000012         -2.1877978431363562E-007
                  140    0.69750000000000001         -5.3300537273713565E-008
