                    1     0.0000000000000000         0.85077834307138467     
                    2     5.0000000000000001E-003    0.84713215137533082     
                    3     1.0000000000000000E-002    0.84347194024209426     
                    4     1.4999999999999999E-002    0.83980456779866186     
                    5     2.0000000000000000E-002    0.83612295263307979     
                    6     2.5000000000000001E-002    0.83243396279584259     
                    7     2.9999999999999999E-002    0.82873049910356822     
                    8     3.5000000000000003E-002    0.82501943956692092     
                    9     4.0000000000000001E-002    0.82129366679347859     
                   10     4.4999999999999998E-002    0.81756006878507226     
                   11     5.0000000000000003E-002    0.81381150948130243     
                   12     5.5000000000000000E-002    0.81005488689975824     
                   13     5.9999999999999998E-002    0.80628304583027299     
                   14     6.5000000000000002E-002    0.80250289432354904     
                   15     7.0000000000000007E-002    0.79870725751334681     
                   16     7.4999999999999997E-002    0.79490305349266943     
                   17     8.0000000000000002E-002    0.79108308720655707     
                   18     8.5000000000000006E-002    0.78725428679029374     
                   19     8.9999999999999997E-002    0.78340943643921301     
                   20     9.5000000000000001E-002    0.77955547432048389     
                   21    0.10000000000000001         0.77568516328821069     
                   22    0.10500000000000000         0.77180545151936175     
                   23    0.11000000000000000         0.76790907990234214     
                   24    0.11500000000000000         0.76400300658866804     
                   25    0.12000000000000000         0.76007994984096450     
                   26    0.12500000000000000         0.75614687773521816     
                   27    0.13000000000000000         0.75219648520964599     
                   28    0.13500000000000001         0.74823575019792621     
                   29    0.14000000000000001         0.74425734357344597     
                   30    0.14499999999999999         0.74026825304197796     
                   31    0.14999999999999999         0.73626112462626236     
                   32    0.15500000000000000         0.73224295569736175     
                   33    0.16000000000000000         0.72820636659215843     
                   34    0.16500000000000001         0.72415836421628232     
                   35    0.17000000000000001         0.72009154233170403     
                   36    0.17500000000000002         0.71601291722090676     
                   37    0.17999999999999999         0.71191505512309172     
                   38    0.18500000000000000         0.70780498150939763     
                   39    0.19000000000000000         0.70367523408404697     
                   40    0.19500000000000001         0.69953284728417731     
                   41    0.20000000000000001         0.69537032919625730     
                   42    0.20500000000000002         0.69119472296176987     
                   43    0.20999999999999999         0.68699850588911060     
                   44    0.21500000000000000         0.68278872951827529     
                   45    0.22000000000000000         0.67855783913386147     
                   46    0.22500000000000001         0.67431289431842834     
                   47    0.23000000000000001         0.67004630699277279     
                   48    0.23500000000000001         0.66576514436913381     
                   49    0.23999999999999999         0.66146178356018359     
                   50    0.24500000000000000         0.65714329893017831     
                   51    0.25000000000000000         0.65280203122361657     
                   52    0.25500000000000000         0.64844506140528213     
                   53    0.26000000000000001         0.64406469216274287     
                   54    0.26500000000000001         0.63966801042552712     
                   55    0.27000000000000002         0.63524727899198008     
                   56    0.27500000000000002         0.63080959002415804     
                   57    0.28000000000000003         0.62634716443836569     
                   58    0.28500000000000003         0.62186709878642299     
                   59    0.28999999999999998         0.61736156992971625     
                   60    0.29499999999999998         0.61283767784004495     
                   61    0.29999999999999999         0.60828755294840708     
                   62    0.30499999999999999         0.60371829753050221     
                   63    0.31000000000000000         0.59912199298278379     
                   64    0.31500000000000000         0.59450574259983968     
                   65    0.32000000000000001         0.58986157588040744     
                   66    0.32500000000000001         0.58519659565734417     
                   67    0.33000000000000002         0.58050277637408754     
                   68    0.33500000000000002         0.57578721869398031     
                   69    0.34000000000000002         0.57104183851167889     
                   70    0.34500000000000003         0.56627373234858691     
                   71    0.35000000000000003         0.56147475367236399     
                   72    0.35499999999999998         0.55665199258071207     
                   73    0.35999999999999999         0.55179723579358020     
                   74    0.36499999999999999         0.54691756434033001     
                   75    0.37000000000000000         0.54200469336132928     
                   76    0.37500000000000000         0.53706569174564145     
                   77    0.38000000000000000         0.53209219762899351     
                   78    0.38500000000000001         0.52709126418292485     
                   79    0.39000000000000001         0.52205444642171828     
                   80    0.39500000000000002         0.51698877762210560     
                   81    0.40000000000000002         0.51188572274927679     
                   82    0.40500000000000003         0.50675229029188984     
                   83    0.41000000000000003         0.50157984728272809     
                   84    0.41500000000000004         0.49637537167049683     
                   85    0.41999999999999998         0.49113012353933427     
                   86    0.42499999999999999         0.48585104351087399     
                   87    0.42999999999999999         0.48052927435295550     
                   88    0.43500000000000000         0.47517171131753971     
                   89    0.44000000000000000         0.46976936786575835     
                   90    0.44500000000000001         0.46432908430514491     
                   91    0.45000000000000001         0.45884173083726909     
                   92    0.45500000000000002         0.45331408136798773     
                   93    0.46000000000000002         0.44773684649508216     
                   94    0.46500000000000002         0.44211671993552359     
                   95    0.47000000000000003         0.43644423340105615     
                   96    0.47500000000000003         0.43072598372575255     
                   97    0.47999999999999998         0.42495230081136393     
                   98    0.48499999999999999         0.41912966425707898     
                   99    0.48999999999999999         0.41324817467330410     
                  100    0.49500000000000000         0.40731416942543353     
                  101    0.50000000000000000         0.40131748658812655     
                  102    0.50500000000000000         0.39526429032946553     
                  103    0.51000000000000001         0.38914411557297079     
                  104    0.51500000000000001         0.38296291458245579     
                  105    0.52000000000000002         0.37670986896914210     
                  106    0.52500000000000002         0.37039067020592636     
                  107    0.53000000000000003         0.36399408389756194     
                  108    0.53500000000000003         0.35752547826946246     
                  109    0.54000000000000004         0.35097312351880799     
                  110    0.54500000000000004         0.34434198379503178     
                  111    0.55000000000000004         0.33761973183585653     
                  112    0.55500000000000005         0.33081082157672670     
                  113    0.56000000000000005         0.32390219494719041     
                  114    0.56500000000000006         0.31689765397285169     
                  115    0.57000000000000006         0.30978323224806126     
                  116    0.57500000000000007         0.30256188710948384     
                  117    0.57999999999999996         0.29521850239033265     
                  118    0.58499999999999996         0.28775492266925062     
                  119    0.58999999999999997         0.28015454554707475     
                  120    0.59499999999999997         0.27241772046841950     
                  121    0.59999999999999998         0.26452587628539648     
                  122    0.60499999999999998         0.25647730525273299     
                  123    0.60999999999999999         0.24825075179388306     
                  124    0.61499999999999999         0.23984159457071333     
                  125    0.62000000000000000         0.23122478822975814     
                  126    0.62500000000000000         0.22239143457533952     
                  127    0.63000000000000000         0.21331090461212351     
                  128    0.63500000000000001         0.20396773181306493     
                  129    0.64000000000000001         0.19432260567707596     
                  130    0.64500000000000002         0.18434936234205304     
                  131    0.65000000000000002         0.17399421204092949     
                  132    0.65500000000000003         0.16321213616113578     
                  133    0.66000000000000003         0.15192277075734620     
                  134    0.66500000000000004         0.14004392589932507     
                  135    0.67000000000000004         0.12743918632457202     
                  136    0.67500000000000004         0.11393938917415070     
                  137    0.68000000000000005          9.9260334911671119E-002
                  138    0.68500000000000005          8.2958804375045048E-002
                  139    0.69000000000000006          6.4152118883411560E-002
                  140    0.69500000000000006          4.0683024639701505E-002
                  141    0.70000000000000007          0.0000000000000000     
