                    1     0.0000000000000000          2.4109779652397312     
                    2     5.0000000000000001E-003     2.4006821808714975     
                    3     1.0000000000000000E-002     2.3903467463263115     
                    4     1.4999999999999999E-002     2.3799910580869224     
                    5     2.0000000000000000E-002     2.3695950871694333     
                    6     2.5000000000000001E-002     2.3591782589867867     
                    7     2.9999999999999999E-002     2.3487204933827077     
                    8     3.5000000000000003E-002     2.3382412448249914     
                    9     4.0000000000000001E-002     2.3277203807234215     
                   10     4.4999999999999998E-002     2.3171773847100754     
                   11     5.0000000000000003E-002     2.3065920704378939     
                   12     5.5000000000000000E-002     2.2959839507953710     
                   13     5.9999999999999998E-002     2.2853327842899960     
                   14     6.5000000000000002E-002     2.2746581131392203     
                   15     7.0000000000000007E-002     2.2639396392459803     
                   16     7.4999999999999997E-002     2.2531969342070410     
                   17     8.0000000000000002E-002     2.2424096417859687     
                   18     8.5000000000000006E-002     2.2315973629841190     
                   19     8.9999999999999997E-002     2.2207396818094178     
                   20     9.5000000000000001E-002     2.2098562286647527     
                   21    0.10000000000000001          2.1989265260983970     
                   22    0.10500000000000000          2.1879702338797178     
                   23    0.11000000000000000          2.1769668112986564     
                   24    0.11500000000000000          2.1659359474198969     
                   25    0.12000000000000000          2.1548570363740809     
                   26    0.12500000000000000          2.1437497964092920     
                   27    0.13000000000000000          2.1325935544852022     
                   28    0.13500000000000001          2.1214080578753909     
                   29    0.14000000000000001          2.1101725642368745     
                   30    0.14499999999999999          2.0989068496589263     
                   31    0.14999999999999999          2.0875901002338955     
                   32    0.15500000000000000          2.0762421205983514     
                   33    0.16000000000000000          2.0648420228761903     
                   34    0.16500000000000001          2.0534096399167017     
                   35    0.17000000000000001          2.0419240073170233     
                   36    0.17500000000000002          2.0304049857298030     
                   37    0.17999999999999999          2.0188315314983916     
                   38    0.18500000000000000          2.0072235325848533     
                   39    0.19000000000000000          1.9955598631671239     
                   40    0.19500000000000001          1.9838604379270097     
                   41    0.20000000000000001          1.9721040457630132     
                   42    0.20500000000000002          1.9603106273785547     
                   43    0.20999999999999999          1.9484588830563172     
                   44    0.21500000000000000          1.9365687787001884     
                   45    0.22000000000000000          1.9246189223957990     
                   46    0.22500000000000001          1.9126293042866578     
                   47    0.23000000000000001          1.9005784364098706     
                   48    0.23500000000000001          1.8884863320288603     
                   49    0.23999999999999999          1.8763314029817697     
                   50    0.24500000000000000          1.8641336843513030     
                   51    0.25000000000000000          1.8518714832946239     
                   52    0.25500000000000000          1.8395648552066963     
                   53    0.26000000000000001          1.8271919977129834     
                   54    0.26500000000000001          1.8147729847778329     
                   55    0.27000000000000002          1.8022858992331856     
                   56    0.27500000000000002          1.7897508315998538     
                   57    0.28000000000000003          1.7771457441947618     
                   58    0.28500000000000003          1.7644907417724389     
                   59    0.28999999999999998          1.7517636598977984     
                   60    0.29499999999999998          1.7389846148800756     
                   61    0.29999999999999999          1.7261313087152730     
                   62    0.30499999999999999          1.7132238661776895     
                   63    0.31000000000000000          1.7002398482230521     
                   64    0.31500000000000000          1.6871993845265720     
                   65    0.32000000000000001          1.6740798867912112     
                   66    0.32500000000000001          1.6609014854791266     
                   67    0.33000000000000002          1.6476414339857786     
                   68    0.33500000000000002          1.6343198588073642     
                   69    0.34000000000000002          1.6209138450163556     
                   70    0.34500000000000003          1.6074435096452580     
                   71    0.35000000000000003          1.5938857583278303     
                   72    0.35499999999999998          1.5802606922639943     
                   73    0.35999999999999999          1.5665450252678648     
                   74    0.36499999999999999          1.5527588353153314     
                   75    0.37000000000000000          1.5388786305586715     
                   76    0.37500000000000000          1.5249244571534464     
                   77    0.38000000000000000          1.5108726020524048     
                   78    0.38500000000000001          1.4967430695690485     
                   79    0.39000000000000001          1.4825119079420255     
                   80    0.39500000000000002          1.4681990679272641     
                   81    0.40000000000000002          1.4537803392178414     
                   82    0.40500000000000003          1.4392756052745062     
                   83    0.41000000000000003          1.4246603746829836     
                   84    0.41500000000000004          1.4099544474450527     
                   85    0.41999999999999998          1.3951330252410090     
                   86    0.42499999999999999          1.3802158055230904     
                   87    0.42999999999999999          1.3651776534081335     
                   88    0.43500000000000000          1.3500381411570421     
                   89    0.44000000000000000          1.3347717630307394     
                   90    0.44500000000000001          1.3193979391210438     
                   91    0.45000000000000001          1.3038907529365604     
                   92    0.45500000000000002          1.2882694400922561     
                   93    0.46000000000000002          1.2725076266198483     
                   94    0.46500000000000002          1.2566243247495625     
                   95    0.47000000000000003          1.2405926479232823     
                   96    0.47500000000000003          1.2244313378405083     
                   97    0.47999999999999998          1.2081129298435331     
                   98    0.48499999999999999          1.1916558375832680     
                   99    0.48999999999999999          1.1750319397822426     
                  100    0.49500000000000000          1.1582592513426937     
                  101    0.50000000000000000          1.1413088993953815     
                  102    0.50500000000000000          1.1241984124655906     
                  103    0.51000000000000001          1.1068980500784564     
                  104    0.51500000000000001          1.0894247447668306     
                  105    0.52000000000000002          1.0717477451858388     
                  106    0.52500000000000002          1.0538832493416113     
                  107    0.53000000000000003          1.0357993159752066     
                  108    0.53500000000000003          1.0175112314629235     
                  109    0.54000000000000004         0.99898563788893135     
                  110    0.54500000000000004         0.98023668065307534     
                  111    0.55000000000000004         0.96122929376475619     
                  112    0.55500000000000005         0.94197618029175723     
                  113    0.56000000000000005         0.92244018537634775     
                  114    0.56500000000000006         0.90263216717711692     
                  115    0.57000000000000006         0.88251237499401358     
                  116    0.57500000000000007         0.86208927399949808     
                  117    0.57999999999999996         0.84131982812484030     
                  118    0.58499999999999996         0.82020934690251779     
                  119    0.58999999999999997         0.79871054775757477     
                  120    0.59499999999999997         0.77682449594159675     
                  121    0.59999999999999998         0.75449828373112793     
                  122    0.60499999999999998         0.73172713067063355     
                  123    0.60999999999999999         0.70845045839096144     
                  124    0.61499999999999999         0.68465519860644231     
                  125    0.62000000000000000         0.66026994171128506     
                  126    0.62500000000000000         0.63526944049487899     
                  127    0.63000000000000000         0.60956632182311976     
                  128    0.63500000000000001         0.58311661218973854     
                  129    0.64000000000000001         0.55580810496102051     
                  130    0.64500000000000002         0.52756628777263825     
                  131    0.65000000000000002         0.49823750239611819     
                  132    0.65500000000000003         0.46769332360977722     
                  133    0.66000000000000003         0.43570392207263725     
                  134    0.66500000000000004         0.40203436612827992     
                  135    0.67000000000000004         0.36629384886308375     
                  136    0.67500000000000004         0.32799749231575104     
                  137    0.68000000000000005         0.28632860427111778     
                  138    0.68500000000000005         0.24001059142908998     
                  139    0.69000000000000006         0.18648891244109253     
                  140    0.69500000000000006         0.11946237647607946     
                  141    0.70000000000000007          0.0000000000000000     
