#				
#	OBS.	POINT	1	cm]
#				
#				
#				
#	Time	Obs	Obs	
0.1	-754	-878	-920	0
5	-807	-862	-806	0
10	-819	-859	-791	0
15	-826	-859	-782	0
20	-828	-860	-780	0
25	-776	-861	-783	0
30	-86.8	-861	-786	0
35	-33.4	-862	-789	0
40	-23.2	-862	-791	0
45	-19.1	-863	-790	0
50	-17.1	-863	-789	0
55	-16	-863	-789	0
60	-15.4	-863	-788	0
65	-17.9	-863	-789	0
70	-14	-863	-789	0
75	-13.5	-863	-790	0
80	-12.9	-863	-791	0
85	-12.6	-863	-792	0
90	-12.4	-863	-793	0
95	-12.3	-864	-795	0
100	-12	-864	-796	0
105	-11.9	-863	-797	0
110	-11.6	-851	-798	0
115	-9.77	-795	-800	0
120	-10.8	-62	-801	0
125	-10.6	-38.3	-802	0
130	-10.1	-32.9	-803	0
135	-9.72	-29.5	-804	0
140	-9.57	-26.7	-804	0
145	-9.62	-24.9	-805	0
150	-9.1	-23.2	-806	0
155	-8.4	-21.9	-807	0
160	-8.68	-21	-807	0
165	-8.55	-20	-808	0
170	-8.38	-19.1	-809	0
175	-8.43	-18.3	-809	0
180	-8.25	-17.6	-810	0
185	-7.96	-16.9	-808	0
190	-7.43	-16	-800	0
195	-7.24	-15.3	-781	0
200	-7.21	-14.9	-745	0
205	-7.04	-14.4	-668	0
210	-7.06	-14.2	-476	0
215	-6.66	-13.5	-155	0
220	-6.34	-13.5	-46.7	0
225	-6.29	-13.2	-35.5	0
230	-6.39	-13	-31.8	0
235	-6.59	-13	-29	0
240	-6.32	-12.4	-26.7	0
245	-5.79	-12.2	-24.7	0
250	-5.77	-11.8	-22.8	0
255	-5.42	-11.1	-20.4	0
260	-4.8	-10.3	-17.5	0
265	1.83	-3.24	0.798	0
270	-15.2	72.4	-6.11	0
275	-21.9	-21.7	-18.5	0.01414927485
280	-24.3	-22.4	-19.1	0.004244782454
285	-24.7	-22.3	-18.8	0.0233463035
290	1.78	0.863	-36.3	0.02122391228
295	0.9	0.266	-18.1	0.02122391228
300	-1.87	-3.66	-17.1	0.02122391226
305	-7.19	-8.26	-16.7	0.02122391228
310	-10.3	-11.6	-16.7	0.02122391228
315	-12.3	-14.1	-16.8	0.02122391228
320	-13.2	-15.2	-16.8	0.02122391226
325	-13.6	-15.8	-16.9	0.02122391228
330	-13	-15.3	-16.6	0.0212239122
335	-13.4	-16	-16.8	0.0212239124
340	-13.5	-16.1	-16.9	0.0212239122
345	-13.5	-16.2	-17.1	0.0212239124
350	-13.5	-16.4	-17.2	0.0212239122
355	-13.6	-16.1	-17.2	0.0212239122
360	-13.5	-16.1	-16.9	0.0212239124
365	-13.6	-16.1	-16.9	0.0212239122
370	-13.3	-16.1	-16.9	0.0212239122
375	-13.6	-16.2	-17	0.0212239124
380	-13.8	-16.2	-17	0.0212239122
385	-13.8	-16.3	-17.1	0.0212239122
390	-13.7	-16.4	-17.1	0.0212239124
395	-13.7	-16.6	-17.3	0.0212239122
400	-13.6	-16.7	-17.5	0.0212239124
405	-13.8	-16.4	-17.4	0.0212239122
410	-13.8	-16.2	-17.2	0.0212239122
415	-12.8	-16	-17.1	0.0212239124
420	-13.5	-16.3	-17.2	0.0212239122
425	-13.7	-16.3	-17.2	0.0212239122
430	-13.6	-16.3	-17.2	0.0212239124
435	-13.7	-16.4	-17.3	0.0212239122
440	-13.8	-16.7	-17.4	0.0212239124
445	-14.1	-17.2	-18.1	0.0212239122
450	-14.2	-17	-18.1	0.0212239122
455	-14.3	-17	-17.9	0.0212239124
460	-14.3	-17	-17.9	0.0212239122
465	-14.4	-17	-17.9	0.0212239122
470	-14.3	-17.1	-17.9	0.0212239124
475	-14.3	-17.1	-18	0.0212239122
480	-14.3	-17.2	-18.1	0.0212239124
485	-14.6	-17.5	-18.2	0.0212239122
490	-14.6	-17.4	-18.4	0.0212239122
495	-14.4	-17.1	-18.2	0.0212239124
500	-13.8	-17.3	-18.1	0.0212239122
505	-14.5	-17.3	-18	0.0212239122
510	-14.6	-17.2	-18.1	0.0212239124
515	-13.9	-17.1	-18.1	0.0212239122
520	-14.6	-17.3	-18.1	0.0212239124
525	-14.7	-17.6	-18.2	0.0212239122
530	-13.6	-17.1	-18.3	0.0212239122
535	-14.6	-17.4	-18.2	0.0212239124
540	-14.8	-17.2	-17.9	0.0212239122
545	-14.7	-17.4	-18.1	0.0212239122
550	-14.3	-17.3	-18.2	0.0212239124
555	-14.6	-17.3	-18.1	0.0212239122
560	-14.4	-17.3	-18.1	0.0212239124
565	-14.6	-17.5	-18.3	0.0212239122
570	-14.5	-17.6	-18.5	0.0212239122
575	-13.9	-17.3	-18.4	0.0212239124
580	-14.6	-17.3	-18.1	0.0212239122
585	-14.8	-17.4	-18.1	0.0212239122
590	-14.9	-17.4	-18.1	0.0212239124
595	-14.7	-17.3	-18	0.0212239122
600	-14.7	-17.3	-18.2	0.0212239122
605	-14.5	-17.5	-18.2	0.0212239124
610	-14.4	-17.5	-18.2	0.0212239122
615	-13.7	-17.1	-18.3	0.0212239124
620	-14.1	-17.2	-18.2	0.0212239122
625	-14.3	-17.2	-17.9	0.0212239122
630	-14.5	-17.3	-18	0.0212239124
635	-14.2	-17.4	-18	0.0212239122
640	-14.9	-17.4	-18.1	0.0212239122
645	-14.7	-17.3	-18	0.0212239124
650	-14.5	-17.4	-18.1	0.0212239122
655	-14.2	-17.3	-18.2	0.0212239124
660	-14.4	-17.1	-18	0.0212239122
665	-14.3	-16.3	-17.6	0.0212239122
670	-14.3	-16.9	-17.7	0.0212239124
675	-14.3	-16.8	-17.7	0.0212239122
680	-14.2	-16.8	-17.6	0.0212239122
685	-14.1	-16.7	-17.6	0.0212239124
690	-13.8	-16.7	-17.6	0.0212239122
695	-14	-16.9	-17.8	0.0212239124
700	-14	-16.9	-17.8	0.0212239122
705	-13.9	-16.6	-17.6	0.0212239122
710	-13.2	-16.3	-17.4	0.0212239124
715	-13.9	-16.5	-17.4	0.0212239122
720	-13.9	-16.5	-17.5	0.0212239122
725	-14	-16.5	-17.5	0.0212239124
730	-14	-16.5	-17.5	0.0212239122
735	-13.8	-16.5	-17.5	0.0212239124
740	-13.7	-16.7	-17.6	0.0212239122
745	-13.6	-16.5	-17.7	0.0212239122
750	-13.5	-16.3	-17.5	0.021223912
755	-13.3	-16.2	-17.3	0.021223912
760	-13.6	-16.2	-17.2	0.021223912
765	-13.5	-16.1	-17.3	0.021223914
770	-13.4	-16.2	-17.2	0.021223912
775	-13.5	-16.2	-17.3	0.021223912
780	-13.1	-16.5	-17.4	0.021223912
785	-13.3	-16.5	-17.5	0.021223912
790	-13.4	-16.3	-17.6	0.021223912
795	-13.3	-16.2	-17.4	0.021223912
800	-13.3	-16.1	-17.2	0.021223914
805	-13.3	-16	-17.2	0.021223912
810	-13.2	-16.1	-17.1	0.021223912
815	-13	-15.9	-17.1	0.021223912
820	-12.8	-15.6	-17.1	0.021223912
825	-13.1	-16.1	-17.2	0.021223912
830	-13.1	-16.2	-17.4	0.021223912
835	-13	-16	-17.5	0.021223914
840	-13.1	-16	-17.3	0.021223912
845	-13.1	-15.9	-17.1	0.021223912
850	-12.3	-15.8	-17	0.021223912
855	-12.9	-15.9	-17.1	0.021223912
860	-12.9	-15.9	-17.1	0.021223912
865	-12.9	-15.9	-17.1	0.021223912
870	-12.9	-15.9	-17.1	0.021223912
875	-12.9	-16	-17.2	0.021223914
880	-12.9	-16.2	-17.4	0.021223912
885	-13	-16	-17.4	0.021223912
890	-13	-15.9	-17.1	0.021223912
895	-13	-15.9	-17	0.021223912
900	-12.9	-15.7	-17	0.021223912
905	-12.9	-15.8	-17	0.021223912
910	-12.8	-15.6	-17	0.021223914
915	-12.9	-15.8	-17	0.021223912
920	-12.9	-15.9	-17	0.021223912
925	-12.7	-16.1	-17.2	0.021223912
930	-12.9	-16	-17.3	0.021223912
935	-12.4	-15.7	-17.1	0.021223912
940	-12.8	-15.7	-16.9	0.021223912
945	-12.7	-15.5	-16.9	0.021223914
950	-11.1	-13.7	-16.4	0.021223912
955	-12.5	-16.2	-17	0.021223912
960	-13	-15.8	-17	0.021223912
965	-12.9	-15.7	-17	0.021223912
970	-12.3	-14.8	-16.8	0.021223912
975	-12.3	-15.9	-17.3	0.021223912
980	-12.6	-15.8	-17.3	0.021223912
985	-12.9	-15.7	-16.8	0.021223914
990	-12	-15.6	-16.8	0.021223912
995	-12.7	-15.5	-16.9	0.021223912
1000	-12.2	-15.7	-16.6	0.021223912
1010	-12.7	-14.8	-16.9	0.021223912
1010	-12.7	-15.7	-17	0.021223912
1020	-12.5	-15.7	-17.2	0.021223912
1020	-12.5	-15.8	-17	0.021223914
1030	-12.4	-15.6	-16.9	0.021223912
1030	-12.5	-15.5	-16.8	0.021223912
1040	-12.5	-15.5	-16.8	0.021223912
1040	-12.4	-15.5	-16.8	0.021223912
1050	-12.4	-15.4	-16.8	0.021223912
1050	-12.4	-15.4	-16.8	0.021223912
1060	-12.4	-15.4	-16.8	0.021223914
1060	-12.4	-15.5	-16.9	0.021223912
1070	-11.6	-15.6	-17.1	0.021223912
1070	-12.3	-15.5	-16.9	0.021223912
1080	-12.4	-15.5	-16.7	0.021223912
1080	-12.4	-15.4	-16.6	0.021223912
1090	-12.2	-15.3	-16.7	0.021223912
1090	-12.2	-15.3	-16.7	0.021223914
1100	-12.4	-15.3	-17	0.021223912
1100	-12.5	-15.6	-17	0.021223912
1110	-12.5	-15.6	-17.1	0.021223912
1110	-12.4	-15.7	-17.2	0.021223912
1120	-12.4	-15.8	-17.3	0.021223912
1120	-12.4	-16	-17	0.021223912
1130	-12.4	-15.6	-16.8	0.021223912
1130	-12.4	-15.5	-16.8	0.021223914
1140	-12.5	-15.5	-16.8	0.021223912
1140	-12.4	-15.5	-16.8	0.021223912
1150	-12.4	-15.5	-16.8	0.021223912
1150	-12.4	-15.5	-16.9	0.021223912
1160	-12.4	-15.5	-17	0.021223912
1160	-12.4	-15.7	-17.3	0.021223912
1170	-12.4	-16	-17.2	0.021223914
1170	-11.9	-15.9	-17	0.021223912
1180	-12.6	-15.9	-16.9	0.021223912
1180	-12.5	-15.7	-16.8	0.021223912
1190	-12.4	-15.5	-16.9	0.021223912
1190	-12.3	-15.5	-16.7	0.021223912
1200	-11.3	-15.4	-16.8	0.021223912
1200	-12.3	-15.2	-16.8	0.021223914
1210	-12.4	-15.5	-16.9	0.021223912
1210	-12.6	-15.5	-17.2	0.021223912
1220	-12.7	-15.9	-17.1	0.021223912
1220	-12.6	-16	-16.9	0.021223912
1230	-12.4	-15.7	-16.7	0.021223912
1230	-12.2	-15.3	-16.6	0.021223912
1240	-12.2	-15.2	-16.6	0.021223912
1240	-12.2	-15.2	-16.6	0.021223914
1250	-12.1	-15.2	-16.6	0.021223912
1250	-12.1	-15.2	-16.6	0.021223912
1260	-12	-15.2	-16.6	0.021223912
1260	-11.9	-15.2	-16.8	0.021223912
1270	-12	-15	-16.9	0.021223912
1270	-12.3	-15.6	-16.6	0.021223912
1280	-12	-15.2	-16.4	0.021223914
1280	-11.9	-15.1	-16.3	0.021223912
1290	-11.9	-15	-16.4	0.021223912
1290	-11.1	-15	-16.4	0.021223912
1300	-11.8	-15	-16.4	0.021223912
1300	-11.9	-15.3	-16.3	0.021223912
1310	-11.9	-14.8	-16.5	0.021223912
1310	-11.9	-14.8	-16.6	0.021223914
1320	-11.9	-15	-16.6	0.021223912
1320	-11.9	-15.2	-16.5	0.021223912
1330	-11.9	-15	-16.3	0.021223912
1330	-12	-15	-16.3	0.021223912
1340	-12.4	-15	-16.8	0.021223912
1340	-12.5	-15.5	-16.9	0.021223912
1350	-12.5	-15.4	-16.9	0.021223912
1350	-12.4	-15.5	-16.9	0.021223914
1360	-12.3	-15.5	-16.8	0.021223912
1360	-12.2	-15.4	-17	0.021223912
1370	-12.1	-15.4	-17.2	0.021223912
1370	-12.1	-15.7	-16.9	0.021223912
1380	-12.1	-15.3	-16.7	0.021223912
1380	-12.1	-15.2	-16.6	0.021223912
1390	-12	-15	-16.7	0.021223914
1390	-11.9	-15.2	-16.6	0.021223912
1400	-11.9	-14.9	-16.7	0.021223912
1400	-11.9	-15.2	-16.7	0.021223912
1410	-11.8	-15.2	-16.7	0.021223912
1410	-11.8	-15	-16.7	0.021223912
1420	-11.8	-15.2	-17.1	0.021223912
1420	-11.8	-15.6	-17	0.021223914
1430	-11.8	-15.6	-16.7	0.021223912
1430	-11.8	-15.4	-16.6	0.021223912
1440	-11.7	-14.8	-16.5	0.021223912
1440	-12.8	-16.2	-16	0.021223912
1450	-12.7	-16.3	-16	0.021223912
1450	-12.7	-16	-15.8	0.021223912
1460	-12.6	-15.7	-16	0.021223914
1460	-11.7	-16.1	-15.9	0.021223912
1470	-12.7	-16	-16.1	0.021223912
1470	-12.9	-16.3	-16.4	0.021223912
1480	-12.7	-16.6	-16.1	0.021223912
1480	-12.7	-16.2	-15.9	0.021223912
1490	-12.2	-16.1	-15.7	0.021223912
1490	-12.6	-15.4	-15.8	0.021223912
1500	-12.6	-16.1	-15.8	0.021223914
1500	-12.5	-16	-15.9	0.021223912
1510	-12.4	-16.3	-15.7	0.021223912
1510	-12.3	-15.7	-15.8	0.021223912
1520	-12.4	-15.8	-15.9	0.021223912
1520	-11.8	-16	-16.1	0.021223912
1530	-12.7	-16.3	-15.8	0.021223912
1530	-12.6	-15.8	-15.6	0.021223914
1540	-12.6	-15.8	-15.6	0.021223912
1540	-12.4	-15.5	-15.5	0.021223912
1550	-12.3	-15.5	-15.5	0.021223912
1550	-12.3	-15.6	-15.6	0.021223912
1560	-12.3	-15.7	-15.6	0.021223912
1560	-11.9	-15.8	-15.7	0.021223912
1570	-12.2	-15.7	-15.9	0.021223914
1570	-12.3	-16	-15.9	0.021223912
1580	-12.2	-16.1	-15.5	0.021223912
1580	-12	-15.7	-15.3	0.021223912
1590	-12.1	-15.5	-15.4	0.021223912
1590	-12.2	-15.6	-15.4	0.021223912
1600	-12.2	-15.6	-15.4	0.021223912
1600	-12.1	-15.6	-15.4	0.021223912
1610	-12.2	-15.5	-15.5	0.021223914
1610	-12	-15.7	-15.7	0.021223912
1620	-12	-15.8	-15.7	0.021223912
1620	-12	-15.9	-15.4	0.021223912
1630	-12	-15.4	-15.3	0.021223912
1630	-12	-15.4	-15.3	0.021223912
1640	-10.7	-15.5	-15	0.021223912
1640	-11.7	-14.5	-15.2	0.021223914
1650	-12.1	-15.2	-15.2	0.021223912
1650	-12.1	-15.5	-15.2	0.021223912
1660	-12.1	-15.4	-15.3	0.021223912
1660	-12.1	-15.5	-15.4	0.021223912
1670	-12.1	-15.6	-15.5	0.021223912
1670	-12.1	-15.7	-15.2	0.021223912
1680	-12.1	-15.4	-15.1	0.021223914
1680	-12.1	-15.2	-15.1	0.021223912
1690	-12	-15.3	-15	0.021223912
1690	-12	-15	-15.1	0.021223912
1700	-12	-15.4	-15.1	0.021223912
1700	-11.8	-15.3	-15.1	0.021223912
1710	-11.9	-15.4	-15.4	0.021223912
1710	-11.8	-15.7	-15.5	0.021223914
1720	-12.6	-15.6	-13.9	0.021223912
1720	-12.5	-16	-16.2	0.021223912
1730	-12.7	-16.3	-16.2	0.021223912
1730	-12.3	-16.5	-15.8	0.021223912
1740	-14	-15.7	-18.7	0.021223912
1740	-14.8	-18.7	-18.7	0.021223912
1750	-14.8	-18.7	-18.6	0.021223912
1750	-14.8	-18.7	-18.7	0.021223914
1760	-14.7	-18.7	-18.8	0.021223912
1760	-14.6	-18.9	-18.6	0.021223912
1770	-14.6	-18.6	-18.4	0.021223912
1770	-14.6	-18.4	-18.3	0.021223912
1780	-14.5	-18.4	-18.3	0.021223912
1780	-14	-18.4	-18.4	0.021223912
1790	-14.5	-18.4	-18.4	0.021223914
1790	-14.7	-18.2	-18.4	0.021223912
1800	-14.7	-18.5	-18.6	0.021223912
1800	-14.8	-18.7	-18.7	0.021223912
1810	-14.7	-18.9	-18.6	0.021223912
1810	-14.7	-18.6	-18.5	0.021223912
1820	-14.6	-18.3	-18.5	0.021223912
1820	-14.7	-18.4	-18.6	0.021223914
1830	-14.7	-18.5	-18.6	0.021223912
1830	-14.6	-18.6	-18.6	0.021223912
1840	-14.6	-18.4	-18.6	0.021223912
1840	-14.5	-18.5	-18.7	0.021223912
1850	-14.5	-18.6	-18.9	0.021223912
1850	-14.5	-19.1	-18.8	0.021223912
1860	-14.5	-18.9	-18.6	0.021223912
1860	-14.5	-18.7	-18.5	0.021223914
1870	-14.6	-18.3	-18.7	0.021223912
1870	-14.5	-18.8	-18.6	0.021223912
1880	-14.5	-18.6	-18.6	0.021223912
1880	-14.4	-18.4	-18.6	0.021223912
1890	-14.4	-18.6	-18.7	0.021223912
1890	-14.3	-18.3	-18.9	0.021223912
1900	-14.4	-18.9	-18.9	0.021223914
1900	-14.4	-18.9	-18.7	0.021223912
1910	-14.5	-18.7	-18.6	0.021223912
1910	-14.3	-18.7	-18.6	0.021223912
1920	-14.3	-18.3	-18.6	0.021223912
1920	-14.3	-18.5	-18.6	0.021223912
1930	-14.4	-18.6	-18.7	0.021223912
1930	-14.4	-18.7	-18.8	0.021223914
1940	-14.4	-18.7	-19	0.021223912
1940	-14.4	-19.1	-18.9	0.021223912
1950	-14.3	-18.5	-18.6	0.021223912
1950	-14.2	-18.2	-18.6	0.021223912
1960	-14.4	-18.6	-18.6	0.021223912
1960	-14.5	-18.5	-18.7	0.021223912
1970	-14.4	-18.8	-18.7	0.021223914
1970	-14.4	-18.8	-18.7	0.021223912
1980	-14.3	-18.8	-18.9	0.021223912
1980	-14.3	-18.8	-19	0.021223912
1990	-14.3	-19.2	-18.9	0.021223912
1990	-14.3	-18.8	-18.8	0.021223912
2000	-14.4	-18.8	-18.7	0.021223912
2000	-14.4	-18.8	-18.8	0.021223912
2010	-14.3	-18.9	-18.8	0.021223914
2010	-14.4	-18.6	-18.8	0.021223912
2020	-14.4	-18.8	-18.8	0.021223912
2020	-14.3	-18.8	-19	0.021223912
2030	-14.3	-18.9	-19.1	0.021223912
2030	-14.2	-19.1	-19	0.021223912
2040	-14.3	-18.9	-18.8	0.021223912
2040	-14.3	-18.7	-18.9	0.021223914
2050	-14.3	-18.8	-18.8	0.021223912
2050	-14.3	-18.6	-18.9	0.021223912
2060	-14.3	-18.7	-18.9	0.021223912
2060	-14.5	-18.7	-19	0.021223912
2070	-14.6	-19.1	-19.2	0.021223912
2070	-14.6	-19.2	-19.3	0.021223912
2080	-14.6	-19.4	-19.1	0.021223914
2080	-14.6	-19.2	-18.9	0.021223912
2090	-14.6	-19	-18.8	0.021223912
2090	-14.7	-18.8	-18.8	0.021223912
2100	-14.6	-18.6	-18.8	0.021223912
2100	-14.5	-18.8	-18.8	0.021223912
2110	-14.5	-18.9	-18.9	0.021223912
2110	-14.3	-18.9	-19	0.021223912
2120	-14.1	-19	-19.2	0.021223914
2120	-14.6	-19.3	-19	0.021223912
2130	-14.5	-19	-18.8	0.021223912
2130	-14.4	-18.6	-18.7	0.021223912
2140	-14.3	-18.3	-18.8	0.021223912
2140	-14.1	-18.8	-18.7	0.021223912
2150	-14.2	-18.4	-18.7	0.021223912
2150	-14.1	-18.3	-18.7	0.021223914
2160	-14	-18.3	-18.9	0.021223912
2160	-14.1	-18.3	-19	0.021223912
2170	-14	-19	-18.8	0.021223912
2170	-14	-18.7	-18.6	0.021223912
2180	-14	-18.4	-18.6	0.021223912
2180	-13.9	-18.5	-18.7	0.021223912
2190	-13.6	-18.5	-18.6	0.021223914
2190	-13.8	-18.2	-18.6	0.021223912
2200	-13.9	-18	-18.7	0.021223912
2200	-13.9	-18.5	-18.8	0.021223912
2210	-13.8	-18.6	-18.9	0.021223912
2210	-13.8	-18.7	-18.8	0.021223912
2220	-13.7	-18.4	-18.6	0.021223912
2220	-13.6	-18.4	-18.6	0.021223914
2230	-13.6	-18.3	-18.5	0.021223912
2230	-13.6	-18.1	-18.5	0.021223912
2240	-13.6	-17.8	-18.6	0.021223912
2240	-13.6	-18.4	-18.6	0.021223912
2250	-13.5	-18.3	-18.7	0.021223912
2250	-13.5	-18.2	-18.8	0.021223912
2260	-13.6	-18.3	-18.8	0.021223912
2260	-13.5	-18.4	-18.6	0.021223914
2270	-13.5	-18.2	-18.5	0.021223912
2270	-13.4	-18.2	-18.5	0.021223912
2280	-11.6	-18.2	-18.4	0.021223912
2280	-13.1	-17.6	-18.6	0.021223912
2290	-13.4	-18.1	-18.6	0.021223912
2290	-13.5	-18.2	-18.7	0.021223912
2300	-13.5	-18.4	-18.9	0.021223914
2300	-13.5	-18.6	-18.7	0.021223912
2310	-13.4	-18.3	-18.6	0.021223912
2310	-13.2	-18.2	-18.5	0.021223912
2320	-13.1	-18.1	-18.5	0.021223912
2320	-13.1	-18	-18.5	0.021223912
2330	-13.1	-18	-18.6	0.021223912
2330	-13.2	-18.1	-18.6	0.021223914
2340	-13.2	-18.1	-18.7	0.021223912
2340	-13	-18.2	-18.8	0.021223912
2350	-13.1	-18.3	-18.7	0.021223912
2350	-13.1	-18.2	-18.6	0.021223912
2360	-13	-18.2	-18.4	0.021223912
2360	-13	-17.6	-18.6	0.021223912
2370	-13.1	-18	-18.6	0.021223912
2370	-13	-18.1	-18.5	0.021223914
2380	-13	-17.9	-18.6	0.021223912
2380	-13	-18	-18.6	0.021223912
2390	-13	-18	-18.7	0.021223912
2390	-12.9	-17.9	-18.9	0.021223912
2400	-12.9	-18.2	-18.6	0.021223912
2400	-12.7	-18.2	-18.5	0.021223912
2410	-12.8	-17.8	-18.4	0.021223914
2410	-13	-17.7	-18.5	0.021223912
2420	-12.8	-18	-18.5	0.021223912
2420	-12.8	-17.8	-18.5	0.021223912
2430	-12.8	-17.9	-18.7	0.021223912
2430	-12.7	-18	-18.7	0.021223912
2440	-12.7	-18.1	-18.5	0.021223912
2440	-12.6	-17.9	-18.4	0.021223914
2450	-11.6	-17.5	-18.4	0.021223912
2450	-12.4	-17.7	-18.4	0.021223912
2460	-12.6	-17.8	-18.4	0.021223912
2460	-12.6	-17.8	-18.4	0.021223912
2470	-12.6	-17.7	-18.4	0.021223912
2470	-12.7	-17.7	-18.6	0.021223912
2480	-12.6	-17.9	-18.7	0.021223914
2480	-12.5	-18.1	-18.5	0.021223912
2490	-12.7	-17.9	-18.3	0.021223912
2490	-12.5	-17.2	-18.3	0.021223912
2500	-12.6	-17.7	-18.3	0.021223912
2500	-12.3	-17.6	-18.3	0.021223912
2510	-12.6	-17.7	-18.3	0.021223912
2510	-12.5	-17.7	-18.4	0.021223912
2520	-12.4	-17.6	-18.5	0.021223914
2520	-12.3	-17.8	-18.7	0.021223912
2530	-12.3	-18	-18.6	0.021223912
2530	-12.4	-18	-18.5	0.021223912
2540	-12.4	-17.8	-18.8	0.021223912
2540	-12.4	-17.7	-18.8	0.021223912
2550	-12.7	-18.1	-18.9	0.021223912
2550	-12.9	-18.3	-19	0.021223914
2560	-12.7	-18.1	-19	0.021223912
2560	-12.8	-18.2	-18.9	0.021223912
2570	-12.7	-18.1	-18.9	0.021223912
2570	-12.7	-18	-19.2	0.021223912
2580	-12.8	-18.6	-19.3	0.021223912
2580	-12.7	-18.5	-19	0.021223912
2590	-12.6	-18.1	-18.8	0.021223914
2590	-12.6	-18	-18.8	0.021223912
2600	-12.5	-17.9	-18.8	0.021223912
2600	-12.5	-17.9	-18.8	0.021223912
2610	-12.4	-17.9	-18.8	0.021223912
2610	-12.3	-17.8	-18.7	0.021223912
2620	-12.4	-17.8	-18.8	0.021223912
2620	-12.3	-17.9	-19	0.021223912
2630	-12.3	-18.2	-19.1	0.021223914
2630	-12.3	-18.4	-18.8	0.021223912
2640	-12.3	-17.6	-18.7	0.021223912
2640	-12.2	-17.7	-18.6	0.021223912
2650	-12.2	-17.6	-18.6	0.021223912
2650	-12.2	-17.6	-18.7	0.021223912
2660	-12.1	-17.7	-18.7	0.021223912
2660	-12.1	-17.8	-18.6	0.021223914
2670	-12.1	-17.8	-18.7	0.021223912
2670	-12	-17.8	-18.8	0.021223912
2680	-12	-17.9	-18.9	0.021223912
2680	-12	-18	-18.7	0.021223912
2690	-11.9	-17.8	-18.6	0.021223912
2690	-11.9	-17.7	-18.5	0.021223912
2700	-11.8	-17.6	-18.5	0.021223914
2700	-11.9	-17.5	-18.5	0.021223912
2710	-11.9	-17.5	-18.6	0.021223912
2710	-11.8	-17.6	-18.6	0.021223912
2720	-11.8	-17.6	-18.5	0.021223912
2720	-11.7	-17.3	-18.6	0.021223912
2730	-11.6	-17.3	-18.7	0.021223912
2730	-11.6	-17.5	-18.6	0.021223914
2740	-11.5	-17.5	-18.5	0.021223912
2740	-11.7	-17.4	-18.3	0.021223912
2750	-11.4	-17.1	-18.3	0.021223912
2750	-11.6	-17.3	-18.4	0.021223912
2760	-11.5	-17.3	-18.3	0.021223912
2760	-11.4	-16.9	-18.4	0.021223912
2770	-11.5	-17.2	-18.4	0.021223912
2770	-11.4	-17.2	-18.4	0.021223914
2780	-11.3	-17.2	-18.5	0.021223912
2780	-11.3	-17.1	-18.6	0.021223912
2790	-11.4	-17.5	-18.3	0.021223912
2790	-11.3	-17.2	-18.2	0.021223912
2800	-11.2	-17	-18.2	0.021223912
2800	-11.1	-16.8	-18.1	0.021223912
2810	-11.1	-16.6	-18.1	0.021223914
2810	-11	-16.5	-18.2	0.021223912
2820	-11.1	-17.1	-18.1	0.021223912
2820	-11.1	-17	-18.1	0.021223912
2830	-9.95	-16.7	-18.4	0.021223912
2830	-11	-17.1	-18.4	0.021223912
2840	-11.2	-17.2	-18.2	0.021223912
2840	-11.3	-17	-18.2	0.021223914
2850	-11.2	-16.9	-18	0.021223912
2850	-11	-16.7	-18	0.021223912
2860	-11.1	-16.8	-18.1	0.021223912
2860	-10.9	-16.8	-18	0.021223912
2870	-10.9	-16.3	-18.1	0.021223912
2870	-11	-16.8	-18.1	0.021223912
2880	-10.9	-16.9	-18.3	0.021223912
2880	-10.9	-17	-18.4	0.021223914
2890	-10.9	-17.2	-18.2	0.021223912
2890	-10.9	-16.9	-18	0.021223912
2900	-10.7	-16.3	-17.9	0.021223912
2900	-10.7	-16.4	-18	0.021223912
2910	-10.7	-16.6	-18	0.021223912
2910	-10.8	-16.7	-18	0.021223912
2920	-10.6	-16.5	-18	0.021223914
2920	-10.6	-16.6	-17.9	0.021223912
2930	-10.5	-16.4	-18.1	0.021223912
2930	-10.6	-16.8	-18.3	0.021223912
2940	-10.4	-16.8	-18.3	0.021223912
2940	-10.5	-16.8	-18	0.021223912
2950	-10.4	-16.6	-17.9	0.021223912
2950	-10.4	-16.4	-17.8	0.021223914
2960	-10.4	-16.2	-17.9	0.021223912
2960	-10.6	-16.4	-17.9	0.021223912
2970	-10.5	-16.5	-17.9	0.021223912
2970	-10.4	-16.5	-17.8	0.021223912
2980	-10.3	-16.4	-17.9	0.021223912
2980	-10.3	-16.4	-18	0.021223912
2990	-10.3	-16.6	-18.1	0.021223914
2990	-10.2	-16.6	-17.9	0.021223912
3000	-10.2	-16.4	-17.7	0.021223912
3000	-10.2	-16.2	-17.7	0.021223912
3010	-10.1	-16.2	-17.7	0.021223912
3010	-10.1	-16.2	-17.8	0.021223912
3020	-10.1	-16.3	-17.8	0.021223912
3020	-10.1	-16.2	-17.8	0.021223912
3030	-10.1	-16.3	-17.8	0.021223914
3030	-10.1	-16.2	-17.9	0.021223912
3040	-9.95	-16.1	-18	0.021223912
3040	-9.88	-16.2	-17.7	0.021223912
3050	-9.88	-15.9	-17.6	0.021223912
3050	-9.88	-15.8	-17.6	0.021223912
3060	-9.83	-15.7	-17.6	0.021223912
3060	-9.8	-15.7	-17.6	0.021223914
3070	-9.8	-15.7	-17.6	0.021223912
3070	-9.78	-15.7	-17.7	0.021223912
3080	-9.75	-15.9	-17.8	0.021223912
3080	-9.7	-16.1	-18	0.021223912
3090	-9.73	-16.2	-17.7	0.021223912
3090	-9.7	-16	-17.6	0.021223912
3100	-9.63	-15.8	-17.5	0.021223914
3100	-9.65	-15.7	-17.5	0.021223912
3110	-9.55	-15.7	-17.5	0.021223912
3110	-9.5	-15.7	-17.5	0.021223912
3120	-9.5	-15.7	-17.4	0.021223912
3120	-9.45	-15.6	-17.6	0.021223912
3130	-9.45	-15.8	-17.8	0.021223912
3130	-9.43	-16	-17.6	0.021223912
3140	-9.43	-16	-17.5	0.021223914
3140	-9.38	-15.7	-17.2	0.021223912
3150	-8.88	-14	-17.3	0.021223912
3150	-8.51	-15.1	-17.4	0.021223912
3160	-9.43	-15.5	-17.4	0.021223912
3160	-9.45	-15.7	-17.4	0.021223912
3170	-9.55	-15.6	-17.5	0.021223912
3170	-9.7	-15.8	-17.6	0.021223914
3180	-9.7	-15.8	-17.7	0.021223912
3180	-9.58	-16	-17.5	0.021223912
3190	-9.58	-15.7	-17.3	0.021223912
3190	-9.5	-15.5	-17.3	0.021223912
3200	-9.38	-15.5	-17.3	0.021223912
3200	-9.45	-15.5	-17.4	0.021223912
3210	-9.45	-15.4	-17.4	0.021223914
3210	-9.35	-15.5	-17.4	0.021223912
3220	-9.3	-15.4	-17.5	0.021223912
3220	-9.35	-15.6	-17.6	0.021223912
3230	-9.28	-15.7	-17.6	0.021223912
3230	-9.25	-15.7	-17.3	0.021223912
3240	-9.18	-15.4	-17.2	0.021223912
3240	-9.16	-15.2	-17.2	0.021223914
3250	-9.13	-15.2	-17.2	0.021223912
3250	-9.03	-15.2	-17.2	0.021223912
3260	-9.06	-15.1	-17.2	0.021223912
3260	-9.06	-15.3	-17.2	0.021223912
3270	-9.06	-15.3	-17.4	0.021223912
3270	-9.03	-15.4	-17.6	0.021223912
3280	-8.98	-15.5	-17.4	0.021223912
3280	-9.13	-15.4	-17.2	0.021223914
3290	-8.88	-15.1	-17.2	0.021223912
3290	-8.91	-15.1	-17.1	0.021223912
3300	-8.93	-14.8	-17.1	0.021223912
3300	-8.83	-15.1	-17.2	0.021223912
3310	-8.96	-15.1	-17.2	0.021223912
3310	-8.86	-15.1	-17.3	0.021223912
3320	-8.91	-15.2	-17.4	0.021223914
3320	-8.78	-15.3	-17.4	0.021223912
3330	-8.78	-15.4	-17.2	0.021223912
3330	-8.73	-15.1	-17.1	0.021223912
3340	-8.81	-15	-17.1	0.021223912
3340	-8.76	-14.9	-17.1	0.021223912
3350	-8.78	-15	-17.1	0.021223912
3350	-8.71	-14.9	-17.1	0.021223914
3360	-8.71	-15	-17.1	0.021223912
3360	-8.71	-15	-17.2	0.021223912
3370	-8.51	-15	-17.4	0.021223912
3370	-8.58	-15.3	-17.2	0.021223912
3380	-8.68	-15	-19.2	0.021223912
3380	-8.63	-16	-20.7	0.021223912
3390	-10.8	-18.2	-14.1	0.021223912
3390	-11.4	-14.8	-18.2	0.021223914
3400	-9.83	-16.1	-18.4	0.021223912
3400	-9.83	-16.2	-18.4	0.021223912
3410	-9.68	-16	-18.4	0.021223912
3410	-9.75	-16.2	-18.6	0.021223912
3420	-9.6	-16.4	-18.6	0.021223912
3420	-9.6	-16.4	-18.3	0.021223912
3430	-9.55	-15.9	-18.2	0.021223914
3430	-9.6	-16	-18.2	0.021223912
3440	-9.53	-15.8	-18.2	0.021223912
3440	-9.5	-15.9	-18.2	0.021223912
3450	-9.45	-15.9	-18.2	0.021223912
3450	-9.45	-15.9	-18.3	0.021223912
3460	-9.35	-16	-18.6	0.021223912
3460	-9.4	-16.3	-18.8	0.021223914
3470	-9.48	-16.4	-18.5	0.021223912
3470	-9.45	-16.1	-18.3	0.021223912
3480	-9.53	-16	-18.4	0.021223912
3480	-9.48	-16.1	-18.3	0.021223912
3490	-9.53	-16.1	-18.3	0.021223912
3490	-9.4	-16.2	-18.4	0.021223912
3500	-9.23	-16.2	-18.5	0.021223914
3500	-9.75	-16.6	-18.8	0.021223912
				
				
				
				
				
				
				
				
				
				
				
				
				
				
				
				
				
				
				
				
				
				
				
				
				
				
				
				
				
				
				
				
				
				
				
				
				
				
				
				
				
				
				
				
				
				
				
				
				
				
				
				
				
				
				
				
				
				
				
				
				
				
				
				
				
				
				
				
				
				
				
				
				
				
				
				
				
				
				
				
				
				
				
				
				
				
				
				
				
				
				
				
				
				
				
				
				
				
				
				
				
				
				
				
				
				
				
				
				
				
				
				
				
				
				
				
				
				
				
				
				
				
				
				
				
				
				
				
				
				
				
				
				
				
				
				
				
				
				
				
				
				
				
				
				
				
				
				
				
				
				
				
				
				
				
				
				
				
				
				
				
				
				
				
				
				
				
				
				
				
				
				
				
				
				
				
				
				
				
				
				
				
				
				
				
				
				
				
				
				
				
				
				
				
				
				
				
				
				
				
				
				
				
				
				
				
				
				
				
				
				
				
				
				
				
				
				
				
				
				
				
				
				
				
				
				
				
				
				
				
				
				
				
				
				
				
				
				
				
				
				
				
				
				
				
				
				
				
				
				
				
				
				
				
				
				
				
				
				
				
				
				
				
				
				
				
				
				
				
				
				
				
				
				
				
				
				
				
				
				
				
				
				
				
				
				
				
				
				
				
				
				
				