#							
#	OBS.	POINT	1	[pressure	head	cm]	
#							
#							
#							
#	Time	Obs	Obs	Obs			
0.1	-754	-878	-920		0		
5	-807	-862	-806		0		
10	-819	-859	-791		0.00353731871241599		
15	-826	-859	-782		0.00707463742483198		
20	-828	-860	-780		0.00707463742483198		
25	-776	-861	-783		0.014149274849664		
30	-86.8	-861	-786		0.014149274849664		
35	-33.4	-862	-789		0.0176865935620799		
40	-23.2	-862	-791		0.0176865935620799		
45	-19.1	-863	-790		0.0212239122744959		
50	-17.1	-863	-789		0.0247612309869119		
55	-16	-863	-789		0.0282985496993279		
60	-15.4	-863	-788		0.0282985496993279		
65	-17.9	-863	-789		0.0282985496993279		
70	-14	-863	-789		0.0318358684117439		
75	-13.5	-863	-790		0.0318358684117439		
80	-12.9	-863	-791		0.0353731871241599		
85	-12.6	-863	-792		0.0353731871241599		
90	-12.4	-863	-793		0.0353731871241599		
95	-12.3	-864	-795		0.0389105058365759		
100	-12	-864	-796		0.0424478245489919		
105	-11.9	-863	-797		0.0459851432614079		
110	-11.6	-851	-798		0.0459851432614079		
115	-9.77	-795	-800		0.0459851432614079		
120	-10.8	-62	-801		0.0495224619738238		
125	-10.6	-38.3	-802		0.0495224619738238		
130	-10.1	-32.9	-803		0.0495224619738238		
135	-9.72	-29.5	-804		0.0530597806862398		
140	-9.57	-26.7	-804		0.0530597806862398		
145	-9.62	-24.9	-805		0.0530597806862398		
150	-9.1	-23.2	-806		0.0530597806862398		
155	-8.4	-21.9	-807		0.0565970993986558		
160	-8.68	-21	-807		0.0565970993986558		
165	-8.55	-20	-808		0.0565970993986558		
170	-8.38	-19.1	-809		0.0565970993986558		
175	-8.43	-18.3	-809		0.0565970993986558		
180	-8.25	-17.6	-810		0.0601344181110718		
185	-7.96	-16.9	-808		0.0601344181110718		
190	-7.43	-16	-800		0.0601344181110718		
195	-7.24	-15.3	-781		0.0636717368234878		
200	-7.21	-14.9	-745		0.0636717368234878		
205	-7.04	-14.4	-668		0.0636717368234878		
210	-7.06	-14.2	-476		0.0636717368234878		
215	-6.66	-13.5	-155		0.0636717368234878		
220	-6.34	-13.5	-46.7		0.0672090555359038		
225	-6.29	-13.2	-35.5		0.0672090555359038		
230	-6.39	-13	-31.8		0.0672090555359038		
235	-6.59	-13	-29		0.0672090555359038		
240	-6.32	-12.4	-26.7		0.0672090555359038		
245	-5.79	-12.2	-24.7		0.0672090555359038		
250	-5.77	-11.8	-22.8		0.0672090555359038		
255	-5.42	-11.1	-20.4		0.0672090555359038		
260	-4.8	-10.3	-17.5		0.0672090555359038		
265	1.83	-3.24	0.798		0.0672090555359038		
270	-15.2	72.4	-6.11		0.0672090555359038		
275	-21.9	-21.7	-18.5		0.0707463742483198		
280	-24.3	-22.4	-19.1		0.0919702865228157		
285	-24.7	-22.3	-18.8		0.208701804032543		
290	1.78	0.863	-36.3		0.314821365405023		
295	0.9	0.266	-18.1		0.420940926777503		
300	-1.87	-3.66	-17.1		0.527060488149982		
305	-7.19	-8.26	-16.7		0.633180049522462		
310	-10.3	-11.6	-16.7		0.739299610894942		
315	-12.3	-14.1	-16.8		0.845419172267421		
320	-13.2	-15.2	-16.8		0.951538733639901		
325	-13.6	-15.8	-16.9		1.05765829501238		
330	-13	-15.3	-16.6		1.16377785638486		
335	-13.4	-16	-16.8		1.26989741775734		
340	-13.5	-16.1	-16.9		1.37601697912982		
345	-13.5	-16.2	-17.1		1.4821365405023		
350	-13.5	-16.4	-17.2		1.58825610187478		
355	-13.6	-16.1	-17.2		1.69437566324726		
360	-13.5	-16.1	-16.9		1.80049522461974		
365	-13.6	-16.1	-16.9		1.90661478599222		
370	-13.3	-16.1	-16.9		2.0127343473647		
375	-13.6	-16.2	-17		2.11885390873718		
380	-13.8	-16.2	-17		2.22497347010966		
385	-13.8	-16.3	-17.1		2.33109303148214		
390	-13.7	-16.4	-17.1		2.43721259285462		
395	-13.7	-16.6	-17.3		2.5433321542271		
400	-13.6	-16.7	-17.5		2.64945171559958		
405	-13.8	-16.4	-17.4		2.75557127697206		
410	-13.8	-16.2	-17.2		2.86169083834453		
415	-12.8	-16	-17.1		2.96781039971701		
420	-13.5	-16.3	-17.2		3.07392996108949		
425	-13.7	-16.3	-17.2		3.18004952246197		
430	-13.6	-16.3	-17.2		3.28616908383445		
435	-13.7	-16.4	-17.3		3.39228864520693		
440	-13.8	-16.7	-17.4		3.49840820657941		
445	-14.1	-17.2	-18.1		3.60452776795189		
450	-14.2	-17	-18.1		3.71064732932437		
455	-14.3	-17	-17.9		3.81676689069685		
460	-14.3	-17	-17.9		3.92288645206933		
465	-14.4	-17	-17.9		4.02900601344181		
470	-14.3	-17.1	-17.9		4.13512557481429		
475	-14.3	-17.1	-18		4.24124513618677		
480	-14.3	-17.2	-18.1		4.34736469755925		
485	-14.6	-17.5	-18.2		4.45348425893173		
490	-14.6	-17.4	-18.4		4.55960382030421		
495	-14.4	-17.1	-18.2		4.66572338167669		
500	-13.8	-17.3	-18.1		4.77184294304917		
505	-14.5	-17.3	-18		4.87796250442165		
510	-14.6	-17.2	-18.1		4.98408206579413		
515	-13.9	-17.1	-18.1		5.09020162716661		
520	-14.6	-17.3	-18.1		5.19632118853909		
525	-14.7	-17.6	-18.2		5.30244074991157		
530	-13.6	-17.1	-18.3		5.40856031128405		
535	-14.6	-17.4	-18.2		5.51467987265653		
540	-14.8	-17.2	-17.9		5.62079943402901		
545	-14.7	-17.4	-18.1		5.72691899540149		
550	-14.3	-17.3	-18.2		5.83303855677397		
555	-14.6	-17.3	-18.1		5.93915811814645		
560	-14.4	-17.3	-18.1		6.04527767951893		
565	-14.6	-17.5	-18.3		6.1513972408914		
570	-14.5	-17.6	-18.5		6.25751680226388		
575	-13.9	-17.3	-18.4		6.36363636363636		
580	-14.6	-17.3	-18.1		6.46975592500884		
585	-14.8	-17.4	-18.1		6.57587548638132		
590	-14.9	-17.4	-18.1		6.6819950477538		
595	-14.7	-17.3	-18		6.78811460912628		
600	-14.7	-17.3	-18.2		6.89423417049876		
605	-14.5	-17.5	-18.2		7.00035373187124		
610	-14.4	-17.5	-18.2		7.10647329324372		
615	-13.7	-17.1	-18.3		7.2125928546162		
620	-14.1	-17.2	-18.2		7.31871241598868		
625	-14.3	-17.2	-17.9		7.42483197736116		
630	-14.5	-17.3	-18		7.53095153873364		
635	-14.2	-17.4	-18		7.63707110010612		
640	-14.9	-17.4	-18.1		7.7431906614786		
645	-14.7	-17.3	-18		7.84931022285108		
650	-14.5	-17.4	-18.1		7.95542978422356		
655	-14.2	-17.3	-18.2		8.06154934559604		
660	-14.4	-17.1	-18		8.16766890696852		
665	-14.3	-16.3	-17.6		8.273788468341		
670	-14.3	-16.9	-17.7		8.37990802971348		
675	-14.3	-16.8	-17.7		8.48602759108596		
680	-14.2	-16.8	-17.6		8.59214715245844		
685	-14.1	-16.7	-17.6		8.69826671383092		
690	-13.8	-16.7	-17.6		8.8043862752034		
695	-14	-16.9	-17.8		8.91050583657588		
700	-14	-16.9	-17.8		9.01662539794835		
705	-13.9	-16.6	-17.6		9.12274495932083		
710	-13.2	-16.3	-17.4		9.22886452069331		
715	-13.9	-16.5	-17.4		9.33498408206579		
720	-13.9	-16.5	-17.5		9.44110364343827		
725	-14	-16.5	-17.5		9.54722320481075		
730	-14	-16.5	-17.5		9.65334276618323		
735	-13.8	-16.5	-17.5		9.75946232755571		
740	-13.7	-16.7	-17.6		9.86558188892819		
745	-13.6	-16.5	-17.7		9.97170145030067		
750	-13.5	-16.3	-17.5		10.0778210116732		
755	-13.3	-16.2	-17.3		10.1839405730456		
760	-13.6	-16.2	-17.2		10.2900601344181		
765	-13.5	-16.1	-17.3		10.3961796957906		
770	-13.4	-16.2	-17.2		10.5022992571631		
775	-13.5	-16.2	-17.3		10.6084188185355		
780	-13.1	-16.5	-17.4		10.714538379908		
785	-13.3	-16.5	-17.5		10.8206579412805		
790	-13.4	-16.3	-17.6		10.926777502653		
795	-13.3	-16.2	-17.4		11.0328970640255		
800	-13.3	-16.1	-17.2		11.1390166253979		
805	-13.3	-16	-17.2		11.2451361867704		
810	-13.2	-16.1	-17.1		11.3512557481429		
815	-13	-15.9	-17.1		11.4573753095154		
820	-12.8	-15.6	-17.1		11.5634948708879		
825	-13.1	-16.1	-17.2		11.6696144322603		
830	-13.1	-16.2	-17.4		11.7757339936328		
835	-13	-16	-17.5		11.8818535550053		
840	-13.1	-16	-17.3		11.9879731163778		
845	-13.1	-15.9	-17.1		12.0940926777503		
850	-12.3	-15.8	-17		12.2002122391227		
855	-12.9	-15.9	-17.1		12.3063318004952		
860	-12.9	-15.9	-17.1		12.4124513618677		
865	-12.9	-15.9	-17.1		12.5185709232402		
870	-12.9	-15.9	-17.1		12.6246904846127		
875	-12.9	-16	-17.2		12.7308100459851		
880	-12.9	-16.2	-17.4		12.8369296073576		
885	-13	-16	-17.4		12.9430491687301		
890	-13	-15.9	-17.1		13.0491687301026		
895	-13	-15.9	-17		13.1552882914751		
900	-12.9	-15.7	-17		13.2614078528475		
905	-12.9	-15.8	-17		13.36752741422		
910	-12.8	-15.6	-17		13.4736469755925		
915	-12.9	-15.8	-17		13.579766536965		
920	-12.9	-15.9	-17		13.6858860983375		
925	-12.7	-16.1	-17.2		13.7920056597099		
930	-12.9	-16	-17.3		13.8981252210824		
935	-12.4	-15.7	-17.1		14.0042447824549		
940	-12.8	-15.7	-16.9		14.1103643438274		
945	-12.7	-15.5	-16.9		14.2164839051999		
950	-11.1	-13.7	-16.4		14.3226034665723		
955	-12.5	-16.2	-17		14.4287230279448		
960	-13	-15.8	-17		14.5348425893173		
965	-12.9	-15.7	-17		14.6409621506898		
970	-12.3	-14.8	-16.8		14.7470817120623		
975	-12.3	-15.9	-17.3		14.8532012734347		
980	-12.6	-15.8	-17.3		14.9593208348072		
985	-12.9	-15.7	-16.8		15.0654403961797		
990	-12	-15.6	-16.8		15.1715599575522		
995	-12.7	-15.5	-16.9		15.2776795189247		
1000	-12.2	-15.7	-16.6		15.3837990802971		
1010	-12.7	-14.8	-16.9		15.4899186416696		
1010	-12.7	-15.7	-17		15.5960382030421		
1020	-12.5	-15.7	-17.2		15.7021577644146		
1020	-12.5	-15.8	-17		15.8082773257871		
1030	-12.4	-15.6	-16.9		15.9143968871595		
1030	-12.5	-15.5	-16.8		16.020516448532		
1040	-12.5	-15.5	-16.8		16.1266360099045		
1040	-12.4	-15.5	-16.8		16.232755571277		
1050	-12.4	-15.4	-16.8		16.3388751326495		
1050	-12.4	-15.4	-16.8		16.4449946940219		
1060	-12.4	-15.4	-16.8		16.5511142553944		
1060	-12.4	-15.5	-16.9		16.6572338167669		
1070	-11.6	-15.6	-17.1		16.7633533781394		
1070	-12.3	-15.5	-16.9		16.8694729395118		
1080	-12.4	-15.5	-16.7		16.9755925008843		
1080	-12.4	-15.4	-16.6		17.0817120622568		
1090	-12.2	-15.3	-16.7		17.1878316236293		
1090	-12.2	-15.3	-16.7		17.2939511850018		
1100	-12.4	-15.3	-17		17.4000707463742		
1100	-12.5	-15.6	-17		17.5061903077467		
1110	-12.5	-15.6	-17.1		17.6123098691192		
1110	-12.4	-15.7	-17.2		17.7184294304917		
1120	-12.4	-15.8	-17.3		17.8245489918642		
1120	-12.4	-16	-17		17.9306685532366		
1130	-12.4	-15.6	-16.8		18.0367881146091		
1130	-12.4	-15.5	-16.8		18.1429076759816		
1140	-12.5	-15.5	-16.8		18.2490272373541		
1140	-12.4	-15.5	-16.8		18.3551467987266		
1150	-12.4	-15.5	-16.8		18.461266360099		
1150	-12.4	-15.5	-16.9		18.5673859214715		
1160	-12.4	-15.5	-17		18.673505482844		
1160	-12.4	-15.7	-17.3		18.7796250442165		
1170	-12.4	-16	-17.2		18.885744605589		
1170	-11.9	-15.9	-17		18.9918641669614		
1180	-12.6	-15.9	-16.9		19.0979837283339		
1180	-12.5	-15.7	-16.8		19.2041032897064		
1190	-12.4	-15.5	-16.9		19.3102228510789		
1190	-12.3	-15.5	-16.7		19.4163424124514		
1200	-11.3	-15.4	-16.8		19.5224619738238		
1200	-12.3	-15.2	-16.8		19.6285815351963		
1210	-12.4	-15.5	-16.9		19.7347010965688		
1210	-12.6	-15.5	-17.2		19.8408206579413		
1220	-12.7	-15.9	-17.1		19.9469402193138		
1220	-12.6	-16	-16.9		20.0530597806862		
1230	-12.4	-15.7	-16.7		20.1591793420587		
1230	-12.2	-15.3	-16.6		20.2652989034312		
1240	-12.2	-15.2	-16.6		20.3714184648037		
1240	-12.2	-15.2	-16.6		20.4775380261762		
1250	-12.1	-15.2	-16.6		20.5836575875486		
1250	-12.1	-15.2	-16.6		20.6897771489211		
1260	-12	-15.2	-16.6		20.7958967102936		
1260	-11.9	-15.2	-16.8		20.9020162716661		
1270	-12	-15	-16.9		21.0081358330386		
1270	-12.3	-15.6	-16.6		21.114255394411		
1280	-12	-15.2	-16.4		21.2203749557835		
1280	-11.9	-15.1	-16.3		21.326494517156		
1290	-11.9	-15	-16.4		21.4326140785285		
1290	-11.1	-15	-16.4		21.538733639901		
1300	-11.8	-15	-16.4		21.6448532012734		
1300	-11.9	-15.3	-16.3		21.7509727626459		
1310	-11.9	-14.8	-16.5		21.8570923240184		
1310	-11.9	-14.8	-16.6		21.9632118853909		
1320	-11.9	-15	-16.6		22.0693314467634		
1320	-11.9	-15.2	-16.5		22.1754510081358		
1330	-11.9	-15	-16.3		22.2815705695083		
1330	-12	-15	-16.3		22.3876901308808		
1340	-12.4	-15	-16.8		22.4938096922533		
1340	-12.5	-15.5	-16.9		22.5999292536258		
1350	-12.5	-15.4	-16.9		22.7060488149982		
1350	-12.4	-15.5	-16.9		22.8121683763707		
1360	-12.3	-15.5	-16.8		22.9182879377432		
1360	-12.2	-15.4	-17		23.0244074991157		
1370	-12.1	-15.4	-17.2		23.1305270604881		
1370	-12.1	-15.7	-16.9		23.2366466218606		
1380	-12.1	-15.3	-16.7		23.3427661832331		
1380	-12.1	-15.2	-16.6		23.4488857446056		
1390	-12	-15	-16.7		23.5550053059781		
1390	-11.9	-15.2	-16.6		23.6611248673505		
1400	-11.9	-14.9	-16.7		23.767244428723		
1400	-11.9	-15.2	-16.7		23.8733639900955		
1410	-11.8	-15.2	-16.7		23.979483551468		
1410	-11.8	-15	-16.7		24.0856031128405		
1420	-11.8	-15.2	-17.1		24.1917226742129		
1420	-11.8	-15.6	-17		24.2978422355854		
1430	-11.8	-15.6	-16.7		24.4039617969579		
1430	-11.8	-15.4	-16.6		24.5100813583304		
1440	-11.7	-14.8	-16.5		24.6162009197029		
1440	-12.8	-16.2	-16		24.7223204810753		
1450	-12.7	-16.3	-16		24.8284400424478		
1450	-12.7	-16	-15.8		24.9345596038203		
1460	-12.6	-15.7	-16		25.0406791651928		
1460	-11.7	-16.1	-15.9		25.1467987265653		
1470	-12.7	-16	-16.1		25.2529182879377		
1470	-12.9	-16.3	-16.4		25.3590378493102		
1480	-12.7	-16.6	-16.1		25.4651574106827		
1480	-12.7	-16.2	-15.9		25.5712769720552		
1490	-12.2	-16.1	-15.7		25.6773965334277		
1490	-12.6	-15.4	-15.8		25.7835160948001		
1500	-12.6	-16.1	-15.8		25.8896356561726		
1500	-12.5	-16	-15.9		25.9957552175451		
1510	-12.4	-16.3	-15.7		26.1018747789176		
1510	-12.3	-15.7	-15.8		26.2079943402901		
1520	-12.4	-15.8	-15.9		26.3141139016625		
1520	-11.8	-16	-16.1		26.420233463035		
1530	-12.7	-16.3	-15.8		26.5263530244075		
1530	-12.6	-15.8	-15.6		26.63247258578		
1540	-12.6	-15.8	-15.6		26.7385921471525		
1540	-12.4	-15.5	-15.5		26.8447117085249		
1550	-12.3	-15.5	-15.5		26.9508312698974		
1550	-12.3	-15.6	-15.6		27.0569508312699		
1560	-12.3	-15.7	-15.6		27.1630703926424		
1560	-11.9	-15.8	-15.7		27.2691899540149		
1570	-12.2	-15.7	-15.9		27.3753095153873		
1570	-12.3	-16	-15.9		27.4814290767598		
1580	-12.2	-16.1	-15.5		27.5875486381323		
1580	-12	-15.7	-15.3		27.6936681995048		
1590	-12.1	-15.5	-15.4		27.7997877608773		
1590	-12.2	-15.6	-15.4		27.9059073222497		
1600	-12.2	-15.6	-15.4		28.0120268836222		
1600	-12.1	-15.6	-15.4		28.1181464449947		
1610	-12.2	-15.5	-15.5		28.2242660063672		
1610	-12	-15.7	-15.7		28.3303855677397		
1620	-12	-15.8	-15.7		28.4365051291121		
1620	-12	-15.9	-15.4		28.5426246904846		
1630	-12	-15.4	-15.3		28.6487442518571		
1630	-12	-15.4	-15.3		28.7548638132296		
1640	-10.7	-15.5	-15		28.860983374602		
1640	-11.7	-14.5	-15.2		28.9671029359745		
1650	-12.1	-15.2	-15.2		29.073222497347		
1650	-12.1	-15.5	-15.2		29.1793420587195		
1660	-12.1	-15.4	-15.3		29.285461620092		
1660	-12.1	-15.5	-15.4		29.3915811814644		
1670	-12.1	-15.6	-15.5		29.4977007428369		
1670	-12.1	-15.7	-15.2		29.6038203042094		
1680	-12.1	-15.4	-15.1		29.7099398655819		
1680	-12.1	-15.2	-15.1		29.8160594269544		
1690	-12	-15.3	-15		29.9221789883268		
1690	-12	-15	-15.1		30.0282985496993		
1700	-12	-15.4	-15.1		30.1344181110718		
1700	-11.8	-15.3	-15.1		30.2405376724443		
1710	-11.9	-15.4	-15.4		30.3466572338168		
1710	-11.8	-15.7	-15.5		30.4527767951892		
1720	-12.6	-15.6	-13.9		30.5588963565617		
1720	-12.5	-16	-16.2		30.6650159179342		
1730	-12.7	-16.3	-16.2		30.7711354793067		
1730	-12.3	-16.5	-15.8		30.8772550406792		
1740	-14	-15.7	-18.7		30.9833746020516		
1740	-14.8	-18.7	-18.7		31.0894941634241		
1750	-14.8	-18.7	-18.6		31.1956137247966		
1750	-14.8	-18.7	-18.7		31.3017332861691		
1760	-14.7	-18.7	-18.8		31.4078528475416		
1760	-14.6	-18.9	-18.6		31.513972408914		
1770	-14.6	-18.6	-18.4		31.6200919702865		
1770	-14.6	-18.4	-18.3		31.726211531659		
1780	-14.5	-18.4	-18.3		31.8323310930315		
1780	-14	-18.4	-18.4		31.938450654404		
1790	-14.5	-18.4	-18.4		32.0445702157764		
1790	-14.7	-18.2	-18.4		32.1506897771489		
1800	-14.7	-18.5	-18.6		32.2568093385214		
1800	-14.8	-18.7	-18.7		32.3629288998939		
1810	-14.7	-18.9	-18.6		32.4690484612664		
1810	-14.7	-18.6	-18.5		32.5751680226388		
1820	-14.6	-18.3	-18.5		32.6812875840113		
1820	-14.7	-18.4	-18.6		32.7874071453838		
1830	-14.7	-18.5	-18.6		32.8935267067563		
1830	-14.6	-18.6	-18.6		32.9996462681288		
1840	-14.6	-18.4	-18.6		33.1057658295012		
1840	-14.5	-18.5	-18.7		33.2118853908737		
1850	-14.5	-18.6	-18.9		33.3180049522462		
1850	-14.5	-19.1	-18.8		33.4241245136187		
1860	-14.5	-18.9	-18.6		33.5302440749912		
1860	-14.5	-18.7	-18.5		33.6363636363636		
1870	-14.6	-18.3	-18.7		33.7424831977361		
1870	-14.5	-18.8	-18.6		33.8486027591086		
1880	-14.5	-18.6	-18.6		33.9547223204811		
1880	-14.4	-18.4	-18.6		34.0608418818536		
1890	-14.4	-18.6	-18.7		34.166961443226		
1890	-14.3	-18.3	-18.9		34.2730810045985		
1900	-14.4	-18.9	-18.9		34.379200565971		
1900	-14.4	-18.9	-18.7		34.4853201273435		
1910	-14.5	-18.7	-18.6		34.591439688716		
1910	-14.3	-18.7	-18.6		34.6975592500884		
1920	-14.3	-18.3	-18.6		34.8036788114609		
1920	-14.3	-18.5	-18.6		34.9097983728334		
1930	-14.4	-18.6	-18.7		35.0159179342059		
1930	-14.4	-18.7	-18.8		35.1220374955784		
1940	-14.4	-18.7	-19		35.2281570569508		
1940	-14.4	-19.1	-18.9		35.3342766183233		
1950	-14.3	-18.5	-18.6		35.4403961796958		
1950	-14.2	-18.2	-18.6		35.5465157410683		
1960	-14.4	-18.6	-18.6		35.6526353024407		
1960	-14.5	-18.5	-18.7		35.7587548638132		
1970	-14.4	-18.8	-18.7		35.8648744251857		
1970	-14.4	-18.8	-18.7		35.9709939865582		
1980	-14.3	-18.8	-18.9		36.0771135479307		
1980	-14.3	-18.8	-19		36.1832331093031		
1990	-14.3	-19.2	-18.9		36.2893526706756		
1990	-14.3	-18.8	-18.8		36.3954722320481		
2000	-14.4	-18.8	-18.7		36.5015917934206		
2000	-14.4	-18.8	-18.8		36.6077113547931		
2010	-14.3	-18.9	-18.8		36.7138309161655		
2010	-14.4	-18.6	-18.8		36.819950477538		
2020	-14.4	-18.8	-18.8		36.9260700389105		
2020	-14.3	-18.8	-19		37.032189600283		
2030	-14.3	-18.9	-19.1		37.1383091616555		
2030	-14.2	-19.1	-19		37.244428723028		
2040	-14.3	-18.9	-18.8		37.3505482844004		
2040	-14.3	-18.7	-18.9		37.4566678457729		
2050	-14.3	-18.8	-18.8		37.5627874071454		
2050	-14.3	-18.6	-18.9		37.6689069685179		
2060	-14.3	-18.7	-18.9		37.7750265298903		
2060	-14.5	-18.7	-19		37.8811460912628		
2070	-14.6	-19.1	-19.2		37.9872656526353		
2070	-14.6	-19.2	-19.3		38.0933852140078		
2080	-14.6	-19.4	-19.1		38.1995047753803		
2080	-14.6	-19.2	-18.9		38.3056243367527		
2090	-14.6	-19	-18.8		38.4117438981252		
2090	-14.7	-18.8	-18.8		38.5178634594977		
2100	-14.6	-18.6	-18.8		38.6239830208702		
2100	-14.5	-18.8	-18.8		38.7301025822427		
2110	-14.5	-18.9	-18.9		38.8362221436151		
2110	-14.3	-18.9	-19		38.9423417049876		
2120	-14.1	-19	-19.2		39.0484612663601		
2120	-14.6	-19.3	-19		39.1545808277326		
2130	-14.5	-19	-18.8		39.2607003891051		
2130	-14.4	-18.6	-18.7		39.3668199504775		
2140	-14.3	-18.3	-18.8		39.47293951185		
2140	-14.1	-18.8	-18.7		39.5790590732225		
2150	-14.2	-18.4	-18.7		39.685178634595		
2150	-14.1	-18.3	-18.7		39.7912981959675		
2160	-14	-18.3	-18.9		39.8974177573399		
2160	-14.1	-18.3	-19		40.0035373187124		
2170	-14	-19	-18.8		40.1096568800849		
2170	-14	-18.7	-18.6		40.2157764414574		
2180	-14	-18.4	-18.6		40.3218960028299		
2180	-13.9	-18.5	-18.7		40.4280155642023		
2190	-13.6	-18.5	-18.6		40.5341351255748		
2190	-13.8	-18.2	-18.6		40.6402546869473		
2200	-13.9	-18	-18.7		40.7463742483198		
2200	-13.9	-18.5	-18.8		40.8524938096923		
2210	-13.8	-18.6	-18.9		40.9586133710647		
2210	-13.8	-18.7	-18.8		41.0647329324372		
2220	-13.7	-18.4	-18.6		41.1708524938097		
2220	-13.6	-18.4	-18.6		41.2769720551822		
2230	-13.6	-18.3	-18.5		41.3830916165547		
2230	-13.6	-18.1	-18.5		41.4892111779271		
2240	-13.6	-17.8	-18.6		41.5953307392996		
2240	-13.6	-18.4	-18.6		41.7014503006721		
2250	-13.5	-18.3	-18.7		41.8075698620446		
2250	-13.5	-18.2	-18.8		41.9136894234171		
2260	-13.6	-18.3	-18.8		42.0198089847895		
2260	-13.5	-18.4	-18.6		42.125928546162		
2270	-13.5	-18.2	-18.5		42.2320481075345		
2270	-13.4	-18.2	-18.5		42.338167668907		
2280	-11.6	-18.2	-18.4		42.4442872302794		
2280	-13.1	-17.6	-18.6		42.5504067916519		
2290	-13.4	-18.1	-18.6		42.6565263530244		
2290	-13.5	-18.2	-18.7		42.7626459143969		
2300	-13.5	-18.4	-18.9		42.8687654757694		
2300	-13.5	-18.6	-18.7		42.9748850371419		
2310	-13.4	-18.3	-18.6		43.0810045985143		
2310	-13.2	-18.2	-18.5		43.1871241598868		
2320	-13.1	-18.1	-18.5		43.2932437212593		
2320	-13.1	-18	-18.5		43.3993632826318		
2330	-13.1	-18	-18.6		43.5054828440042		
2330	-13.2	-18.1	-18.6		43.6116024053767		
2340	-13.2	-18.1	-18.7		43.7177219667492		
2340	-13	-18.2	-18.8		43.8238415281217		
2350	-13.1	-18.3	-18.7		43.9299610894942		
2350	-13.1	-18.2	-18.6		44.0360806508666		
2360	-13	-18.2	-18.4		44.1422002122391		
2360	-13	-17.6	-18.6		44.2483197736116		
2370	-13.1	-18	-18.6		44.3544393349841		
2370	-13	-18.1	-18.5		44.4605588963566		
2380	-13	-17.9	-18.6		44.566678457729		
2380	-13	-18	-18.6		44.6727980191015		
2390	-13	-18	-18.7		44.778917580474		
2390	-12.9	-17.9	-18.9		44.8850371418465		
2400	-12.9	-18.2	-18.6		44.991156703219		
2400	-12.7	-18.2	-18.5		45.0972762645914		
2410	-12.8	-17.8	-18.4		45.2033958259639		
2410	-13	-17.7	-18.5		45.3095153873364		
2420	-12.8	-18	-18.5		45.4156349487089		
2420	-12.8	-17.8	-18.5		45.5217545100814		
2430	-12.8	-17.9	-18.7		45.6278740714538		
2430	-12.7	-18	-18.7		45.7339936328263		
2440	-12.7	-18.1	-18.5		45.8401131941988		
2440	-12.6	-17.9	-18.4		45.9462327555713		
2450	-11.6	-17.5	-18.4		46.0523523169438		
2450	-12.4	-17.7	-18.4		46.1584718783162		
2460	-12.6	-17.8	-18.4		46.2645914396887		
2460	-12.6	-17.8	-18.4		46.3707110010612		
2470	-12.6	-17.7	-18.4		46.4768305624337		
2470	-12.7	-17.7	-18.6		46.5829501238062		
2480	-12.6	-17.9	-18.7		46.6890696851786		
2480	-12.5	-18.1	-18.5		46.7951892465511		
2490	-12.7	-17.9	-18.3		46.9013088079236		
2490	-12.5	-17.2	-18.3		47.0074283692961		
2500	-12.6	-17.7	-18.3		47.1135479306686		
2500	-12.3	-17.6	-18.3		47.219667492041		
2510	-12.6	-17.7	-18.3		47.3257870534135		
2510	-12.5	-17.7	-18.4		47.431906614786		
2520	-12.4	-17.6	-18.5		47.5380261761585		
2520	-12.3	-17.8	-18.7		47.644145737531		
2530	-12.3	-18	-18.6		47.7502652989034		
2530	-12.4	-18	-18.5		47.8563848602759		
2540	-12.4	-17.8	-18.8		47.9625044216484		
2540	-12.4	-17.7	-18.8		48.0686239830209		
2550	-12.7	-18.1	-18.9		48.1747435443934		
2550	-12.9	-18.3	-19		48.2808631057658		
2560	-12.7	-18.1	-19		48.3869826671383		
2560	-12.8	-18.2	-18.9		48.4931022285108		
2570	-12.7	-18.1	-18.9		48.5992217898833		
2570	-12.7	-18	-19.2		48.7053413512558		
2580	-12.8	-18.6	-19.3		48.8114609126282		
2580	-12.7	-18.5	-19		48.9175804740007		
2590	-12.6	-18.1	-18.8		49.0237000353732		
2590	-12.6	-18	-18.8		49.1298195967457		
2600	-12.5	-17.9	-18.8		49.2359391581181		
2600	-12.5	-17.9	-18.8		49.3420587194906		
2610	-12.4	-17.9	-18.8		49.4481782808631		
2610	-12.3	-17.8	-18.7		49.5542978422356		
2620	-12.4	-17.8	-18.8		49.6604174036081		
2620	-12.3	-17.9	-19		49.7665369649805		
2630	-12.3	-18.2	-19.1		49.872656526353		
2630	-12.3	-18.4	-18.8		49.9787760877255		
2640	-12.3	-17.6	-18.7		50.084895649098		
2640	-12.2	-17.7	-18.6		50.1910152104705		
2650	-12.2	-17.6	-18.6		50.2971347718429		
2650	-12.2	-17.6	-18.7		50.4032543332154		
2660	-12.1	-17.7	-18.7		50.5093738945879		
2660	-12.1	-17.8	-18.6		50.6154934559604		
2670	-12.1	-17.8	-18.7		50.7216130173329		
2670	-12	-17.8	-18.8		50.8277325787053		
2680	-12	-17.9	-18.9		50.9338521400778		
2680	-12	-18	-18.7		51.0399717014503		
2690	-11.9	-17.8	-18.6		51.1460912628228		
2690	-11.9	-17.7	-18.5		51.2522108241953		
2700	-11.8	-17.6	-18.5		51.3583303855677		
2700	-11.9	-17.5	-18.5		51.4644499469402		
2710	-11.9	-17.5	-18.6		51.5705695083127		
2710	-11.8	-17.6	-18.6		51.6766890696852		
2720	-11.8	-17.6	-18.5		51.7828086310577		
2720	-11.7	-17.3	-18.6		51.8889281924301		
2730	-11.6	-17.3	-18.7		51.9950477538026		
2730	-11.6	-17.5	-18.6		52.1011673151751		
2740	-11.5	-17.5	-18.5		52.2072868765476		
2740	-11.7	-17.4	-18.3		52.3134064379201		
2750	-11.4	-17.1	-18.3		52.4195259992925		
2750	-11.6	-17.3	-18.4		52.525645560665		
2760	-11.5	-17.3	-18.3		52.6317651220375		
2760	-11.4	-16.9	-18.4		52.73788468341		
2770	-11.5	-17.2	-18.4		52.8440042447825		
2770	-11.4	-17.2	-18.4		52.9501238061549		
2780	-11.3	-17.2	-18.5		53.0562433675274		
2780	-11.3	-17.1	-18.6		53.1623629288999		
2790	-11.4	-17.5	-18.3		53.2684824902724		
2790	-11.3	-17.2	-18.2		53.3746020516449		
2800	-11.2	-17	-18.2		53.4807216130173		
2800	-11.1	-16.8	-18.1		53.5868411743898		
2810	-11.1	-16.6	-18.1		53.6929607357623		
2810	-11	-16.5	-18.2		53.7990802971348		
2820	-11.1	-17.1	-18.1		53.9051998585073		
2820	-11.1	-17	-18.1		54.0113194198797		
2830	-9.95	-16.7	-18.4		54.1174389812522		
2830	-11	-17.1	-18.4		54.2235585426247		
2840	-11.2	-17.2	-18.2		54.3296781039972		
2840	-11.3	-17	-18.2		54.4357976653697		
2850	-11.2	-16.9	-18		54.5419172267421		
2850	-11	-16.7	-18		54.6480367881146		
2860	-11.1	-16.8	-18.1		54.7541563494871		
2860	-10.9	-16.8	-18		54.8602759108596		
2870	-10.9	-16.3	-18.1		54.9663954722321		
2870	-11	-16.8	-18.1		55.0725150336045		
2880	-10.9	-16.9	-18.3		55.178634594977		
2880	-10.9	-17	-18.4		55.2847541563495		
2890	-10.9	-17.2	-18.2		55.390873717722		
2890	-10.9	-16.9	-18		55.4969932790945		
2900	-10.7	-16.3	-17.9		55.6031128404669		
2900	-10.7	-16.4	-18		55.7092324018394		
2910	-10.7	-16.6	-18		55.8153519632119		
2910	-10.8	-16.7	-18		55.9214715245844		
2920	-10.6	-16.5	-18		56.0275910859568		
2920	-10.6	-16.6	-17.9		56.1337106473293		
2930	-10.5	-16.4	-18.1		56.2398302087018		
2930	-10.6	-16.8	-18.3		56.3459497700743		
2940	-10.4	-16.8	-18.3		56.4520693314468		
2940	-10.5	-16.8	-18		56.5581888928192		
2950	-10.4	-16.6	-17.9		56.6643084541917		
2950	-10.4	-16.4	-17.8		56.7704280155642		
2960	-10.4	-16.2	-17.9		56.8765475769367		
2960	-10.6	-16.4	-17.9		56.9826671383092		
2970	-10.5	-16.5	-17.9		57.0887866996816		
2970	-10.4	-16.5	-17.8		57.1949062610541		
2980	-10.3	-16.4	-17.9		57.3010258224266		
2980	-10.3	-16.4	-18		57.4071453837991		
2990	-10.3	-16.6	-18.1		57.5132649451716		
2990	-10.2	-16.6	-17.9		57.619384506544		
3000	-10.2	-16.4	-17.7		57.7255040679165		
3000	-10.2	-16.2	-17.7		57.831623629289		
3010	-10.1	-16.2	-17.7		57.9377431906615		
3010	-10.1	-16.2	-17.8		58.043862752034		
3020	-10.1	-16.3	-17.8		58.1499823134064		
3020	-10.1	-16.2	-17.8		58.2561018747789		
3030	-10.1	-16.3	-17.8		58.3622214361514		
3030	-10.1	-16.2	-17.9		58.4683409975239		
3040	-9.95	-16.1	-18		58.5744605588964		
3040	-9.88	-16.2	-17.7		58.6805801202688		
3050	-9.88	-15.9	-17.6		58.7866996816413		
3050	-9.88	-15.8	-17.6		58.8928192430138		
3060	-9.83	-15.7	-17.6		58.9989388043863		
3060	-9.8	-15.7	-17.6		59.1050583657588		
3070	-9.8	-15.7	-17.6		59.2111779271312		
3070	-9.78	-15.7	-17.7		59.3172974885037		
3080	-9.75	-15.9	-17.8		59.4234170498762		
3080	-9.7	-16.1	-18		59.5295366112487		
3090	-9.73	-16.2	-17.7		59.6356561726212		
3090	-9.7	-16	-17.6		59.7417757339936		
3100	-9.63	-15.8	-17.5		59.8478952953661		
3100	-9.65	-15.7	-17.5		59.9540148567386		
3110	-9.55	-15.7	-17.5		60.0601344181111		
3110	-9.5	-15.7	-17.5		60.1662539794836		
3120	-9.5	-15.7	-17.4		60.272373540856		
3120	-9.45	-15.6	-17.6		60.3784931022285		
3130	-9.45	-15.8	-17.8		60.484612663601		
3130	-9.43	-16	-17.6		60.5907322249735		
3140	-9.43	-16	-17.5		60.696851786346		
3140	-9.38	-15.7	-17.2		60.8029713477184		
3150	-8.88	-14	-17.3		60.9090909090909		
3150	-8.51	-15.1	-17.4		61.0152104704634		
3160	-9.43	-15.5	-17.4		61.1213300318359		
3160	-9.45	-15.7	-17.4		61.2274495932084		
3170	-9.55	-15.6	-17.5		61.3335691545808		
3170	-9.7	-15.8	-17.6		61.4396887159533		
3180	-9.7	-15.8	-17.7		61.5458082773258		
3180	-9.58	-16	-17.5		61.6519278386983		
3190	-9.58	-15.7	-17.3		61.7580474000708		
3190	-9.5	-15.5	-17.3		61.8641669614432		
3200	-9.38	-15.5	-17.3		61.9702865228157		
3200	-9.45	-15.5	-17.4		62.0764060841882		
3210	-9.45	-15.4	-17.4		62.1825256455607		
3210	-9.35	-15.5	-17.4		62.2886452069331		
3220	-9.3	-15.4	-17.5		62.3947647683056		
3220	-9.35	-15.6	-17.6		62.5008843296781		
3230	-9.28	-15.7	-17.6		62.6070038910506		
3230	-9.25	-15.7	-17.3		62.7131234524231		
3240	-9.18	-15.4	-17.2		62.8192430137955		
3240	-9.16	-15.2	-17.2		62.925362575168		
3250	-9.13	-15.2	-17.2		63.0314821365405		
3250	-9.03	-15.2	-17.2		63.137601697913		
3260	-9.06	-15.1	-17.2		63.2437212592855		
3260	-9.06	-15.3	-17.2		63.3498408206579		
3270	-9.06	-15.3	-17.4		63.4559603820304		
3270	-9.03	-15.4	-17.6		63.5620799434029		
3280	-8.98	-15.5	-17.4		63.6681995047754		
3280	-9.13	-15.4	-17.2		63.7743190661479		
3290	-8.88	-15.1	-17.2		63.8804386275203		
3290	-8.91	-15.1	-17.1		63.9865581888928		
3300	-8.93	-14.8	-17.1		64.0926777502653		
3300	-8.83	-15.1	-17.2		64.1987973116378		
3310	-8.96	-15.1	-17.2		64.3049168730103		
3310	-8.86	-15.1	-17.3		64.4110364343827		
3320	-8.91	-15.2	-17.4		64.5171559957552		
3320	-8.78	-15.3	-17.4		64.6232755571277		
3330	-8.78	-15.4	-17.2		64.7293951185002		
3330	-8.73	-15.1	-17.1		64.8355146798727		
3340	-8.81	-15	-17.1		64.9416342412451		
3340	-8.76	-14.9	-17.1		65.0477538026176		
3350	-8.78	-15	-17.1		65.1538733639901		
3350	-8.71	-14.9	-17.1		65.2599929253626		
3360	-8.71	-15	-17.1		65.3661124867351		
3360	-8.71	-15	-17.2		65.4722320481075		
3370	-8.51	-15	-17.4		65.57835160948		
3370	-8.58	-15.3	-17.2		65.6844711708525		
3380	-8.68	-15	-19.2		65.790590732225		
3380	-8.63	-16	-20.7		65.8967102935975		
3390	-10.8	-18.2	-14.1		66.0028298549699		
3390	-11.4	-14.8	-18.2		66.1089494163424		
3400	-9.83	-16.1	-18.4		66.2150689777149		
3400	-9.83	-16.2	-18.4		66.3211885390874		
3410	-9.68	-16	-18.4		66.4273081004599		
3410	-9.75	-16.2	-18.6		66.5334276618323		
3420	-9.6	-16.4	-18.6		66.6395472232048		
3420	-9.6	-16.4	-18.3		66.7456667845773		
3430	-9.55	-15.9	-18.2		66.8517863459498		
3430	-9.6	-16	-18.2		66.9579059073223		
3440	-9.53	-15.8	-18.2		67.0640254686947		
3440	-9.5	-15.9	-18.2		67.1701450300672		
3450	-9.45	-15.9	-18.2		67.2762645914397		
3450	-9.45	-15.9	-18.3		67.3823841528122		
3460	-9.35	-16	-18.6		67.4885037141846		
3460	-9.4	-16.3	-18.8		67.5946232755571		
3470	-9.48	-16.4	-18.5		67.7007428369296		
3470	-9.45	-16.1	-18.3		67.8068623983021		
3480	-9.53	-16	-18.4		67.9129819596746		
3480	-9.48	-16.1	-18.3		68.019101521047		
3490	-9.53	-16.1	-18.3		68.1252210824195		
3490	-9.4	-16.2	-18.4		68.231340643792		
3500	-9.23	-16.2	-18.5		68.3374602051645		
3500	-9.75	-16.6	-18.8		68.443579766537		
