p    0.0021994   0.252732   0.054014
p   0.00105514   0.329814   0.646596
p   0.00560185   0.342627   0.223985
p   0.00948443   0.560616 0.000191486
p   0.00478576   0.165415   0.582094
p   0.00471508   0.464163   0.247539
p   0.00155551   0.162746  0.0685188
p   0.00464809   0.203605   0.517253
p   0.00958501    0.26111   0.187059
p    0.0084158   0.416634     0.0001
p    0.0099309   0.363852   0.149176
p    0.0075384  0.0880408   0.316065
p    0.0053739   0.382958   0.282749
p   0.000634103   0.680516   0.235402
p         0.01      0.001   0.247331
p   0.000339419  0.0601527   0.672442
p         0.01   0.767493     0.0001
p   0.00437308    0.70268   0.596986
end
