0.00242698 0.668297 0.140882 .42186568187505200000
0.0027898 0.440817 0.0874872 .39707939807334300000
0.00516985 0.630808 0.363927 .40999438683975100000
0.00426169 0.508926 0.521641 .39920954426729100000
0.00112798 0.436953 0.495778 .41321837892325100000
0.00692967 0.686352 0.0665199 .41177800332582600000
0.0014749 0.162051 0.282665 .31407454316370100000
0.00581394 0.227815 0.575018 .31732891442278700000
0.00521396 0.0302355 0.206714 .87622303941559700000
0.0046275 0.199255 0.16833 .29134411736934500000
0.0016506 0.0768655 0.164915 .22713315801633800000
0.00767678 0.245977 0.520046 .31716307795535600000
0.00210989 0.663992 0.609577 .42235028712143800000
0.00297564 0.32808 0.323441 .36884560977339400000
0.00939705 0.168546 0.240249 .27952604913544300000
0.00353513 0.384899 0.722977 .38209925248205200000
0.00233437 0.179635 0.742753 .32186175578791800000
0.0006961 0.502928 0.710744 .42492747902602600000
0.00907084 0.36589 0.381525 .34836160455694800000
0.0064081 0.439672 0.0471642 .37734221581001400000
0.00810803 0.735585 0.580003 .41265302673879600000
0.00906446 0.732048 0.0934793 .41221724104899000000
0.0037526 0.278 0.299486 .34148761641733000000
0.000957047 0.194328 0.733288 .36234534193528800000
0.00178732 0.658829 0.160459 .42424444888953900000
0.00553869 0.0834848 0.797094 .34673369437621300000
0.00825837 0.472617 0.686838 .38087289791874000000
0.00897398 0.0462837 0.339295 .80176109260604400000
0.00584072 0.708742 0.651507 .41444021417216600000
0.00295596 0.764709 0.635861 .42407551559983400000
0.00852053 0.126816 0.234998 .29079248176214200000
0.00378893 0.352248 0.734085 .37274575284062800000
0.00577049 0.143674 0.260667 .27134415494978000000
0.000211961 0.0266397 0.216547 .30280325764378200000
0.00847614 0.655652 0.699833 .40558548219247800000
0.0053363 0.348152 0.606592 .36094425629662000000
0.00462415 0.199093 0.168695 .29129554541765100000
0.00581891 0.227914 0.57525 .31736087400268700000
0.00712082 0.153134 0.172351 .27034949988565600000
0.00298895 0.47772 0.8 .40210322216929800000
0.00228157 0.715305 0.0235395 .42500559232075000000
0.00164743 0.0772444 0.165297 .22728478429258100000
0.00353735 0.384782 0.723058 .38205978425219000000
0.0052791 0.001 0.8 1.32695545464558900000
1e-06 0.169353 0.698247 .44408703810794600000
0.00191771 0.0777141 0.289021 .23772024084631900000
1e-06 0.67172 0.406979 .44431651176013000000
0.000960769 0.194456 0.73308 .36224417630687200000
0.00096332 0.654182 0.8 .42885882703780000000
0.00791357 0.43622 0.225475 .37118454207241200000
0.00695428 0.346851 0.0001 .35943990086969200000
1e-06 0.0210691 0.303053 .44362942311906300000
0.00214972 0.392492 0.400997 .39412119411839000000
0.00684636 0.460537 0.0497894 .38058358029739400000
0.0031175 0.0696179 0.8 .30615867449516700000
0.00568723 0.240532 0.174541 .30687365474732100000
0.00583177 0.0578494 0.177507 .50211703566244600000
0.00712251 0.152908 0.172717 .27035467699101600000
0.00187677 0.522498 0.507178 .41396567925052500000
0.00208348 0.001 0.0218469 1.15971130809828500000
0.00824129 0.21215 0.0001 .27218243148615000000
0.00546834 0.199039 0.0794517 .28189063280863900000
0.00293466 0.232447 0.518161 .33452799964816100000
0.00170566 0.382463 0.8 .39876586944689900000
0.00695712 0.347139 0.000326846 .34927240996173900000
0.00203089 0.334337 0.737992 .38447196632388200000
0.0041529 0.001 0.0001 1.32695545464558900000
0.00462752 0.198883 0.168928 .29117987679738100000
0.00589547 0.316845 0.366906 .34358773600078900000
0.00852465 0.126784 0.235255 .29087404488562900000
0.00263033 0.001 0.345722 1.29471766626191900000
0.00353261 0.384484 0.722787 .38202369838160400000
0.00311838 0.0692471 0.8 .30717754834523800000
0.00237121 0.269605 0.47769 .35693049850966100000
0.00169384 0.313445 0.603648 .38320216003798000000
0.01 0.132474 0.0001 .27587056682226600000
0.00413999 0.320706 0.454145 .35708433159577700000
0.00632164 0.0199166 0.26791 1.22694406762393000000
0.01 0.210424 0.0001 .26730900782694800000
0.00589073 0.317063 0.366947 .34369254307106600000
0.00852249 0.126678 0.234654 .29093943976215800000
0.00677673 0.211618 0.456387 .30373178451562500000
0.0076819 0.182529 0.0864087 .27110059160783800000
0.00397765 0.111118 0.336897 .26481946451832900000
0.0003154 0.146927 0.735474 .38738251650487700000
0.00568714 0.265885 0.14004 .31739912859129200000
0.00589997 0.317212 0.366957 .34370043770537900000
0.00591968 0.358965 0.524198 .35997756314037000000
1e-06 0.0156707 0.348001 .44349359663450000000
0.0062214 0.318791 0.213832 .33977815132819700000
