   0.0000000000000000                         1
  0.10000000000000001                         1
  0.20600000000000002                         1
  0.31836000000000003                         1
  0.43746160000000006                         1
  0.56370929600000008                         1
  0.69753185376000015                         1
  0.83938376498560019                         1
  0.98974679088473627                         1
   1.1491315983378205                         1
   1.3180794942380898                         1
   1.4971642638923752                         1
   1.6869941197259177                         1
   1.8882137669094730                         1
   2.1015065929240415                         1
   2.3275969884994843                         1
   2.5672528078094534                         1
   2.8212879762780210                         1
   3.0905652548547025                         1
   3.3759991701459846                         1
   3.6785591203547439                         1
   3.9992726675760286                         1
   4.3392290276305907                         1
   4.6995827692884262                         1
   5.0815577354457320                         1
   5.4864511995724765                         1
   5.9156382715468254                         1
   6.3705765678396356                         1
   6.8528111619100143                         1
   7.3639798316246150                         1
   7.9058186215220925                         1
   8.4801677388134173                         1
   9.0889778031422228                         1
   9.7343164713307573                         1
   10.418375459610603                         1
   11.143477987187239                         1
   11.912086666418475                         1
   12.726811866403583                         1
   13.590420578387798                         1
   14.505845813091067                         1
   15.476196561876533                         1
   16.476196561876534                         1
   17.476196561876534                         1
   18.476196561876534                         1
   19.476196561876534                         1
   20.476196561876534                         1
   21.476196561876534                         1
   22.476196561876534                         1
   23.476196561876534                         1
   24.476196561876534                         1
   25.476196561876534                         1
   26.476196561876534                         1
   27.476196561876534                         1
   28.476196561876534                         1
   29.476196561876534                         1
   30.476196561876534                         1
   31.476196561876534                         1
   32.476196561876534                         1
   33.476196561876534                         1
   34.476196561876534                         1
   35.476196561876534                         1
   36.476196561876534                         1
   37.476196561876534                         1
   38.476196561876534                         1
   39.476196561876534                         1
   40.476196561876534                         1
   41.476196561876534                         1
   42.476196561876534                         1
   43.476196561876534                         1
   44.476196561876534                         1
   45.476196561876534                         1
   46.476196561876534                         1
   47.476196561876534                         1
   48.476196561876534                         1
   49.476196561876534                         1
   50.476196561876534                         1
   51.476196561876534                         1
   52.476196561876534                         1
   53.476196561876534                         1
   54.476196561876534                         1
   55.476196561876534                         1
   56.476196561876534                         1
   57.476196561876534                         1
   58.476196561876534                         1
   59.476196561876534                         1
   60.476196561876534                         1
   61.476196561876534                         1
   62.476196561876534                         1
   63.476196561876534                         1
   64.476196561876534                         1
   65.476196561876534                         1
   66.476196561876534                         1
   67.476196561876534                         1
   68.476196561876534                         1
   69.476196561876534                         1
   70.476196561876534                         1
   71.476196561876534                         1
   72.476196561876534                         1
   73.476196561876534                         1
   74.476196561876534                         1
   75.476196561876534                         1
   76.476196561876534                         1
   77.476196561876534                         1
   78.476196561876534                         1
   79.476196561876534                         1
   80.476196561876534                         1
   81.476196561876534                         1
   82.476196561876534                         1
   83.476196561876534                         1
   84.476196561876534                         1
   85.476196561876534                         1
   86.476196561876534                         1
   87.476196561876534                         1
   88.476196561876534                         1
   89.476196561876534                         1
   90.476196561876534                         1
   91.476196561876534                         1
   92.476196561876534                         1
   93.476196561876534                         1
   94.476196561876534                         1
   95.476196561876534                         1
   96.476196561876534                         1
   97.476196561876534                         1
   98.476196561876534                         1
   99.476196561876534                         1
   100.47619656187653                         1
   101.47619656187653                         1
   102.47619656187653                         1
   103.47619656187653                         1
   104.47619656187653                         1
   105.47619656187653                         1
   106.47619656187653                         1
   107.47619656187653                         1
   108.47619656187653                         1
   109.47619656187653                         1
   110.47619656187653                         1
   111.47619656187653                         1
   112.47619656187653                         1
   113.47619656187653                         1
   114.47619656187653                         1
   115.47619656187653                         1
   116.47619656187653                         1
   117.47619656187653                         1
   118.47619656187653                         1
   119.47619656187653                         1
   120.47619656187653                         1
   121.47619656187653                         1
   122.47619656187653                         1
   123.47619656187653                         1
   124.47619656187653                         1
   125.47619656187653                         1
   126.47619656187653                         1
   127.47619656187653                         1
   128.47619656187652                         1
   129.47619656187652                         1
   130.47619656187652                         1
   131.47619656187652                         1
   132.47619656187652                         1
   133.47619656187652                         1
   134.47619656187652                         1
   135.47619656187652                         1
   136.47619656187652                         1
   137.47619656187652                         1
   138.47619656187652                         1
   139.47619656187652                         1
   140.47619656187652                         1
   141.47619656187652                         1
   142.47619656187652                         1
   143.47619656187652                         1
   144.47619656187652                         1
   145.47619656187652                         1
   146.47619656187652                         1
   147.47619656187652                         1
   148.47619656187652                         1
   149.47619656187652                         1
   150.47619656187652                         1
   151.47619656187652                         1
   152.47619656187652                         1
   153.47619656187652                         1
   154.47619656187652                         1
   155.47619656187652                         1
   156.47619656187652                         1
   157.47619656187652                         1
   158.47619656187652                         1
   159.47619656187652                         1
   160.47619656187652                         1
   161.47619656187652                         1
   162.47619656187652                         1
   163.47619656187652                         1
   164.47619656187652                         1
   165.47619656187652                         1
   166.47619656187652                         1
   167.47619656187652                         1
   168.47619656187652                         1
   169.47619656187652                         1
   170.47619656187652                         1
   171.47619656187652                         1
   172.47619656187652                         1
   173.47619656187652                         1
   174.47619656187652                         1
   175.47619656187652                         1
   176.47619656187652                         1
   177.47619656187652                         1
   178.47619656187652                         1
   179.47619656187652                         1
   180.47619656187652                         1
   181.47619656187652                         1
   182.47619656187652                         1
   183.47619656187652                         1
   184.47619656187652                         1
   185.47619656187652                         1
   186.47619656187652                         1
   187.47619656187652                         1
   188.47619656187652                         1
   189.47619656187652                         1
   190.47619656187652                         1
   191.47619656187652                         1
   192.47619656187652                         1
   193.47619656187652                         1
   194.47619656187652                         1
   195.47619656187652                         1
   196.47619656187652                         1
   197.47619656187652                         1
   198.47619656187652                         1
   199.47619656187652                         1
   200.47619656187652                         1
   201.47619656187652                         1
   202.47619656187652                         1
   203.47619656187652                         1
   204.47619656187652                         1
   205.47619656187652                         1
   206.47619656187652                         1
   207.47619656187652                         1
   208.47619656187652                         1
   209.47619656187652                         1
   210.47619656187652                         1
   211.47619656187652                         1
   212.47619656187652                         1
   213.47619656187652                         1
   214.47619656187652                         1
   215.47619656187652                         1
   216.47619656187652                         1
   217.47619656187652                         1
   218.47619656187652                         1
   219.47619656187652                         1
   220.47619656187652                         1
   221.47619656187652                         1
   222.47619656187652                         1
   223.47619656187652                         1
   224.47619656187652                         1
   225.47619656187652                         1
   226.47619656187652                         1
   227.47619656187652                         1
   228.47619656187652                         1
   229.47619656187652                         1
   230.47619656187652                         1
   231.47619656187652                         1
   232.47619656187652                         1
   233.47619656187652                         1
   234.47619656187652                         1
   235.47619656187652                         1
   236.47619656187652                         1
   237.47619656187652                         1
   238.47619656187652                         1
   239.47619656187652                         1
   240.47619656187652                         1
   241.47619656187652                         1
   242.47619656187652                         1
   243.47619656187652                         1
   244.47619656187652                         1
   245.47619656187652                         1
   246.47619656187652                         1
   247.47619656187652                         1
   248.47619656187652                         1
   249.47619656187652                         1
   250.47619656187652                         1
   251.47619656187652                         1
   252.47619656187652                         1
   253.47619656187652                         1
   254.47619656187652                         1
   255.47619656187652                         1
   256.47619656187652                         1
   257.47619656187652                         1
   258.47619656187652                         1
   259.47619656187652                         1
   260.47619656187652                         1
   261.47619656187652                         1
   262.47619656187652                         1
   263.47619656187652                         1
   264.47619656187652                         1
   265.47619656187652                         1
   266.47619656187652                         1
   267.47619656187652                         1
   268.47619656187652                         1
   269.47619656187652                         1
   270.47619656187652                         1
   271.47619656187652                         1
   272.47619656187652                         1
   273.47619656187652                         1
   274.47619656187652                         1
   275.47619656187652                         1
   276.47619656187652                         1
   277.47619656187652                         1
   278.47619656187652                         1
   279.47619656187652                         1
   280.47619656187652                         1
   281.47619656187652                         1
   282.47619656187652                         1
   283.47619656187652                         1
   284.47619656187652                         1
   285.47619656187652                         1
   286.47619656187652                         1
   287.47619656187652                         1
   288.47619656187652                         1
   289.47619656187652                         1
   290.47619656187652                         1
   291.47619656187652                         1
   292.47619656187652                         1
   293.47619656187652                         1
   294.47619656187652                         1
   295.47619656187652                         1
   296.47619656187652                         1
   297.47619656187652                         1
   298.47619656187652                         1
   299.47619656187652                         1
   300.47619656187652                         1
   301.47619656187652                         1
   302.47619656187652                         1
   303.47619656187652                         1
   304.47619656187652                         1
   305.47619656187652                         1
   306.47619656187652                         1
   307.47619656187652                         1
   308.47619656187652                         1
   309.47619656187652                         1
   310.47619656187652                         1
   311.47619656187652                         1
   312.47619656187652                         1
   313.47619656187652                         1
   314.47619656187652                         1
   315.47619656187652                         1
   316.47619656187652                         1
   317.47619656187652                         1
   318.47619656187652                         1
   319.47619656187652                         1
   320.47619656187652                         1
   321.47619656187652                         1
   322.47619656187652                         1
   323.47619656187652                         1
   324.47619656187652                         1
   325.47619656187652                         1
   326.47619656187652                         1
   327.47619656187652                         1
   328.47619656187652                         1
   329.47619656187652                         1
   330.47619656187652                         1
   331.47619656187652                         1
   332.47619656187652                         1
   333.47619656187652                         1
   334.47619656187652                         1
   335.47619656187652                         1
   336.47619656187652                         1
   337.47619656187652                         1
   338.47619656187652                         1
   339.47619656187652                         1
   340.47619656187652                         1
   341.47619656187652                         1
   342.47619656187652                         1
   343.47619656187652                         1
   344.47619656187652                         1
   345.47619656187652                         1
   346.47619656187652                         1
   347.47619656187652                         1
   348.47619656187652                         1
   349.47619656187652                         1
   350.47619656187652                         1
   351.47619656187652                         1
   352.47619656187652                         1
   353.47619656187652                         1
   354.47619656187652                         1
   355.47619656187652                         1
   356.47619656187652                         1
   357.47619656187652                         1
   358.47619656187652                         1
   359.47619656187652                         1
   360.47619656187652                         1
   361.47619656187652                         1
   362.47619656187652                         1
   363.47619656187652                         1
   364.47619656187652                         1
   365.47619656187652                         1
   366.47619656187652                         1
   367.47619656187652                         1
   368.47619656187652                         1
   369.47619656187652                         1
   370.47619656187652                         1
   371.47619656187652                         1
   372.47619656187652                         1
   373.47619656187652                         1
   374.47619656187652                         1
   375.47619656187652                         1
   376.47619656187652                         1
   377.47619656187652                         1
   378.47619656187652                         1
   379.47619656187652                         1
   380.47619656187652                         1
   381.47619656187652                         1
   382.47619656187652                         1
   383.47619656187652                         1
   384.47619656187652                         1
   385.47619656187652                         1
   386.47619656187652                         1
   387.47619656187652                         1
   388.47619656187652                         1
   389.47619656187652                         1
   390.47619656187652                         1
   391.47619656187652                         1
   392.47619656187652                         1
   393.47619656187652                         1
   394.47619656187652                         1
   395.47619656187652                         1
   396.47619656187652                         1
   397.47619656187652                         1
   398.47619656187652                         1
   399.47619656187652                         1
   400.47619656187652                         1
   401.47619656187652                         1
   402.47619656187652                         1
   403.47619656187652                         1
   404.47619656187652                         1
   405.47619656187652                         1
   406.47619656187652                         1
   407.47619656187652                         1
   408.47619656187652                         1
   409.47619656187652                         1
   410.47619656187652                         1
   411.47619656187652                         1
   412.47619656187652                         1
   413.47619656187652                         1
   414.47619656187652                         1
   415.47619656187652                         1
   416.47619656187652                         1
   417.47619656187652                         1
   418.47619656187652                         1
   419.47619656187652                         1
   420.47619656187652                         1
   421.47619656187652                         1
   422.47619656187652                         1
   423.47619656187652                         1
   424.47619656187652                         1
   425.47619656187652                         1
   426.47619656187652                         1
   427.47619656187652                         1
   428.47619656187652                         1
   429.47619656187652                         1
   430.47619656187652                         1
   431.47619656187652                         1
   432.47619656187652                         1
   433.47619656187652                         1
   434.47619656187652                         1
   435.47619656187652                         1
   436.47619656187652                         1
   437.47619656187652                         1
   438.47619656187652                         1
   439.47619656187652                         1
   440.47619656187652                         1
   441.47619656187652                         1
   442.47619656187652                         1
   443.47619656187652                         1
   444.47619656187652                         1
   445.47619656187652                         1
   446.47619656187652                         1
   447.47619656187652                         1
   448.47619656187652                         1
   449.47619656187652                         1
   450.47619656187652                         1
   451.47619656187652                         1
   452.47619656187652                         1
   453.47619656187652                         1
   454.47619656187652                         1
   455.47619656187652                         1
   456.47619656187652                         1
   457.47619656187652                         1
   458.47619656187652                         1
   459.47619656187652                         1
   460.47619656187652                         1
   461.47619656187652                         1
   462.47619656187652                         1
   463.47619656187652                         1
   464.47619656187652                         1
   465.47619656187652                         1
   466.47619656187652                         1
   467.47619656187652                         1
   468.47619656187652                         1
   469.47619656187652                         1
   470.47619656187652                         1
   471.47619656187652                         1
   472.47619656187652                         1
   473.47619656187652                         1
   474.47619656187652                         1
   475.47619656187652                         1
   476.47619656187652                         1
   477.47619656187652                         1
   478.47619656187652                         1
   479.47619656187652                         1
   480.47619656187652                         1
   481.47619656187652                         1
   482.47619656187652                         1
   483.47619656187652                         1
   484.47619656187652                         1
   485.47619656187652                         1
   486.47619656187652                         1
   487.47619656187652                         1
   488.47619656187652                         1
   489.47619656187652                         1
   490.47619656187652                         1
   491.47619656187652                         1
   492.47619656187652                         1
   493.47619656187652                         1
   494.47619656187652                         1
   495.47619656187652                         1
   496.47619656187652                         1
   497.47619656187652                         1
   498.47619656187652                         1
   499.47619656187652                         1
   500.47619656187652                         1
   501.47619656187652                         1
   502.47619656187652                         1
   503.47619656187652                         1
   504.47619656187652                         1
   505.47619656187652                         1
   506.47619656187652                         1
   507.47619656187652                         1
   508.47619656187652                         1
   509.47619656187652                         1
   510.47619656187652                         1
   511.47619656187652                         1
   512.47619656187658                         1
   513.47619656187658                         1
   514.47619656187658                         1
   515.47619656187658                         1
   516.47619656187658                         1
   517.47619656187658                         1
   518.47619656187658                         1
   519.47619656187658                         1
   520.47619656187658                         1
   521.47619656187658                         1
   522.47619656187658                         1
   523.47619656187658                         1
   524.47619656187658                         1
   525.47619656187658                         1
   526.47619656187658                         1
   527.47619656187658                         1
   528.47619656187658                         1
   529.47619656187658                         1
   530.47619656187658                         1
   531.47619656187658                         1
   532.47619656187658                         1
   533.47619656187658                         1
   534.47619656187658                         1
   535.47619656187658                         1
   536.47619656187658                         1
   537.47619656187658                         1
   538.47619656187658                         1
   539.47619656187658                         1
   540.47619656187658                         1
   541.47619656187658                         1
   542.47619656187658                         1
   543.47619656187658                         1
   544.47619656187658                         1
   545.47619656187658                         1
   546.47619656187658                         1
   547.47619656187658                         1
   548.47619656187658                         1
   549.47619656187658                         1
   550.47619656187658                         1
   551.47619656187658                         1
   552.47619656187658                         1
   553.47619656187658                         1
   554.47619656187658                         1
   555.47619656187658                         1
   556.47619656187658                         1
   557.47619656187658                         1
   558.47619656187658                         1
   559.47619656187658                         1
   560.47619656187658                         1
   561.47619656187658                         1
   562.47619656187658                         1
   563.47619656187658                         1
   564.47619656187658                         1
   565.47619656187658                         1
   566.47619656187658                         1
   567.47619656187658                         1
   568.47619656187658                         1
   569.47619656187658                         1
   570.47619656187658                         1
   571.47619656187658                         1
   572.47619656187658                         1
   573.47619656187658                         1
   574.47619656187658                         1
   575.47619656187658                         1
   576.47619656187658                         1
   577.47619656187658                         1
   578.47619656187658                         1
   579.47619656187658                         1
   580.47619656187658                         1
   581.47619656187658                         1
   582.47619656187658                         1
   583.47619656187658                         1
   584.47619656187658                         1
   585.47619656187658                         1
   586.47619656187658                         1
   587.47619656187658                         1
   588.47619656187658                         1
   589.47619656187658                         1
   590.47619656187658                         1
   591.47619656187658                         1
   592.47619656187658                         1
   593.47619656187658                         1
   594.47619656187658                         1
   595.47619656187658                         1
   596.47619656187658                         1
   597.47619656187658                         1
   598.47619656187658                         1
   599.47619656187658                         1
   600.47619656187658                         1
   601.47619656187658                         1
   602.47619656187658                         1
   603.47619656187658                         1
   604.47619656187658                         1
   605.47619656187658                         1
   606.47619656187658                         1
   607.47619656187658                         1
   608.47619656187658                         1
   609.47619656187658                         1
   610.47619656187658                         1
   611.47619656187658                         1
   612.47619656187658                         1
   613.47619656187658                         1
   614.47619656187658                         1
   615.47619656187658                         1
   616.47619656187658                         1
   617.47619656187658                         1
   618.47619656187658                         1
   619.47619656187658                         1
   620.47619656187658                         1
   621.47619656187658                         1
   622.47619656187658                         1
   623.47619656187658                         1
   624.47619656187658                         1
   625.47619656187658                         1
   626.47619656187658                         1
   627.47619656187658                         1
   628.47619656187658                         1
   629.47619656187658                         1
   630.47619656187658                         1
   631.47619656187658                         1
   632.47619656187658                         1
   633.47619656187658                         1
   634.47619656187658                         1
   635.47619656187658                         1
   636.47619656187658                         1
   637.47619656187658                         1
   638.47619656187658                         1
   639.47619656187658                         1
   640.47619656187658                         1
   641.47619656187658                         1
   642.47619656187658                         1
   643.47619656187658                         1
   644.47619656187658                         1
   645.47619656187658                         1
   646.47619656187658                         1
   647.47619656187658                         1
   648.47619656187658                         1
   649.47619656187658                         1
   650.47619656187658                         1
   651.47619656187658                         1
   652.47619656187658                         1
   653.47619656187658                         1
   654.47619656187658                         1
   655.47619656187658                         1
   656.47619656187658                         1
   657.47619656187658                         1
   658.47619656187658                         1
   659.47619656187658                         1
   660.47619656187658                         1
   661.47619656187658                         1
   662.47619656187658                         1
   663.47619656187658                         1
   664.47619656187658                         1
   665.47619656187658                         1
   666.47619656187658                         1
   667.47619656187658                         1
   668.47619656187658                         1
   669.47619656187658                         1
   670.47619656187658                         1
   671.47619656187658                         1
   672.47619656187658                         1
   673.47619656187658                         1
   674.47619656187658                         1
   675.47619656187658                         1
   676.47619656187658                         1
   677.47619656187658                         1
   678.47619656187658                         1
   679.47619656187658                         1
   680.47619656187658                         1
   681.47619656187658                         1
   682.47619656187658                         1
   683.47619656187658                         1
   684.47619656187658                         1
   685.47619656187658                         1
   686.47619656187658                         1
   687.47619656187658                         1
   688.47619656187658                         1
   689.47619656187658                         1
   690.47619656187658                         1
   691.47619656187658                         1
   692.47619656187658                         1
   693.47619656187658                         1
   694.47619656187658                         1
   695.47619656187658                         1
   696.47619656187658                         1
   697.47619656187658                         1
   698.47619656187658                         1
   699.47619656187658                         1
   700.47619656187658                         1
   701.47619656187658                         1
   702.47619656187658                         1
   703.47619656187658                         1
   704.47619656187658                         1
   705.47619656187658                         1
   706.47619656187658                         1
   707.47619656187658                         1
   708.47619656187658                         1
   709.47619656187658                         1
   710.47619656187658                         1
   711.47619656187658                         1
   712.47619656187658                         1
   713.47619656187658                         1
   714.47619656187658                         1
   715.47619656187658                         1
   716.47619656187658                         1
   717.47619656187658                         1
   718.47619656187658                         1
   719.47619656187658                         1
   720.47619656187658                         1
   721.47619656187658                         1
   722.47619656187658                         1
   723.47619656187658                         1
   724.47619656187658                         1
   725.47619656187658                         1
   726.47619656187658                         1
   727.47619656187658                         1
   728.47619656187658                         1
   729.47619656187658                         1
   730.47619656187658                         1
   731.47619656187658                         1
   732.47619656187658                         1
   733.47619656187658                         1
   734.47619656187658                         1
   735.47619656187658                         1
   736.47619656187658                         1
   737.47619656187658                         1
   738.47619656187658                         1
   739.47619656187658                         1
   740.47619656187658                         1
   741.47619656187658                         1
   742.47619656187658                         1
   743.47619656187658                         1
   744.47619656187658                         1
   745.47619656187658                         1
   746.47619656187658                         1
   747.47619656187658                         1
   748.47619656187658                         1
   749.47619656187658                         1
   750.47619656187658                         1
   751.47619656187658                         1
   752.47619656187658                         1
