p    0.0109683    3.85064    3.03859
p    0.0833473    3.53505    8.22448
p    0.0619758     4.3614     6.3254
p    0.0681963    3.98014    7.54675
p    0.0741756    3.45355    4.55052
p    0.0140905    2.04387    4.20914
p    0.0752614    4.40661    8.80791
p    0.0107295      1.692    3.13042
p     0.050192    1.95521    4.36229
p    0.0929856    1.13586    5.12853
p    0.0231459    1.51119    3.30279
p    0.0513506    4.38609   0.589743
p    0.0330645    3.07295    9.90005
p      0.09512    1.97462    8.43841
p     0.069854    1.08278    5.49622
p      0.01373    1.56594    8.29057
p    0.0539901     4.1616    8.02801
p    0.0417128    1.07869    9.83305
end
