                    1     2.5000000000000001E-003     2.1456255059806688     
                    2     7.4999999999999997E-003     2.1364247112730697     
                    3     1.2500000000000001E-002     2.1271971632420645     
                    4     1.7500000000000002E-002     2.1179425795734845     
                    5     2.2499999999999999E-002     2.1086606907760825     
                    6     2.7500000000000000E-002     2.0993512046089906     
                    7     3.2500000000000001E-002     2.0900138417085579     
                    8     3.7500000000000006E-002     2.0806482993998805     
                    9     4.2499999999999996E-002     2.0712542879327183     
                   10     4.7500000000000001E-002     2.0618314936566229     
                   11     5.2500000000000005E-002     2.0523796158854921     
                   12     5.7499999999999996E-002     2.0428983294147960     
                   13     6.2500000000000000E-002     2.0333873220352290     
                   14     6.7500000000000004E-002     2.0238462563694419     
                   15     7.2500000000000009E-002     2.0142748080562338     
                   16     7.7499999999999999E-002     2.0046726268830195     
                   17     8.2500000000000004E-002     1.9950393756630294     
                   18     8.7499999999999994E-002     1.9853746906384904     
                   19     9.2499999999999999E-002     1.9756782210744053     
                   20     9.7500000000000003E-002     1.9659495889060676     
                   21    0.10250000000000001          1.9561884290741633     
                   22    0.10750000000000000          1.9463943483887953     
                   23    0.11250000000000000          1.9365669666318874     
                   24    0.11749999999999999          1.9267058746083459     
                   25    0.12250000000000000          1.9168106760430621     
                   26    0.12750000000000000          1.9068809447881598     
                   27    0.13250000000000001          1.8969162675433129     
                   28    0.13750000000000001          1.8869162001862128     
                   29    0.14250000000000002          1.8768803113464201     
                   30    0.14749999999999999          1.8668081378242447     
                   31    0.15250000000000000          1.8566992290499429     
                   32    0.15750000000000000          1.8465531015540919     
                   33    0.16250000000000001          1.8363692843456680     
                   34    0.16750000000000001          1.8261472723947003     
                   35    0.17250000000000001          1.8158865729645930     
                   36    0.17749999999999999          1.8055866580653710     
                   37    0.18250000000000000          1.7952470117775561     
                   38    0.18750000000000000          1.7848670816316132     
                   39    0.19250000000000000          1.7744463269627953     
                   40    0.19750000000000001          1.7639841691694504     
                   41    0.20250000000000001          1.7534800411404814     
                   42    0.20750000000000002          1.7429333363419670     
                   43    0.21249999999999999          1.7323434593612810     
                   44    0.21750000000000000          1.7217097737679621     
                   45    0.22250000000000000          1.7110316538211046     
                   46    0.22750000000000001          1.7003084310465493     
                   47    0.23250000000000001          1.6895394471569134     
                   48    0.23749999999999999          1.6787239992829339     
                   49    0.24249999999999999          1.6678613941584479     
                   50    0.24750000000000000          1.6569508919390410     
                   51    0.25250000000000000          1.6459917617074549     
                   52    0.25750000000000001          1.6349832238075188     
                   53    0.26250000000000001          1.6239245067288433     
                   54    0.26750000000000002          1.6128147878782799     
                   55    0.27250000000000002          1.6016532519063889     
                   56    0.27750000000000002          1.5904390298322926     
                   57    0.28250000000000003          1.5791712588782838     
                   58    0.28749999999999998          1.5678490198568236     
                   59    0.29249999999999998          1.5564713985838039     
                   60    0.29749999999999999          1.5450374214284708     
                   61    0.30249999999999999          1.5335461183802879     
                   62    0.30750000000000000          1.5219964566536028     
                   63    0.31250000000000000          1.5103874054877711     
                   64    0.31750000000000000          1.4987178676882866     
                   65    0.32250000000000001          1.4869867462448225     
                   66    0.32750000000000001          1.4751928736790947     
                   67    0.33250000000000002          1.4633350805707637     
                   68    0.33750000000000002          1.4514121225692691     
                   69    0.34250000000000003          1.4394227509230868     
                   70    0.34750000000000003          1.4273656369978642     
                   71    0.35250000000000004          1.4152394449103105     
                   72    0.35749999999999998          1.4030427533778242     
                   73    0.36249999999999999          1.3907741305642489     
                   74    0.36749999999999999          1.3784320530663727     
                   75    0.37250000000000000          1.3660149830848058     
                   76    0.37750000000000000          1.3535212843296882     
                   77    0.38250000000000001          1.3409493016359075     
                   78    0.38750000000000001          1.3282972735433694     
                   79    0.39250000000000002          1.3155634144814441     
                   80    0.39750000000000002          1.3027458237473517     
                   81    0.40250000000000002          1.2898425703897769     
                   82    0.40750000000000003          1.2768515982711537     
                   83    0.41250000000000003          1.2637708137843462     
                   84    0.41749999999999998          1.2505979866393919     
                   85    0.42249999999999999          1.2373308405493244     
                   86    0.42749999999999999          1.2239669493273106     
                   87    0.43250000000000000          1.2105038306770652     
                   88    0.43750000000000000          1.1969388371197116     
                   89    0.44250000000000000          1.1832692530193543     
                   90    0.44750000000000001          1.1694921797769315     
                   91    0.45250000000000001          1.1556046362102035     
                   92    0.45750000000000002          1.1416034373496557     
                   93    0.46250000000000002          1.1274852982712458     
                   94    0.46750000000000003          1.1132467057005662     
                   95    0.47250000000000003          1.0988840253614880     
                   96    0.47750000000000004          1.0843933654302083     
                   97    0.48249999999999998          1.0697706874063990     
                   98    0.48749999999999999          1.0550116602455599     
                   99    0.49249999999999999          1.0401117746707864     
                  100    0.49750000000000000          1.0250661865313844     
                  101    0.50249999999999995          1.0098698343366239     
                  102    0.50750000000000006         0.99451727001339729     
                  103    0.51249999999999996         0.97900277923304313     
                  104    0.51750000000000007         0.96332019722969098     
                  105    0.52249999999999996         0.94746303116747876     
                  106    0.52750000000000008         0.93142425797083250     
                  107    0.53249999999999997         0.91519644747785467     
                  108    0.53750000000000009         0.89877153822459321     
                  109    0.54249999999999998         0.88214095934539904     
                  110    0.54750000000000010         0.86529537878455165     
                  111    0.55249999999999999         0.84822482065803850     
                  112    0.55750000000000011         0.83091837817072034     
                  113    0.56250000000000000         0.81336432113837964     
                  114    0.56750000000000012         0.79554976250860987     
                  115    0.57250000000000001         0.77746074740738447     
                  116    0.57750000000000001         0.75908185678129092     
                  117    0.58250000000000002         0.74039626366197786     
                  118    0.58749999999999991         0.72138524855320396     
                  119    0.59250000000000003         0.70202819863719790     
                  120    0.59749999999999992         0.68230199418061188     
                  121    0.60250000000000004         0.66218090816744413     
                  122    0.60749999999999993         0.64163579515330915     
                  123    0.61250000000000004         0.62063381379052851     
                  124    0.61749999999999994         0.59913729599651122     
                  125    0.62250000000000005         0.57710314352232261     
                  126    0.62749999999999995         0.55448114476025401     
                  127    0.63250000000000006         0.53121274028193444     
                  128    0.63749999999999996         0.50722830594896307     
                  129    0.64250000000000007         0.48244460697187330     
                  130    0.64749999999999996         0.45675994228485239     
                  131    0.65250000000000008         0.43004858916782102     
                  132    0.65749999999999997         0.40215089888841837     
                  133    0.66250000000000009         0.37285978381522578     
                  134    0.66749999999999998         0.34189648301517606     
                  135    0.67250000000000010         0.30887096471294784     
                  136    0.67749999999999999         0.27320369261014055     
                  137    0.68250000000000011         0.23396300341701215     
                  138    0.68750000000000000         0.18944502759369730     
                  139    0.69250000000000012         0.13571729301037916     
                  140    0.69750000000000001          5.2925913206069854E-002
