p    0.0228341   0.140056  0.0739867 8.09714e-06
p     0.007346   0.774093   0.385836 4.74232e-06
p    0.0931087   0.670109   0.372033 3.88733e-06
p    0.0639561   0.511451    0.61125 5.01307e-06
p    0.0637664   0.787164    0.56482 6.98471e-07
p    0.0508605    0.76826  0.0186789 6.93671e-07
p    0.0121858   0.340037   0.586261 2.02079e-06
p    0.0293161   0.758481   0.599187 5.21502e-06
p    0.0123172   0.673174   0.264973 1.96632e-06
p    0.0809083   0.650808   0.536691 7.4017e-06
p    0.0651147   0.108724   0.103123 2.90708e-06
p    0.0775218   0.714372   0.633612 4.12883e-06
p    0.0876921   0.398432   0.386184 3.85526e-06
p    0.0458365   0.404863   0.363915 5.80224e-06
p    0.0931124   0.150176   0.625842 2.24285e-06
p    0.0135822   0.425029    0.59663 2.58994e-06
p    0.0372754  0.0616024     0.3645 1.81836e-06
p    0.0890513   0.101191   0.737605 5.41661e-06
p    0.0262394  0.0407277   0.665895 3.76126e-07
p    0.0943875   0.499507   0.360396 8.20796e-06
p    0.0122424    0.74658   0.165057 5.8079e-06
p    0.0439303   0.528972   0.128811 3.70428e-06
p    0.0848935   0.754653   0.475771 9.84757e-06
p    0.0474603     0.2724      0.195 8.47357e-06
end
