                    1     2.5000000000000001E-003     1.0096282334198072     
                    2     7.4999999999999997E-003     1.0052870324655663     
                    3     1.2500000000000001E-002     1.0009332309123813     
                    4     1.7500000000000002E-002    0.99656669592422809     
                    5     2.2499999999999999E-002    0.99218730058120208     
                    6     2.7500000000000000E-002    0.98779490737811959     
                    7     3.2500000000000001E-002    0.98338938474834525     
                    8     3.7500000000000006E-002    0.97897059027897959     
                    9     4.2499999999999996E-002    0.97453838751475486     
                   10     4.7500000000000001E-002    0.97009262888043934     
                   11     5.2500000000000005E-002    0.96563317277373228     
                   12     5.7499999999999996E-002    0.96115986618504412     
                   13     6.2500000000000000E-002    0.95667256208873952     
                   14     6.7500000000000004E-002    0.95217110174995190     
                   15     7.2500000000000009E-002    0.94765533242396394     
                   16     7.7499999999999999E-002    0.94312508933918071     
                   17     8.2500000000000004E-002    0.93858021371490530     
                   18     8.7499999999999994E-002    0.93402053440902177     
                   19     9.2499999999999999E-002    0.92944588626492119     
                   20     9.7500000000000003E-002    0.92485609141183089     
                   21    0.10250000000000001         0.92025097795217514     
                   22    0.10750000000000000         0.91563036090182792     
                   23    0.11250000000000000         0.91099406122975535     
                   24    0.11749999999999999         0.90634188642475932     
                   25    0.12250000000000000         0.90167364989984788     
                   26    0.12750000000000000         0.89698915117127254     
                   27    0.13250000000000001         0.89228819564071205     
                   28    0.13750000000000001         0.88757057437158327     
                   29    0.14250000000000002         0.88283608426280102     
                   30    0.14749999999999999         0.87808450740645450     
                   31    0.15250000000000000         0.87331563166763226     
                   32    0.15750000000000000         0.86852922960659207     
                   33    0.16250000000000001         0.86372507947991350     
                   34    0.16750000000000001         0.85890294370924980     
                   35    0.17250000000000001         0.85406259031989329     
                   36    0.17749999999999999         0.84920377093706645     
                   37    0.18250000000000000         0.84432624267887080     
                   38    0.18750000000000000         0.83942974565984141     
                   39    0.19250000000000000         0.83451402535619179     
                   40    0.19750000000000001         0.82957880959501784     
                   41    0.20250000000000001         0.82462383141075946     
                   42    0.20750000000000002         0.81964880549697361     
                   43    0.21249999999999999         0.81465345157401292     
                   44    0.21750000000000000         0.80963747027868638     
                   45    0.22250000000000000         0.80460056706430838     
                   46    0.22750000000000001         0.79954242750180815     
                   47    0.23250000000000001         0.79446274173453690     
                   48    0.23749999999999999         0.78936117916245385     
                   49    0.24249999999999999         0.78423741347540354     
                   50    0.24750000000000000         0.77909109668987520     
                   51    0.25250000000000000         0.77392188478587431     
                   52    0.25750000000000001         0.76872941106339621     
                   53    0.26250000000000001         0.76351331240953280     
                   54    0.26750000000000002         0.75827320193918668     
                   55    0.27250000000000002         0.75300869592067132     
                   56    0.27750000000000002         0.74771938566228746     
                   57    0.28250000000000003         0.74240486512640391     
                   58    0.28749999999999998         0.73706470202027485     
                   59    0.29249999999999998         0.73169846613043166     
                   60    0.29749999999999999         0.72630569957248858     
                   61    0.30249999999999999         0.72088594587963972     
                   62    0.30750000000000000         0.71543871936211723     
                   63    0.31250000000000000         0.70996353498567100     
                   64    0.31750000000000000         0.70445987678673860     
                   65    0.32250000000000001         0.69892722857898870     
                   66    0.32750000000000001         0.69336504136503840     
                   67    0.33250000000000002         0.68777276491146133     
                   68    0.33750000000000002         0.68214981409194575     
                   69    0.34250000000000003         0.67649560137358911     
                   70    0.34750000000000003         0.67080950201958744     
                   71    0.35250000000000004         0.66509088753214907     
                   72    0.35749999999999998         0.65933908963498200     
                   73    0.36249999999999999         0.65355343472071792     
                   74    0.36749999999999999         0.64773320652441813     
                   75    0.37250000000000000         0.64187768162596415     
                   76    0.37750000000000000         0.63598609071527223     
                   77    0.38250000000000001         0.63005765520259827     
                   78    0.38750000000000001         0.62409154696382096     
                   79    0.39250000000000002         0.61808692611392324     
                   80    0.39750000000000002         0.61204289910615550     
                   81    0.40250000000000002         0.60595855772592500     
                   82    0.40750000000000003         0.59983293540036775     
                   83    0.41250000000000003         0.59366504747127447     
                   84    0.41749999999999998         0.58745384555088243     
                   85    0.42249999999999999         0.58119825913295353     
                   86    0.42749999999999999         0.57489714780556311     
                   87    0.43250000000000000         0.56854934425852766     
                   88    0.43750000000000000         0.56215360413340987     
                   89    0.44250000000000000         0.55570865048247242     
                   90    0.44750000000000001         0.54921312099844588     
                   91    0.45250000000000001         0.54266561397401358     
                   92    0.45750000000000002         0.53606463260691994     
                   93    0.46250000000000002         0.52940863249816406     
                   94    0.46750000000000003         0.52269596266875007     
                   95    0.47250000000000003         0.51592491461704237     
                   96    0.47750000000000004         0.50909365960767661     
                   97    0.48249999999999998         0.50220029928055643     
                   98    0.48749999999999999         0.49524279867417365     
                   99    0.49249999999999999         0.48821903833546620     
                  100    0.49750000000000000         0.48112674241038250     
                  101    0.50249999999999995         0.47396353213756492     
                  102    0.50750000000000006         0.46672684816569143     
                  103    0.51249999999999996         0.45941400521274056     
                  104    0.51750000000000007         0.45202210753329619     
                  105    0.52249999999999996         0.44454810437013992     
                  106    0.52750000000000008         0.43698869716587696     
                  107    0.53249999999999997         0.42934039519449946     
                  108    0.53750000000000009         0.42159941264408468     
                  109    0.54249999999999998         0.41376172344305506     
                  110    0.54750000000000010         0.40582294565954341     
                  111    0.55249999999999999         0.39777839394671588     
                  112    0.55750000000000011         0.38962294768540173     
                  113    0.56250000000000000         0.38135109852049753     
                  114    0.56750000000000012         0.37295679710321833     
                  115    0.57250000000000001         0.36443349161845456     
                  116    0.57750000000000001         0.35577394548160962     
                  117    0.58250000000000002         0.34697026008823401     
                  118    0.58749999999999991         0.33801365168315556     
                  119    0.59250000000000003         0.32889444688041147     
                  120    0.59749999999999992         0.31960179977914815     
                  121    0.60250000000000004         0.31012364024673322     
                  122    0.60749999999999993         0.30044629939379014     
                  123    0.61250000000000004         0.29055437421132913     
                  124    0.61749999999999994         0.28043020457951945     
                  125    0.62250000000000005         0.27005358449372935     
                  126    0.62749999999999995         0.25940098232091713     
                  127    0.63250000000000006         0.24844495587793552     
                  128    0.63749999999999996         0.23715289192583033     
                  129    0.64250000000000007         0.22548580728034198     
                  130    0.64749999999999996         0.21339609345446653     
                  131    0.65250000000000008         0.20082491215101789     
                  132    0.65749999999999997         0.18769759237632366     
                  133    0.66250000000000009         0.17391731811374628     
                  134    0.66749999999999998         0.15935387018345237     
                  135    0.67250000000000010         0.14382519506334115     
                  136    0.67749999999999999         0.12706113133822322     
                  137    0.68250000000000011         0.10862807889579182     
                  138    0.68750000000000000          8.7735300778226888E-002
                  139    0.69250000000000012          6.2568102123442812E-002
                  140    0.69750000000000001          2.4296927830341829E-002
