   0.0000000000000000                         1
   1.0000000000000000E-004                    1
   2.0600000000000002E-004                    1
   3.1836000000000006E-004                    1
   4.3746160000000009E-004                    1
   5.6370929600000014E-004                    1
   6.9753185376000013E-004                    1
   8.3938376498560023E-004                    1
   9.8974679088473629E-004                    1
   1.1491315983378205E-003                    1
   1.3180794942380899E-003                    1
   1.4971642638923754E-003                    1
   1.6869941197259180E-003                    1
   1.8882137669094731E-003                    1
   2.1015065929240414E-003                    1
   2.3275969884994840E-003                    1
   2.5672528078094533E-003                    1
   2.8212879762780207E-003                    1
   3.0905652548547020E-003                    1
   3.3759991701459843E-003                    1
   3.6785591203547436E-003                    1
   3.9992726675760282E-003                    1
   4.3392290276305897E-003                    1
   4.6995827692884254E-003                    1
   5.0815577354457308E-003                    1
   5.4864511995724747E-003                    1
   5.9156382715468232E-003                    1
   6.3705765678396331E-003                    1
   6.8528111619100118E-003                    1
   7.3639798316246126E-003                    1
   7.9058186215220892E-003                    1
   8.4801677388134152E-003                    1
   9.0889778031422210E-003                    1
   9.7343164713307555E-003                    1
   1.0418375459610602E-002                    1
   1.1143477987187239E-002                    1
   1.1912086666418473E-002                    1
   1.2726811866403582E-002                    1
   1.3590420578387798E-002                    1
   1.4505845813091067E-002                    1
   1.5476196561876531E-002                    1
   1.6504768355589124E-002                    1
   1.7595054456924473E-002                    1
   1.8750757724339942E-002                    1
   1.9975803187800338E-002                    1
   2.1274351379068360E-002                    1
   2.2650812461812463E-002                    1
   2.4109861209521213E-002                    1
   2.5656452882092486E-002                    1
   2.7295840055018037E-002                    1
   2.9033590458319120E-002                    1
   3.0875605885818270E-002                    1
   3.2828142238967364E-002                    1
   3.4897830773305411E-002                    1
   3.7091700619703738E-002                    1
   3.9417202656885961E-002                    1
   4.1882234816299123E-002                    1
   4.4495168905277070E-002                    1
   4.7264879039593699E-002                    1
   5.0200771781969321E-002                    1
   5.3312818088887486E-002                    1
   5.6611587174220740E-002                    1
   6.0108282404673988E-002                    1
   6.3814779348954437E-002                    1
   6.7743666109891701E-002                    1
   7.1908286076485209E-002                    1
   7.6322783241074332E-002                    1
   8.1002150235538792E-002                    1
   8.5962279249671120E-002                    1
   9.1220016004651391E-002                    1
   9.6793216964930484E-002                    1
  0.10270080998282632                         1
  0.10896285858179591                         1
  0.11560063009670367                         1
  0.12263666790250589                         1
  0.13009486797665626                         1
  0.13800056005525563                         1
  0.14638059365857098                         1
  0.15526342927808526                         1
  0.16467923503477039                         1
  0.17465998913685662                         1
  0.18523958848506802                         1
  0.19645396379417213                         1
  0.20834120162182246                         1
  0.22094167371913181                         1
  0.23429817414227974                         1
  0.24845606459081654                         1
  0.26346342846626553                         1
  0.27937123417424148                         1
  0.29623350822469596                         1
  0.31410751871817771                         1
  0.33305396984126839                         1
  0.35313720803174453                         1
  0.37442544051364923                         1
  0.39699096694446823                         1
  0.42091042496113634                         1
  0.44626505045880455                         1
  0.47314095348633284                         1
  0.50162941069551281                         1
  0.53182717533724366                         1
  0.56383680585747831                         1
  0.59776701420892708                         1
  0.63373303506146272                         1
  0.67185701716515056                         1
  0.71226843819505958                         1
  0.75510454448676323                         1
  0.80051081715596906                         1
  0.84864146618532721                         1
  0.89965995415644684                         1
  0.95373955140583366                         1
   1.0110639244901838                         1
   1.0718277599595949                         1
   1.1362374255571706                         1
   1.2045116710906008                         1
   1.2768823713560369                         1
   1.3535953136373993                         1
   1.4349110324556433                         1
   1.5211056944029819                         1
   1.6124720360671609                         1
   1.7093203582311907                         1
   1.8119795797250622                         1
   1.9207983545085661                         1
   2.0361462557790801                         1
   2.1584150311258252                         1
   2.2880199329933748                         1
   2.4254011289729775                         1
   2.5710251967113562                         1
   2.7253867085140375                         1
   2.8890099110248801                         1
   3.0624505056863729                         1
   3.2462975360275554                         1
   3.4411753881892091                         1
   3.6477459114805617                         1
   3.8667106661693955                         1
   4.0988133061395597                         1
   4.3448421045079337                         1
   4.6056326307784099                         1
   4.8820705886251146                         1
   5.1750948239426213                         1
   5.4857005133791787                         1
   5.8149425441819300                         1
   6.1639390968328458                         1
   6.5338754426428167                         1
   6.9260079692013861                         1
   7.3416684473534692                         1
   7.7822685541946779                         1
   8.2493046674463599                         1
   8.7443629474931424                         1
   9.2691247243427313                         1
   9.8253722078032961                         1
   10.414994540271495                         1
   11.039994212687786                         1
   11.702493865449053                         1
   12.404743497375996                         1
   13.149128107218557                         1
   13.938175793651672                         1
   14.774566341270774                         1
   15.661140321747020                         1
   16.600908741051843                         1
   17.597063265514954                         1
   18.652987061445852                         1
   19.772266285132606                         1
   20.958702262240564                         1
   22.216324397974997                         1
   23.549403861853499                         1
   24.962468093564709                         1
   26.460316179178594                         1
   28.048035149929312                         1
   29.731017258925071                         1
   31.514978294460576                         1
   33.405976992128210                         1
   35.410435611655906                         1
   37.535161748355264                         1
   39.787371453256583                         1
   42.174713740451978                         1
   44.705296564879099                         1
   47.387714358771845                         1
   50.231077220298161                         1
   53.245041853516049                         1
   56.439844364727016                         1
   59.826335026610636                         1
   63.416015128207277                         1
   67.221076035899713                         1
   71.254440598053705                         1
   75.529807033936933                         1
   80.061695455973151                         1
   84.865497183331541                         1
   89.865497183331541                         1
   94.865497183331541                         1
   99.865497183331541                         1
   104.86549718333154                         1
   109.86549718333154                         1
   114.86549718333154                         1
   119.86549718333154                         1
   124.86549718333154                         1
   129.86549718333154                         1
   134.86549718333154                         1
   139.86549718333154                         1
   144.86549718333154                         1
   149.86549718333154                         1
   154.86549718333154                         1
   159.86549718333154                         1
   164.86549718333154                         1
   169.86549718333154                         1
   174.86549718333154                         1
   179.86549718333154                         1
   184.86549718333154                         1
   189.86549718333154                         1
   194.86549718333154                         1
   199.86549718333154                         1
   204.86549718333154                         1
   209.86549718333154                         1
   214.86549718333154                         1
   219.86549718333154                         1
   224.86549718333154                         1
   229.86549718333154                         1
   234.86549718333154                         1
   239.86549718333154                         1
   244.86549718333154                         1
   249.86549718333154                         1
   254.86549718333154                         1
   259.86549718333151                         1
   264.86549718333151                         1
   269.86549718333151                         1
   274.86549718333151                         1
   279.86549718333151                         1
   284.86549718333151                         1
   289.86549718333151                         1
   294.86549718333151                         1
   299.86549718333151                         1
   304.86549718333151                         1
   309.86549718333151                         1
   314.86549718333151                         1
   319.86549718333151                         1
   324.86549718333151                         1
   329.86549718333151                         1
   334.86549718333151                         1
   339.86549718333151                         1
   344.86549718333151                         1
   349.86549718333151                         1
   354.86549718333151                         1
   359.86549718333151                         1
   364.86549718333151                         1
   369.86549718333151                         1
   374.86549718333151                         1
   379.86549718333151                         1
   384.86549718333151                         1
   389.86549718333151                         1
   394.86549718333151                         1
   399.86549718333151                         1
   404.86549718333151                         1
   409.86549718333151                         1
   414.86549718333151                         1
   419.86549718333151                         1
   424.86549718333151                         1
   429.86549718333151                         1
   434.86549718333151                         1
   439.86549718333151                         1
   444.86549718333151                         1
   449.86549718333151                         1
   454.86549718333151                         1
   459.86549718333151                         1
   464.86549718333151                         1
   469.86549718333151                         1
   474.86549718333151                         1
   479.86549718333151                         1
   484.86549718333151                         1
   489.86549718333151                         1
   494.86549718333151                         1
   499.86549718333151                         1
   504.86549718333151                         1
   509.86549718333151                         1
   514.86549718333151                         1
   519.86549718333151                         1
   524.86549718333151                         1
   529.86549718333151                         1
   534.86549718333151                         1
   539.86549718333151                         1
   544.86549718333151                         1
   549.86549718333151                         1
   554.86549718333151                         1
   559.86549718333151                         1
   564.86549718333151                         1
   569.86549718333151                         1
   574.86549718333151                         1
   579.86549718333151                         1
   584.86549718333151                         1
   589.86549718333151                         1
   594.86549718333151                         1
   599.86549718333151                         1
   604.86549718333151                         1
   609.86549718333151                         1
   614.86549718333151                         1
   619.86549718333151                         1
   624.86549718333151                         1
   629.86549718333151                         1
   634.86549718333151                         1
   639.86549718333151                         1
   644.86549718333151                         1
   649.86549718333151                         1
   654.86549718333151                         1
   659.86549718333151                         1
   664.86549718333151                         1
   669.86549718333151                         1
   674.86549718333151                         1
   679.86549718333151                         1
   684.86549718333151                         1
   689.86549718333151                         1
   694.86549718333151                         1
   699.86549718333151                         1
   704.86549718333151                         1
   709.86549718333151                         1
   714.86549718333151                         1
   719.86549718333151                         1
   724.86549718333151                         1
   729.86549718333151                         1
   734.86549718333151                         1
   739.86549718333151                         1
   744.86549718333151                         1
   749.86549718333151                         1
   754.86549718333151                         1
   759.86549718333151                         1
   764.86549718333151                         1
   769.86549718333151                         1
   774.86549718333151                         1
   779.86549718333151                         1
   784.86549718333151                         1
   789.86549718333151                         1
   794.86549718333151                         1
   799.86549718333151                         1
   804.86549718333151                         1
   809.86549718333151                         1
   814.86549718333151                         1
   819.86549718333151                         1
   824.86549718333151                         1
   829.86549718333151                         1
   834.86549718333151                         1
   839.86549718333151                         1
   844.86549718333151                         1
   849.86549718333151                         1
   854.86549718333151                         1
   859.86549718333151                         1
   864.86549718333151                         1
   869.86549718333151                         1
   874.86549718333151                         1
   879.86549718333151                         1
   884.86549718333151                         1
   889.86549718333151                         1
   894.86549718333151                         1
   899.86549718333151                         1
   904.86549718333151                         1
   909.86549718333151                         1
   914.86549718333151                         1
   919.86549718333151                         1
   924.86549718333151                         1
   929.86549718333151                         1
   934.86549718333151                         1
   939.86549718333151                         1
   944.86549718333151                         1
   949.86549718333151                         1
   954.86549718333151                         1
   959.86549718333151                         1
   964.86549718333151                         1
   969.86549718333151                         1
   974.86549718333151                         1
   979.86549718333151                         1
   984.86549718333151                         1
   989.86549718333151                         1
   994.86549718333151                         1
   999.86549718333151                         1
   1004.8654971833315                         1
   1009.8654971833315                         1
   1014.8654971833315                         1
   1019.8654971833315                         1
   1024.8654971833316                         1
   1029.8654971833316                         1
   1034.8654971833316                         1
   1039.8654971833316                         1
   1044.8654971833316                         1
   1049.8654971833316                         1
   1054.8654971833316                         1
   1059.8654971833316                         1
   1064.8654971833316                         1
   1069.8654971833316                         1
   1074.8654971833316                         1
   1079.8654971833316                         1
   1084.8654971833316                         1
   1089.8654971833316                         1
   1094.8654971833316                         1
   1099.8654971833316                         1
   1104.8654971833316                         1
   1109.8654971833316                         1
   1114.8654971833316                         1
   1119.8654971833316                         1
   1124.8654971833316                         1
   1129.8654971833316                         1
   1134.8654971833316                         1
   1139.8654971833316                         1
   1144.8654971833316                         1
   1149.8654971833316                         1
   1154.8654971833316                         1
   1159.8654971833316                         1
   1164.8654971833316                         1
   1169.8654971833316                         1
   1174.8654971833316                         1
   1179.8654971833316                         1
   1184.8654971833316                         1
   1189.8654971833316                         1
   1194.8654971833316                         1
   1199.8654971833316                         1
   1204.8654971833316                         1
   1209.8654971833316                         1
   1214.8654971833316                         1
   1219.8654971833316                         1
   1224.8654971833316                         1
   1229.8654971833316                         1
   1234.8654971833316                         1
   1239.8654971833316                         1
   1244.8654971833316                         1
   1249.8654971833316                         1
   1254.8654971833316                         1
   1259.8654971833316                         1
   1264.8654971833316                         1
   1269.8654971833316                         1
   1274.8654971833316                         1
   1279.8654971833316                         1
   1284.8654971833316                         1
   1289.8654971833316                         1
   1294.8654971833316                         1
   1299.8654971833316                         1
   1304.8654971833316                         1
   1309.8654971833316                         1
   1314.8654971833316                         1
   1319.8654971833316                         1
   1324.8654971833316                         1
   1329.8654971833316                         1
   1334.8654971833316                         1
   1339.8654971833316                         1
   1344.8654971833316                         1
   1349.8654971833316                         1
   1354.8654971833316                         1
   1359.8654971833316                         1
   1364.8654971833316                         1
   1369.8654971833316                         1
   1374.8654971833316                         1
   1379.8654971833316                         1
   1384.8654971833316                         1
   1389.8654971833316                         1
   1394.8654971833316                         1
   1399.8654971833316                         1
   1404.8654971833316                         1
   1409.8654971833316                         1
   1414.8654971833316                         1
   1419.8654971833316                         1
   1424.8654971833316                         1
   1429.8654971833316                         1
   1434.8654971833316                         1
   1439.8654971833316                         1
   1444.8654971833316                         1
   1449.8654971833316                         1
   1454.8654971833316                         1
   1459.8654971833316                         1
   1464.8654971833316                         1
   1469.8654971833316                         1
   1474.8654971833316                         1
   1479.8654971833316                         1
   1484.8654971833316                         1
   1489.8654971833316                         1
   1494.8654971833316                         1
   1499.8654971833316                         1
   1504.8654971833316                         1
   1509.8654971833316                         1
   1514.8654971833316                         1
   1519.8654971833316                         1
   1524.8654971833316                         1
   1529.8654971833316                         1
   1534.8654971833316                         1
   1539.8654971833316                         1
   1544.8654971833316                         1
   1549.8654971833316                         1
   1554.8654971833316                         1
   1559.8654971833316                         1
   1564.8654971833316                         1
   1569.8654971833316                         1
   1574.8654971833316                         1
   1579.8654971833316                         1
   1584.8654971833316                         1
   1589.8654971833316                         1
   1594.8654971833316                         1
   1599.8654971833316                         1
   1604.8654971833316                         1
   1609.8654971833316                         1
   1614.8654971833316                         1
   1619.8654971833316                         1
   1624.8654971833316                         1
   1629.8654971833316                         1
   1634.8654971833316                         1
   1639.8654971833316                         1
   1644.8654971833316                         1
   1649.8654971833316                         1
   1654.8654971833316                         1
   1659.8654971833316                         1
   1664.8654971833316                         1
   1669.8654971833316                         1
   1674.8654971833316                         1
   1679.8654971833316                         1
   1684.8654971833316                         1
   1689.8654971833316                         1
   1694.8654971833316                         1
   1699.8654971833316                         1
   1704.8654971833316                         1
   1709.8654971833316                         1
   1714.8654971833316                         1
   1719.8654971833316                         1
   1724.8654971833316                         1
   1729.8654971833316                         1
   1734.8654971833316                         1
   1739.8654971833316                         1
   1744.8654971833316                         1
   1749.8654971833316                         1
   1754.8654971833316                         1
   1759.8654971833316                         1
   1764.8654971833316                         1
   1769.8654971833316                         1
   1774.8654971833316                         1
   1779.8654971833316                         1
   1784.8654971833316                         1
   1789.8654971833316                         1
   1794.8654971833316                         1
   1799.8654971833316                         1
   1804.8654971833316                         1
   1809.8654971833316                         1
   1814.8654971833316                         1
   1819.8654971833316                         1
   1824.8654971833316                         1
   1829.8654971833316                         1
   1834.8654971833316                         1
   1839.8654971833316                         1
   1844.8654971833316                         1
   1849.8654971833316                         1
   1854.8654971833316                         1
   1859.8654971833316                         1
   1864.8654971833316                         1
   1869.8654971833316                         1
   1874.8654971833316                         1
   1879.8654971833316                         1
   1884.8654971833316                         1
   1889.8654971833316                         1
   1894.8654971833316                         1
   1899.8654971833316                         1
   1904.8654971833316                         1
   1909.8654971833316                         1
   1914.8654971833316                         1
   1919.8654971833316                         1
   1924.8654971833316                         1
   1929.8654971833316                         1
   1934.8654971833316                         1
   1939.8654971833316                         1
   1944.8654971833316                         1
   1949.8654971833316                         1
   1954.8654971833316                         1
   1959.8654971833316                         1
   1964.8654971833316                         1
   1969.8654971833316                         1
   1974.8654971833316                         1
   1979.8654971833316                         1
   1984.8654971833316                         1
   1989.8654971833316                         1
   1994.8654971833316                         1
   1999.8654971833316                         1
   2004.8654971833316                         1
   2009.8654971833316                         1
   2014.8654971833316                         1
   2019.8654971833316                         1
   2024.8654971833316                         1
   2029.8654971833316                         1
   2034.8654971833316                         1
   2039.8654971833316                         1
   2044.8654971833316                         1
   2049.8654971833316                         1
   2054.8654971833316                         1
   2059.8654971833316                         1
   2064.8654971833316                         1
   2069.8654971833316                         1
   2074.8654971833316                         1
   2079.8654971833316                         1
   2084.8654971833316                         1
   2089.8654971833316                         1
   2094.8654971833316                         1
   2099.8654971833316                         1
   2104.8654971833316                         1
   2109.8654971833316                         1
   2114.8654971833316                         1
   2119.8654971833316                         1
   2124.8654971833316                         1
   2129.8654971833316                         1
   2134.8654971833316                         1
   2139.8654971833316                         1
   2144.8654971833316                         1
   2149.8654971833316                         1
   2154.8654971833316                         1
   2159.8654971833316                         1
   2164.8654971833316                         1
   2169.8654971833316                         1
   2174.8654971833316                         1
   2179.8654971833316                         1
   2184.8654971833316                         1
   2189.8654971833316                         1
   2194.8654971833316                         1
   2199.8654971833316                         1
   2204.8654971833316                         1
   2209.8654971833316                         1
   2214.8654971833316                         1
   2219.8654971833316                         1
   2224.8654971833316                         1
   2229.8654971833316                         1
   2234.8654971833316                         1
   2239.8654971833316                         1
   2244.8654971833316                         1
   2249.8654971833316                         1
   2254.8654971833316                         1
   2259.8654971833316                         1
   2264.8654971833316                         1
   2269.8654971833316                         1
   2274.8654971833316                         1
   2279.8654971833316                         1
   2284.8654971833316                         1
   2289.8654971833316                         1
   2294.8654971833316                         1
   2299.8654971833316                         1
   2304.8654971833316                         1
   2309.8654971833316                         1
   2314.8654971833316                         1
   2319.8654971833316                         1
   2324.8654971833316                         1
   2329.8654971833316                         1
   2334.8654971833316                         1
   2339.8654971833316                         1
   2344.8654971833316                         1
   2349.8654971833316                         1
   2354.8654971833316                         1
   2359.8654971833316                         1
   2364.8654971833316                         1
   2369.8654971833316                         1
   2374.8654971833316                         1
   2379.8654971833316                         1
   2384.8654971833316                         1
   2389.8654971833316                         1
   2394.8654971833316                         1
   2399.8654971833316                         1
   2404.8654971833316                         1
   2409.8654971833316                         1
   2414.8654971833316                         1
   2419.8654971833316                         1
   2424.8654971833316                         1
   2429.8654971833316                         1
   2434.8654971833316                         1
   2439.8654971833316                         1
   2444.8654971833316                         1
   2449.8654971833316                         1
   2454.8654971833316                         1
   2459.8654971833316                         1
   2464.8654971833316                         1
   2469.8654971833316                         1
   2474.8654971833316                         1
   2479.8654971833316                         1
   2484.8654971833316                         1
   2489.8654971833316                         1
   2494.8654971833316                         1
   2499.8654971833316                         1
   2504.8654971833316                         1
   2509.8654971833316                         1
   2514.8654971833316                         1
   2519.8654971833316                         1
   2524.8654971833316                         1
   2529.8654971833316                         1
   2534.8654971833316                         1
   2539.8654971833316                         1
   2544.8654971833316                         1
   2549.8654971833316                         1
   2554.8654971833316                         1
   2559.8654971833316                         1
   2564.8654971833316                         1
   2569.8654971833316                         1
   2574.8654971833316                         1
   2579.8654971833316                         1
   2584.8654971833316                         1
   2589.8654971833316                         1
   2594.8654971833316                         1
   2599.8654971833316                         1
   2604.8654971833316                         1
   2609.8654971833316                         1
   2614.8654971833316                         1
   2619.8654971833316                         1
   2624.8654971833316                         1
   2629.8654971833316                         1
   2634.8654971833316                         1
   2639.8654971833316                         1
   2644.8654971833316                         1
   2649.8654971833316                         1
   2654.8654971833316                         1
   2659.8654971833316                         1
   2664.8654971833316                         1
   2669.8654971833316                         1
   2674.8654971833316                         1
   2679.8654971833316                         1
   2684.8654971833316                         1
   2689.8654971833316                         1
   2694.8654971833316                         1
   2699.8654971833316                         1
   2704.8654971833316                         1
   2709.8654971833316                         1
   2714.8654971833316                         1
   2719.8654971833316                         1
   2724.8654971833316                         1
   2729.8654971833316                         1
   2734.8654971833316                         1
   2739.8654971833316                         1
   2744.8654971833316                         1
   2749.8654971833316                         1
   2754.8654971833316                         1
   2759.8654971833316                         1
   2764.8654971833316                         1
   2769.8654971833316                         1
   2774.8654971833316                         1
   2779.8654971833316                         1
   2784.8654971833316                         1
   2789.8654971833316                         1
   2794.8654971833316                         1
   2799.8654971833316                         1
   2804.8654971833316                         1
   2809.8654971833316                         1
   2814.8654971833316                         1
   2819.8654971833316                         1
   2824.8654971833316                         1
   2829.8654971833316                         1
   2834.8654971833316                         1
   2839.8654971833316                         1
   2844.8654971833316                         1
   2849.8654971833316                         1
   2854.8654971833316                         1
   2859.8654971833316                         1
   2864.8654971833316                         1
   2869.8654971833316                         1
   2874.8654971833316                         1
   2879.8654971833316                         1
   2884.8654971833316                         1
   2889.8654971833316                         1
   2894.8654971833316                         1
   2899.8654971833316                         1
   2904.8654971833316                         1
   2909.8654971833316                         1
   2914.8654971833316                         1
   2919.8654971833316                         1
   2924.8654971833316                         1
   2929.8654971833316                         1
   2934.8654971833316                         1
   2939.8654971833316                         1
   2944.8654971833316                         1
   2949.8654971833316                         1
   2954.8654971833316                         1
   2959.8654971833316                         1
   2964.8654971833316                         1
   2969.8654971833316                         1
   2974.8654971833316                         1
   2979.8654971833316                         1
   2984.8654971833316                         1
   2989.8654971833316                         1
   2994.8654971833316                         1
   2999.8654971833316                         1
   3004.8654971833316                         1
   3009.8654971833316                         1
   3014.8654971833316                         1
   3019.8654971833316                         1
   3024.8654971833316                         1
   3029.8654971833316                         1
   3034.8654971833316                         1
   3039.8654971833316                         1
   3044.8654971833316                         1
   3049.8654971833316                         1
   3054.8654971833316                         1
   3059.8654971833316                         1
   3064.8654971833316                         1
   3069.8654971833316                         1
   3074.8654971833316                         1
   3079.8654971833316                         1
   3084.8654971833316                         1
   3089.8654971833316                         1
   3094.8654971833316                         1
   3099.8654971833316                         1
   3104.8654971833316                         1
   3109.8654971833316                         1
   3114.8654971833316                         1
   3119.8654971833316                         1
   3124.8654971833316                         1
   3129.8654971833316                         1
   3134.8654971833316                         1
   3139.8654971833316                         1
   3144.8654971833316                         1
   3149.8654971833316                         1
   3154.8654971833316                         1
   3159.8654971833316                         1
   3164.8654971833316                         1
   3169.8654971833316                         1
   3174.8654971833316                         1
   3179.8654971833316                         1
   3184.8654971833316                         1
   3189.8654971833316                         1
   3194.8654971833316                         1
   3199.8654971833316                         1
   3204.8654971833316                         1
   3209.8654971833316                         1
   3214.8654971833316                         1
   3219.8654971833316                         1
   3224.8654971833316                         1
   3229.8654971833316                         1
   3234.8654971833316                         1
   3239.8654971833316                         1
   3244.8654971833316                         1
   3249.8654971833316                         1
   3254.8654971833316                         1
   3259.8654971833316                         1
   3264.8654971833316                         1
   3269.8654971833316                         1
   3274.8654971833316                         1
   3279.8654971833316                         1
   3284.8654971833316                         1
   3289.8654971833316                         1
   3294.8654971833316                         1
   3299.8654971833316                         1
   3304.8654971833316                         1
   3309.8654971833316                         1
   3314.8654971833316                         1
   3319.8654971833316                         1
   3324.8654971833316                         1
   3329.8654971833316                         1
   3334.8654971833316                         1
   3339.8654971833316                         1
   3344.8654971833316                         1
   3349.8654971833316                         1
   3354.8654971833316                         1
   3359.8654971833316                         1
   3364.8654971833316                         1
   3369.8654971833316                         1
   3374.8654971833316                         1
   3379.8654971833316                         1
   3384.8654971833316                         1
   3389.8654971833316                         1
   3394.8654971833316                         1
   3399.8654971833316                         1
   3404.8654971833316                         1
   3409.8654971833316                         1
   3414.8654971833316                         1
   3419.8654971833316                         1
   3424.8654971833316                         1
   3429.8654971833316                         1
   3434.8654971833316                         1
   3439.8654971833316                         1
   3444.8654971833316                         1
   3449.8654971833316                         1
   3454.8654971833316                         1
   3459.8654971833316                         1
   3464.8654971833316                         1
   3469.8654971833316                         1
   3474.8654971833316                         1
   3479.8654971833316                         1
   3484.8654971833316                         1
   3489.8654971833316                         1
   3494.8654971833316                         1
   3499.8654971833316                         1
   3504.8654971833316                         1
   3509.8654971833316                         1
   3514.8654971833316                         1
   3519.8654971833316                         1
   3524.8654971833316                         1
   3529.8654971833316                         1
   3534.8654971833316                         1
   3539.8654971833316                         1
   3544.8654971833316                         1
   3549.8654971833316                         1
   3554.8654971833316                         1
   3559.8654971833316                         1
   3564.8654971833316                         1
   3569.8654971833316                         1
   3574.8654971833316                         1
   3579.8654971833316                         1
   3584.8654971833316                         1
   3589.8654971833316                         1
   3594.8654971833316                         1
   3599.8654971833316                         1
   3604.8654971833316                         1
   3609.8654971833316                         1
   3614.8654971833316                         1
   3619.8654971833316                         1
   3624.8654971833316                         1
   3629.8654971833316                         1
   3634.8654971833316                         1
   3639.8654971833316                         1
   3644.8654971833316                         1
   3649.8654971833316                         1
   3654.8654971833316                         1
   3659.8654971833316                         1
   3664.8654971833316                         1
   3669.8654971833316                         1
   3674.8654971833316                         1
   3679.8654971833316                         1
   3684.8654971833316                         1
   3689.8654971833316                         1
   3694.8654971833316                         1
   3699.8654971833316                         1
   3704.8654971833316                         1
   3709.8654971833316                         1
   3714.8654971833316                         1
   3719.8654971833316                         1
   3724.8654971833316                         1
   3729.8654971833316                         1
   3734.8654971833316                         1
   3739.8654971833316                         1
   3744.8654971833316                         1
   3749.8654971833316                         1
   3754.8654971833316                         1
   3759.8654971833316                         1
   3764.8654971833316                         1
   3769.8654971833316                         1
   3774.8654971833316                         1
   3779.8654971833316                         1
   3784.8654971833316                         1
   3789.8654971833316                         1
   3794.8654971833316                         1
   3799.8654971833316                         1
