                    1     2.5000000000000001E-003    0.76283173718751018     
                    2     7.4999999999999997E-003    0.75954806388569862     
                    3     1.2500000000000001E-002    0.75625487296904881     
                    4     1.7500000000000002E-002    0.75295206411963034     
                    5     2.2499999999999999E-002    0.74963954146584710     
                    6     2.7500000000000000E-002    0.74631720116402978     
                    7     3.2500000000000001E-002    0.74298494383300950     
                    8     3.7500000000000006E-002    0.73964266192325723     
                    9     4.2499999999999996E-002    0.73629025236135504     
                   10     4.7500000000000001E-002    0.73292760369966881     
                   11     5.2500000000000005E-002    0.72955460897739544     
                   12     5.7499999999999996E-002    0.72617115264340848     
                   13     6.2500000000000000E-002    0.72277712364086732     
                   14     6.7500000000000004E-002    0.71937240209550124     
                   15     7.2500000000000009E-002    0.71595687263109764     
                   16     7.7499999999999999E-002    0.71253041081508828     
                   17     8.2500000000000004E-002    0.70909289671258424     
                   18     8.7499999999999994E-002    0.70564420108070069     
                   19     9.2499999999999999E-002    0.70218419916917540     
                   20     9.7500000000000003E-002    0.69871275665440913     
                   21    0.10250000000000001         0.69522974369510204     
                   22    0.10750000000000000         0.69173502059649206     
                   23    0.11250000000000000         0.68822845212985984     
                   24    0.11749999999999999         0.68470989291692219     
                   25    0.12250000000000000         0.68117920202250271     
                   26    0.12750000000000000         0.67763622804846269     
                   27    0.13250000000000001         0.67408082400931191     
                   28    0.13750000000000001         0.67051283212444535     
                   29    0.14250000000000002         0.66693209898697503     
                   30    0.14749999999999999         0.66333846004237562     
                   31    0.15250000000000000         0.65973175506135684     
                   32    0.15750000000000000         0.65611181229230497     
                   33    0.16250000000000001         0.65247846424959111     
                   34    0.16750000000000001         0.64883153152641571     
                   35    0.17250000000000001         0.64517083891056282     
                   36    0.17749999999999999         0.64149619884341180     
                   37    0.18250000000000000         0.63780742787580325     
                   38    0.18750000000000000         0.63410432975805997     
                   39    0.19250000000000000         0.63038671224933562     
                   40    0.19750000000000001         0.62665436982248701     
                   41    0.20250000000000001         0.62290710084102219     
                   42    0.20750000000000002         0.61914468986157378     
                   43    0.21249999999999999         0.61536692519336689     
                   44    0.21750000000000000         0.61157358077984481     
                   45    0.22250000000000000         0.60776443415643699     
                   46    0.22750000000000001         0.60393924789157394     
                   47    0.23250000000000001         0.60009778795945123     
                   48    0.23749999999999999         0.59623980471923188     
                   49    0.24249999999999999         0.59236505172048237     
                   50    0.24750000000000000         0.58847326619776541     
                   51    0.25250000000000000         0.58456418832747836     
                   52    0.25750000000000001         0.58063754121327826     
                   53    0.26250000000000001         0.57669305061417631     
                   54    0.26750000000000002         0.57273042439428590     
                   55    0.27250000000000002         0.56874937274322535     
                   56    0.27750000000000002         0.56474958706151002     
                   57    0.28250000000000003         0.56073076069559769     
                   58    0.28749999999999998         0.55669256722782290     
                   59    0.29249999999999998         0.55263468174978247     
                   60    0.29749999999999999         0.54855675852299868     
                   61    0.30249999999999999         0.54445845281579741     
                   62    0.30750000000000000         0.54033939789783314     
                   63    0.31250000000000000         0.53619922746715309     
                   64    0.31750000000000000         0.53203755193827673     
                   65    0.32250000000000001         0.52785398148776408     
                   66    0.32750000000000001         0.52364810159164143     
                   67    0.33250000000000002         0.51941949671950161     
                   68    0.33750000000000002         0.51516772507262498     
                   69    0.34250000000000003         0.51089234295842278     
                   70    0.34750000000000003         0.50659287867551606     
                   71    0.35250000000000004         0.50226885760217499     
                   72    0.35749999999999998         0.49791977516877473     
                   73    0.36249999999999999         0.49354512269575390     
                   74    0.36749999999999999         0.48914435938709860     
                   75    0.37250000000000000         0.48471693895521645     
                   76    0.37750000000000000         0.48026228056122627     
                   77    0.38250000000000001         0.47577979626594658     
                   78    0.38750000000000001         0.47126886083354697     
                   79    0.39250000000000002         0.46672884004950882     
                   80    0.39750000000000002         0.46215905929331152     
                   81    0.40250000000000002         0.45755883276561193     
                   82    0.40750000000000003         0.45292743072270336     
                   83    0.41250000000000003         0.44826410965609897     
                   84    0.41749999999999998         0.44356807806599968     
                   85    0.42249999999999999         0.43883852763670006     
                   86    0.42749999999999999         0.43407459740755561     
                   87    0.43250000000000000         0.42927540598678554     
                   88    0.43750000000000000         0.42444001395554853     
                   89    0.44250000000000000         0.41956745716025284     
                   90    0.44750000000000001         0.41465670715712927     
                   91    0.45250000000000001         0.40970670561829325     
                   92    0.45750000000000002         0.40471632258900520     
                   93    0.46250000000000002         0.39968439203431005     
                   94    0.46750000000000003         0.39460966763674465     
                   95    0.47250000000000003         0.38949085949670653     
                   96    0.47750000000000004         0.38432658714154322     
                   97    0.48249999999999998         0.37911541737134269     
                   98    0.48749999999999999         0.37385581407662360     
                   99    0.49249999999999999         0.36854617718817584     
                  100    0.49750000000000000         0.36318478880346172     
                  101    0.50249999999999995         0.35776985314863008     
                  102    0.50750000000000006         0.35229943838364997     
                  103    0.51249999999999996         0.34677151740764106     
                  104    0.51750000000000007         0.34118390453528136     
                  105    0.52249999999999996         0.33553429685888814     
                  106    0.52750000000000008         0.32982020474163148     
                  107    0.53249999999999997         0.32403899326848201     
                  108    0.53750000000000009         0.31818780515038514     
                  109    0.54249999999999998         0.31226360151371402     
                  110    0.54750000000000010         0.30626307529755203     
                  111    0.55249999999999999         0.30018269018452642     
                  112    0.55750000000000011         0.29401858180716883     
                  113    0.56250000000000000         0.28776659290288065     
                  114    0.56750000000000012         0.28142215846437724     
                  115    0.57250000000000001         0.27498033401357780     
                  116    0.57750000000000001         0.26843565894943244     
                  117    0.58250000000000002         0.26178217282033134     
                  118    0.58749999999999991         0.25501324800971920     
                  119    0.59250000000000003         0.24812158535187856     
                  120    0.59749999999999992         0.24109900192035133     
                  121    0.60250000000000004         0.23393639087814089     
                  122    0.60749999999999993         0.22662344037887033     
                  123    0.61250000000000004         0.21914853017480745     
                  124    0.61749999999999994         0.21149833887222033     
                  125    0.62250000000000005         0.20365762468034015     
                  126    0.62749999999999995         0.19560863953351076     
                  127    0.63250000000000006         0.18733068638987752     
                  128    0.63749999999999996         0.17879917164972664     
                  129    0.64250000000000007         0.16998469957097564     
                  130    0.64749999999999996         0.16085137616950829     
                  131    0.65250000000000008         0.15135484469517008     
                  132    0.65749999999999997         0.14143882349490444     
                  133    0.66250000000000009         0.13103035028869287     
                  134    0.66749999999999998         0.12003131516595865     
                  135    0.67250000000000010         0.10830459027219519     
                  136    0.67749999999999999          9.5646765450652482E-002
                  137    0.68250000000000011          8.1731542729739037E-002
                  138    0.68750000000000000          6.5964387684332923E-002
                  139    0.69250000000000012          4.6983168520592852E-002
                  140    0.69750000000000001          1.8223722180560373E-002
