#FIELD	X	Y	Z
1	507341.532800001	5503982.112	378.919699999999
2	507347.3536	5503987.933	377.002099999998
3	507348.9412	5503995.341	376.264599999995
4	507347.3536	5504002.22	376.092499999999
5	507347.9214	5504008.874	376.441699999996
6	507356.878700001	5504021.799	377.073000000004
7	507367.462	5504030.795	376.505499999999
8	507379.869500002	5504039.909	377.308999999994
9	507387.041200001	5504048.258	376.080199999997
10	507399.212100002	5504056.195	376.150299999994
11	507407.678800002	5504066.249	375.840100000001
12	507412.4413	5504076.304	376.564199999993
13	507405.032900001	5504083.712	376.395199999999
14	507410.098700001	5504092.218	378.450100000002
15	507417.203800001	5504089.004	380.584900000002
16	507429.203400001	5504094.773	380.889500000005
17	507440.487200001	5504099.058	380.769700000004
18	507449.483000001	5504105.937	378.923999999999
19	507452.088100002	5504124.872	375.541100000002
20	507449.483000001	5504132.924	375.059899999993
21	507459.537200002	5504133.983	377.851599999995
22	507466.945600001	5504133.983	380.889899999995
23	507473.295600002	5504143.50800001	380.344400000002
24	507478.5872	5504156.208	377.921700000006
25	507482.820600001	5504166.262	376.760200000004
26	507490.7967	5504178.208	376.870999999999
27	507501.3415	5504184.783	377.119500000001
28	507516.158199999	5504183.725	377.731299999999
29	507527.270700001	5504179.491	377.719100000002
30	507543.848199999	5504173.301	378.687699999995
31	507556.3749	5504173.141	377.946899999995
32	507573.5853	5504169.902	379.632299999997
33	507579.6583	5504178.433	376.949200000003
34	507584.95	5504183.725	376.896900000007
35	507580.716600001	5504191.133	377.182700000005
36	507565.370800001	5504196.954	376.610400000005
37	507553.1999	5504209.654	376.9185
38	507541.558200001	5504252.516	378.572400000005
39	507542.087400002	5504219.708	376.909
40	507533.620700002	5504229.233	376.933199999999
41	507528.858200001	5504239.287	377.008199999997
42	507533.091500001	5504248.812	378.067200000005
43	507547.379	5504256.75	378.391300000003
44	507563.783200001	5504265.216	378.421400000007
45	507577.012399999	5504271.566	377.624599999996
46	507582.8333	5504283.208	376.577300000004
47	507587.5164	5504301.517	376.857199999999
48	507589.2098	5504315.276	377.040599999993
49	507581.589700002	5504333.267	376.697
50	507579.261400002	5504343.427	376.667400000006
51	507596.194799999	5504407.351	376.374299999996
52	507584.95	5504298.025	376.686600000001
53	507584.553100002	5504325.647	376.798599999995
54	507580.743100001	5504340.464	376.753200000006
55	507579.473100001	5504351.259	376.774300000005
56	507580.531399999	5504363.74700001	376.852599999998
57	507582.4364	5504376.659	376.511199999994
58	507586.458100002	5504389.782	376.255600000004
59	507590.6914	5504397.614	376.381399999998
60	507603.7372	5504407.527	377.294699999999
61	507609.529800001	5504416.876	376.701700000005
62	507617.1498	5504424.284	376.741599999994
63	508049.277600001	5503726.742	414.834799999997
64	508041.687700001	5503723.501	414.423200000005
65	507955.0002	5503672.001	416.954500000007
66	507925.000200002	5503660.501	417.085999999996
67	507869.752800001	5503649.799	415.425099999993
68	507799.469000001	5504194.501	405.636299999998
69	507886.906500001	5504162.001	419.136400000003
70	507934.906500001	5504150.001	420.138999999996
71	508006.3027	5504106.625	420.390799999994
72	508003.963	5504098.335	420.6005
73	507986.5618	5504017.718	421.579700000002
74	507988.9462	5503933.747	420.990099999995
75	508020.208600001	5503813.748	417.707699999999
76	507334.6923	5503982.416	377.496400000004
77	507425.973700002	5504097.51	379.207699999999
78	507459.0467	5504137.197	377.290900000007
79	507578.109400001	5504278.75	376.305099999998
80	507579.4323	5504356.802	376.780400000003
81	507588.6928	5504395.166	376.2647
82	507613.8282	5504421.625	376.649300000005
83	507736.859700001	5504381.937	398.7693
84	507861.2141	5504332.989	409.829199999993
85	507968.3706	5504293.302	415.6207
86	508092.725000001	5503590.831	410.787700000001
87	508177.3919	5503371.227	412.877900000007
88	508133.7355	5503347.414	421.242299999998
89	508059.652000001	5503451.925	418.751399999994
90	507903.547600001	5503623.904	415.8802
91	507750.0889	5503745.613	413.280100000004
92	507543.7135	5503867.322	409.425300000003
93	508039.808200002	5504268.166	417.838600000003
94	508155.563700002	5503359.3205	414.0821
95	508121.388250019	5503364.83249997	421.014999999999
96	508109.040999983	5503382.25100002	420.310299999997
97	508096.693750001	5503399.6695	420.222099999999
98	508084.346500019	5503417.08799997	419.689400000003
99	508071.999249983	5503434.50650002	419.577699999994
100	508044.041560025	5503469.12289997	418.674100000004
101	508028.431120016	5503486.32079998	418.710200000001
102	508012.820679997	5503503.5187	418.487899999993
103	507997.210239979	5503520.71660002	418.197
104	507981.599800001	5503537.9145	417.926800000001
105	507965.989360021	5503555.11239997	417.338199999998
106	507950.378920005	5503572.31029999	417.061499999996
107	507934.768479984	5503589.50820001	416.544699999999
108	507919.158039977	5503606.70610002	416.053599999999
109	507886.6502	5503636.85150001	415.687000000005
110	507852.657957149	5503663.48671428	415.053100000005
111	507835.563114279	5503677.17442857	414.611099999995
112	507818.468271434	5503690.86214285	414.3989
113	507801.373428566	5503704.54985714	414.007599999997
114	507784.278585722	5503718.23757142	413.714500000002
115	507767.183742852	5503731.92528571	413.541700000002
116	507729.451360023	5503757.78389998	412.7261
117	507708.813820016	5503769.95479999	412.407300000006
118	507688.176280016	5503782.12569999	412.039999999994
119	507667.538740028	5503794.29659998	411.684699999998
120	507646.901200001	5503806.46749999	411.329199999993
121	507626.263659975	5503818.63840001	410.8851
122	507605.626119986	5503830.8093	410.494200000001
123	507584.988579984	5503842.9802	410.157999999996
124	507564.35103998	5503855.15110001	410.024000000005
125	507522.811380016	5503878.83139999	409.071500000005
126	507501.909260076	5503890.34079995	408.656099999993
127	507481.00713998	5503901.85020001	408.138200000001
128	507460.105020007	5503913.35959999	408.063800000004
129	507439.202900009	5503924.86899999	407.606599999999
130	507418.300780009	5503936.37839999	406.348599999998
131	507397.398660038	5503947.88779997	405.731
132	507376.496539943	5503959.39720003	398.972200000004
133	507355.594419985	5503970.9066	388.908299999995
134	507637.101450092	5504417.22616663	381.816300000006
135	507657.053100024	5504410.16833332	386.619999999995
136	507677.00475	5504403.11049999	390.702099999995
137	507696.956399977	5504396.05266667	393.736699999994
138	507716.908049909	5504388.99483336	396.315199999997
139	507757.585433336	5504373.77899999	401.011799999993
140	507778.311166668	5504365.62099999	402.827099999995
141	507799.036900001	5504357.463	404.571599999996
142	507819.76263333	5504349.305	406.1829
143	507840.488366665	5504341.147	409.275999999998
144	507882.645400001	5504325.0516	410.670800000007
145	507904.076700016	5504317.11419999	412.203200000004
146	507925.507999985	5504309.1768	413.5239
147	507946.9393	5504301.2394	414.702900000004
148	507986.23	5504287.018	416.531099999993
149	508004.0894	5504280.734	417.167199999996
150	508021.948800001	5504274.45	417.552800000005
151	508035.021699978	5504245.08871418	417.839600000007
152	508030.235200143	5504222.01142926	418.112599999993
153	508025.448700167	5504198.93414365	418.650500000003
154	508020.662199833	5504175.85685634	419.347299999994
155	508015.875699857	5504152.77957073	419.535000000004
156	508011.089200023	5504129.70228581	419.895900000003
157	507999.612700009	5504078.18075003	421.027300000002
158	507995.262400001	5504058.0265	421.2255
159	507990.912099992	5504037.87224996	421.411200000002
160	507987.157900001	5503996.72524997	421.591899999999
161	507987.753999999	5503975.7325	421.4565
162	507988.3501	5503954.73975002	421.2258
163	507995.198680033	5503909.74719987	420.630099999995
164	508001.451160015	5503885.74739995	419.950899999996
165	508007.703639986	5503861.74760005	419.157600000006
166	508013.956119968	5503837.74780012	418.417199999996
167	508027.475849991	5503791.99650003	417.207200000004
168	508034.7431	5503770.245	416.315499999997
169	508042.010350009	5503748.49349996	415.654800000004
170	508056.51883351	5503704.09016611	413.831900000005
171	508063.760066798	5503681.43833292	412.687099999996
172	508071.001300001	5503658.7865	412.212199999995
173	508078.242533204	5503636.13466707	411.869300000006
174	508085.483766492	5503613.48283388	411.492800000007
175	508101.19169	5503568.8706	410.339399999997
176	508109.658379993	5503546.91020001	410.466700000005
177	508118.125070006	5503524.94979998	410.299899999998
178	508126.591760007	5503502.98939998	410.149399999995
179	508135.05845	5503481.029	410.504799999995
180	508143.525139995	5503459.06860001	410.502800000002
181	508151.991829995	5503437.10820001	411.183399999994
182	508160.458520007	5503415.14779998	411.631899999993
183	508168.925210002	5503393.18739999	412.039499999999
184	508024.3502	5503713.201	414.498900000006
185	508007.0127	5503702.901	415.664000000004
186	507989.6752	5503692.601	416.998000000007
187	507972.3377	5503682.301	417.217000000004
188	507940.0002	5503666.251	417.121299999999
189	507906.584399996	5503656.93366666	416.732199999999
190	507888.168600004	5503653.36633333	416.214900000006
191	507605.022422201	5504191.50722222	379.027400000006
192	507629.328244464	5504191.88144444	381.954400000002
193	507653.634066687	5504192.25566666	385.8217
194	507677.939888893	5504192.62988888	389.217499999999
195	507702.245711111	5504193.00411111	393.081600000005
196	507726.551533314	5504193.37833333	396.490600000005
197	507750.857355537	5504193.75255555	399.175499999998
198	507775.163177799	5504194.12677777	401.433600000004
199	507821.328375	5504186.376	409.079899999997
200	507843.187750001	5504178.251	412.327799999999
201	507865.047125	5504170.126	415.4568
202	507910.9065	5504156.001	421.126300000004
203	507952.170625006	5504137.08449999	420.141199999998
204	507969.434750002	5504124.168	420.487200000003
205	507986.698874995	5504111.2515	420.837899999999
206	507550.172290386	5504060.78146944	404.240699999995
207	507742.702119657	5503986.646784	418.263300000006
208	507845.818281317	5503871.8470918	427.617400000003
209	507478.102163815	5504028.63534271	402.834000000003
210	507907.932966227	5503775.96498592	424.116200000004
211	507622.498242485	5503964.5208588	418.123399999997
212	507859.826100836	5504037.23475811	424.673200000005
213	507660.517768682	5504065.02171118	407.119000000006
214	507516.705115249	5504107.68913627	396.125100000005
215	507735.558576752	5503880.25442398	423.848800000007
216	507543.933799785	5503982.38963882	412.295899999997
217	507762.548300961	5504087.81303423	414.793000000005
218	507607.411024178	5504105.68322038	395.145600000003
219	507446.183345717	5504059.80912241	387.569600000003
220	507423.245699775	5504005.44935065	400.276199999993
221	507894.55564151	5503949.57457734	424.3033
222	507825.973955013	5503780.03101539	425.382299999998
223	507556.813349505	5504128.12757498	394.559200000003
224	507925.620239135	5503849.62926988	424.299700000003
225	507814.700488654	5503943.17879662	423.488800000006
226	507657.127732197	5503891.8905266	421.888099999997
227	507606.751946102	5504030.17684297	410.086599999995
228	507928.248104015	5504067.68641553	423.430500000002
229	507483.726992027	5504082.52996285	396.857300000003
230	507385.566104719	5503998.77307152	390.738200000007
231	507614.581011698	5504150.28102847	390.766900000002
232	507513.247149975	5504148.32318522	387.009699999995
233	507837.278765169	5504100.87107957	418.191800000001
234	507916.717781637	5503716.95368039	420.377399999998
235	507487.11845482	5503969.13412427	409.375100000005
236	507673.485223034	5504005.68403291	414.925300000003
237	507922.30955711	5504006.89805458	423.622399999993
238	507704.298730275	5504123.83902111	404.374400000001
239	507971.379877744	5503755.77970268	419.418300000005
240	507764.055381062	5503816.86509739	424.148000000001
241	507571.493959317	5503925.6576092	418.810700000002
242	507794.604710355	5504027.63467436	421.179099999994
243	507857.57918876	5503736.17206349	422.511199999994
244	507696.720331901	5503943.511672	422.694099999993
245	507719.745410683	5504047.32631568	409.5821
246	507523.993450965	5504025.00800135	405.328999999998
247	507935.522951655	5503908.84459195	424.761700000003
248	507493.169412232	5504123.37960495	391.934999999998
249	507652.871519823	5504122.52215846	397.636100000003
250	507882.751065627	5503817.72918388	424.878400000001
251	507570.072723406	5504093.733687	400.536699999997
252	507517.032449141	5504074.2298138	400.400399999999
253	507965.001218203	5503811.35164558	422.349199999997
254	507791.46470898	5503892.9599082	426.868499999997
255	507566.387567024	5504023.58653206	408.570500000002
256	507695.927165384	5503845.37235656	422.900699999998
257	507524.416392444	5503936.89694471	415.457899999994
258	507791.385913352	5504139.28678674	411.414900000003
259	507849.780998208	5503989.81073806	424.205000000002
260	507753.963136311	5503933.48412455	423.993600000002
261	507472.964946079	5504109.94939436	385.377699999997
262	507599.917527982	5504064.7893653	405.314899999998
263	507425.226580713	5504042.87961665	387.183099999995
264	507889.408877293	5504109.57438001	419.093599999993
265	507882.102501725	5503897.79947843	426.106
266	507428.770787221	5504078.36780856	381.249400000001
267	507403.101278383	5504028.51897722	391.2736
268	507366.503178905	5504003.52484529	383.230800000005
269	507606.740227715	5503890.0007741	420.400599999994
270	507940.988368467	5503960.59233341	424.243400000007
271	507583.323570645	5503985.07585131	414.390599999999
272	507811.434637546	5503835.02176557	425.441500000001
273	507538.850438945	5504147.41935725	389.786699999997
274	507540.802572514	5504088.30792158	400.4764
275	507786.153235214	5503771.212598	421.084400000007
276	507461.125977282	5503996.22008662	405.524699999994
277	507582.865936174	5504144.4210732	386.069300000003
278	507494.765779249	5504056.54433104	396.839300000007
279	507953.986831787	5503718.72403375	418.853099999993
280	507459.508298482	5504084.75479572	391.774300000005
281	507746.27393608	5504148.80730014	407.090299999996
282	507874.3521172	5503699.53261579	419.152100000007
283	507788.348969455	5503984.72070904	419.336500000005
284	507854.908211933	5503927.28268403	424.643599999996
285	507498.744398338	5504000.55191486	407.208299999998
286	507632.422830327	5504085.2934563	403.111399999994
287	507868.516746692	5503776.37073844	425.210200000001
288	507653.988223295	5503935.90840324	421.744000000006
289	507817.601152455	5503741.05658121	420.444000000003
290	507954.170072448	5504035.10514446	422.448799999998
291	507827.027728898	5504061.71165504	422.962799999994
292	507632.049580768	5504001.94432252	414.214999999997
293	507560.447277065	5504149.99531102	389.312900000004
294	507721.286383958	5503812.87780629	422.6823
295	507451.977073903	5504036.74356782	397.426500000001
296	507435.078966873	5503970.83976778	402.667700000005
297	507922.689745786	5503808.87001472	424.121499999994
298	507362.714010987	5503987.26339061	379.603900000002
299	507597.648531876	5504168.24671353	381.928799999994
300	507701.241674421	5504083.82369557	404.828899999993
301	507962.687257972	5504084.04775227	422.180699999997
302	507903.392506382	5504034.72031984	423.100099999996
303	507533.456926621	5504124.38874622	394.856400000004
304	507698.976906949	5503900.22732906	424.25
305	507961.171692945	5503879.09374021	423.330100000007
306	507882.124426133	5503859.71947604	425.862800000003
307	507646.01769838	5504034.33305079	410.535699999993
308	507927.098272278	5504106.5378614	422.664000000004
309	507677.628821001	5504152.05129361	397.8796
310	507492.24369538	5504103.72493308	394.0386
311	507773.017336378	5503858.08293096	424.475600000005
312	507607.151656613	5503924.10244455	420.179699999993
313	507885.992422409	5504000.81786377	424.699500000002
314	507651.494285313	5503847.09815975	421.123999999996
315	507863.804067433	5504077.84467325	421.5481
316	507408.077582891	5503980.72852515	395.295100000003
317	507491.898298031	5504144.25837638	388.330300000001
318	507578.630541707	5504116.00644315	395.948999999993
319	507762.788107141	5504048.56401804	417.387499999997
320	507470.653576045	5504064.49877804	392.195800000001
321	507829.143826038	5504015.38647714	423.889500000005
322	507575.944142862	5504051.71886733	406.4185
323	507658.756148838	5503971.38421591	418.439599999998
324	508006.340736295	5503748.16346477	417.251099999994
325	507939.102528433	5503695.17802339	418.362999999998
326	507946.507591785	5503781.5760747	422.709799999997
327	507891.285826517	5503739.81964298	422.733699999997
328	507685.181231401	5504039.58544049	411.158100000001
329	507565.746364242	5503958.98764796	415.758600000001
330	507830.747196851	5504142.87614628	413.425199999998
331	507701.336402691	5503978.53262546	418.888099999997
332	507528.147046899	5504049.70418794	402.854099999997
333	507512.106329567	5504126.50268166	392.929399999994
334	507463.241400107	5504123.35372773	378.797399999996
335	507925.735073243	5503743.37568895	421.242499999993
336	507643.751704627	5504155.13199116	387.630600000004
337	507907.119840431	5503684.61293732	418.189199999993
338	507826.641373239	5503904.97373342	426.637600000002
339	507991.518839883	5503785.92427989	419.739199999996
340	507508.646118479	5504166.54947864	382.460000000006
341	507801.116517383	5504090.59800175	417.985000000001
342	507515.621469422	5503975.56489614	411.2592
343	507489.521052836	5503934.7888525	413.005900000004
344	507847.218218255	5503834.4852508	425.448199999999
345	507382.187460168	5504016.86895857	392.838799999998
346	507955.495556289	5503993.02591929	423.566000000006
347	507865.046027212	5504137.28583086	415.6397
348	507571.469499013	5503889.61385584	418.972599999994
349	507541.220430368	5503907.92734261	418.524900000004
350	507625.704612058	5504125.73336543	396.543999999994
351	507525.88808264	5504160.86545758	385.383799999996
352	507709.308516021	5504012.96956592	414.625599999999
353	507752.687810383	5503784.30342272	420.836299999995
354	507730.930223585	5504101.38752586	410.102100000004
355	507549.327687658	5504111.00059735	397.514599999995
356	507737.385290938	5503844.50891734	423.675600000002
357	507477.48188054	5504124.35102536	386.786999999997
358	507713.302312833	5504158.40622989	403.098100000003
359	507673.246513953	5504098.0246977	400.079700000002
360	507424.216982068	5504060.39444148	380.761599999998
361	507956.343022366	5503933.4013801	423.439100000003
362	507985.609983806	5503722.11978976	417.687600000005
363	507763.33827709	5504015.60455124	415.942299999995
364	507459.5451603	5503949.12501274	408.455799999996
365	507502.513121875	5504031.80805535	401.969200000007
366	507844.833346167	5503707.63912999	418.636100000003
367	507797.534262652	5503803.15535184	424.544599999994
368	507914.749772664	5503882.28303535	425.779599999994
369	507623.937098507	5504054.64002593	407.1014
370	507911.362382963	5503977.11788816	424.960900000005
371	507978.900909338	5503843.46809044	422.037200000006
372	507507.541132337	5504090.19081381	398.410399999993
373	507784.85203028	5503926.32332601	425.047399999996
374	507545.665497237	5504011.12056193	409.048999999999
375	507405.197687773	5504005.8399134	399.262799999997
376	507820.903841957	5503977.46890635	422.292199999996
377	507549.047934426	5504039.25252909	405.705900000001
378	507730.095960718	5503954.69659247	421.932700000005
379	507890.846242751	5504068.63289983	422.775800000003
380	507810.863229656	5503867.28037832	426.641600000003
381	507441.662231235	5504087.99114989	386.502600000007
382	507924.378105775	5503935.86694473	424.080000000002
383	507725.144011973	5503920.44766665	425.361199999999
384	507592.943290252	5504088.33328371	401.276199999993
385	507759.816053378	5503901.61502276	425.661900000006
386	507571.261114218	5504071.58169303	403.861300000004
387	507840.623996322	5503761.56721444	425.133900000001
388	507598.633268698	5504127.44864094	389.795100000003
389	507763.144949125	5503965.08373155	420.725200000001
390	507609.564412708	5504000.39335876	413.520699999994
391	507618.723743202	5503857.29846458	419.230599999995
392	507594.632979175	5503951.31675114	418.247300000003
393	507790.75328473	5504061.80542888	420.600300000006
394	507764.650041627	5504122.13372959	411.395000000004
395	507521.629167537	5504000.39646021	408.276400000003
396	507635.59664733	5503914.47524254	421.271599999993
397	507463.295473424	5504046.61659073	395.962499999994
398	507732.259913956	5504066.2464491	412.055200000003
399	507472.365108007	5504092.93527274	393.995599999995
400	507770.95302216	5504163.74949555	407.167700000005
401	507967.035859445	5503903.38127351	423.120800000004
402	507495.229518816	5504157.71456608	383.793300000005
403	507892.716821186	5503791.81380668	425.565199999997
404	507866.214531171	5503957.53624777	423.838900000002
405	507690.093700434	5503814.03142196	422.455700000006
406	507680.074704704	5503872.36826696	422.408100000001
407	507856.026687129	5503798.07354764	426.329700000002
408	507496.558523097	5504073.14829577	398.020000000004
409	507859.208505628	5503894.7582171	427.437900000004
410	507428.743691754	5504019.04205325	397.3989
411	507964.843555499	5504057.47825984	421.976699999999
412	507525.521656386	5504138.39398547	390.554699999993
413	507544.246064299	5503952.19217336	414.709400000007
414	507908.199496285	5503831.0489162	424.479399999997
415	507593.084951867	5504014.79311152	411.073900000003
416	507571.290818435	5503997.08310748	412.391300000003
417	507887.470632323	5503677.73045694	417.565400000007
418	507357.900773777	5504001.00900493	377.371700000003
419	507674.318726087	5503914.40712789	423.121400000004
420	507444.747613897	5504071.37721916	385.673999999999
421	507535.42774659	5504073.11908243	402.022400000002
422	507948.147420333	5503838.35315513	423.375599999999
423	507991.71124908	5503821.69923821	420.915099999998
424	507789.831139358	5503746.44497736	417.758100000006
425	507708.57951113	5503863.3493786	423.347999999998
426	507425.470939048	5504088.21704382	382.197599999999
427	507862.526158426	5504009.89842073	424.256800000003
428	507804.448919999	5504170.97824004	408.152100000007
429	507453.064675336	5504011.10014095	402.214500000002
430	507830.502651997	5503957.47491619	422.918799999999
431	507380.492784091	5503976.70455435	389.077799999999
432	507804.094495082	5504119.27539677	414.705900000001
433	507907.966237145	5504127.93842458	421.549400000004
434	507625.579834592	5504105.10060179	399.434999999998
435	507648.518822071	5504099.61275973	401.805399999997
436	507620.174474723	5504176.0683362	381.293000000005
437	507733.502915049	5504021.06080176	412.219100000002
438	507923.915447181	5504045.22475048	423.563399999999
439	507409.069151712	5504043.73420334	383.703099999999
440	507526.845269544	5504095.61103793	398.730200000005
441	507583.728793301	5504157.84204975	382.899099999995
442	507478.87686612	5504007.57672572	405.0582
443	507905.338676864	5504090.43796109	421.146299999993
444	507898.713926684	5503923.01833547	425.702999999994
445	508021.121101739	5503732.94030767	415.351299999995
446	507663.180468537	5503828.57300325	421.227599999998
447	507825.429098808	5503715.75716831	417.608200000002
448	507678.28821258	5504122.93983853	397.313099999999
449	507886.656157539	5503974.58955697	424.263800000001
450	507682.074353464	5503961.51106332	420.222699999998
451	507512.336360344	5504054.39986787	400.078500000003
452	507548.045591559	5504158.70425816	386.638300000006
453	507610.301670134	5504090.93023293	400.444600000003
454	507463.105386724	5503972.21992945	406.7016
455	507509.979191864	5503916.36157439	416.325400000002
456	507969.417740345	5503964.61366137	422.560100000002
457	507503.110596894	5504111.87410324	393.931100000002
458	507597.307005141	5504046.7586982	407.702799999999
459	507960.26470953	5504014.02591044	422.435400000002
460	507557.203532827	5504082.24311518	401.916299999997
461	507952.475458531	5504104.56181233	422.493100000007
462	507862.941750735	5504101.74860212	418.894100000005
463	507388.74837106	5504029.79431555	385.919299999994
464	507889.829595417	5503716.42326572	420.863800000006
465	507529.678565912	5504110.74484396	396.594299999997
466	507808.283513309	5503770.09260341	423.256299999994
467	507563.64331145	5504113.36218281	397.392399999997
468	507547.570294558	5503928.64912712	417.833700000003
469	507833.477857501	5503818.0014257	425.302899999995
470	507631.644643674	5503882.01199793	420.792799999996
471	507503.609899479	5503953.82810808	411.844899999996
472	507806.431612599	5504005.74990227	421.914499999999
473	507589.132623966	5503908.47416103	420.104900000006
474	507582.620094066	5503868.32409986	417.753100000002
475	507787.692464325	5503836.11381584	424.716
476	507463.063785335	5504111.160436	380.811100000006
477	507441.186235836	5503989.67015176	403.165299999993
478	507788.9451585	5503958.50388697	421.776500000007
479	507650.918247281	5504014.02773532	413.414900000003
480	507483.253207739	5504137.20820419	388.755300000004
481	507632.335548839	5503942.04768792	420.829800000007
482	508010.5691393	5503771.47877778	417.964800000002
483	507588.254635477	5504174.97176549	377.885099999999
484	507483.297331461	5504115.56009179	388.515700000004
485	507441.225784023	5504045.75794428	388.899099999995
486	507953.89070461	5503742.52194217	419.7114
487	507833.736925359	5504037.37575937	424.5818
488	507686.587818163	5504062.75352461	407.553799999994
489	507460.298128746	5504098.26171132	388.059899999993
490	507970.591716371	5503778.75063471	420.736900000004
491	507545.640878508	5504134.64931602	393.026199999993
492	507872.74018991	5503753.63422873	424.030400000003
493	507729.715337328	5503784.91246407	420.087299999999
494	507479.398685362	5504045.39366526	397.883600000001
495	507729.442805443	5504125.69924922	407.765400000004
496	507958.525740839	5503698.55681561	417.745500000005
497	507501.164189978	5504133.48506655	391.133000000002
498	507942.45752611	5504051.86102268	422.864000000001
499	508004.846110101	5503723.83920356	416.500700000004
500	507604.265955903	5503980.84122874	415.673200000005
501	507629.032393865	5504022.39428039	411.784700000004
502	507882.687042164	5504024.29803414	423.975000000006
503	507934.517043621	5503714.21608638	419.355800000005
504	507778.389022187	5503795.66488952	423.500700000004
505	507568.043033337	5504137.89159338	391.963099999994
506	507416.258044531	5503960.61483589	402.774000000005
507	507479.655286693	5503987.69672466	407.424499999994
508	507939.611998895	5504086.89106837	423.172999999995
509	507833.172753082	5503930.30516855	424.335800000001
510	507564.740926647	5503979.18309843	414.148300000001
511	507374.319690933	5503992.95268382	382.629300000001
512	507716.432201885	5503838.14657176	423.367499999993
513	507733.604446567	5504169.90505172	403.477700000003
514	507870.838616091	5503877.05458828	427.707800000004
515	507358.17361009	5504011.33540592	379.188699999999
516	507457.13974007	5504071.17276292	388.937099999996
517	507841.657208687	5504078.25406941	420.8995
518	507433.933227739	5504067.66779192	382.441699999996
519	507449.87655112	5504092.23466228	387.393100000001
520	507787.78596052	5504105.21088307	415.286999999997
521	507583.291631522	5504031.01857855	409.068199999994
522	507484.771957114	5504068.03126619	395.328599999993
523	507938.933798609	5503884.00274666	424.7451
524	507393.757423288	5504014.89289614	396.732699999993
525	507855.911494967	5503687.41871255	417.902100000007
526	507396.988255484	5504038.0100587	383.028399999996
527	507926.967448208	5503679.58843773	417.759099999996
528	507874.128642756	5503939.69416374	424.955000000002
529	507828.760391041	5503851.49242756	426.804799999998
530	507763.740465312	5503765.06226032	418.472500000004
531	507849.124415123	5504057.86187014	423.434200000003
532	507509.528518459	5504015.74231115	405.699299999993
533	507412.955486957	5504056.31006748	378.447400000005
534	507981.273636779	5504090.07622987	421.707500000004
535	507885.475628652	5504046.52305185	423.085800000001
536	507663.248878151	5504169.1604547	390.936400000006
537	507418.953370863	5504031.17969418	393.605100000001
538	507804.722526505	5503917.70231226	425.772100000002
539	507934.254419456	5503981.76090079	424.506599999993
540	507743.931930308	5503805.26614513	422.877099999998
541	507463.114840581	5504021.44837627	401.5429
542	507903.809409007	5504014.4675338	423.766300000003
543	507911.172771099	5503734.41093803	421.849700000006
544	507562.492476942	5504161.88178329	383.799899999998
545	507866.959928026	5503840.34483932	425.474100000007
546	507925.6228426	5503787.2954155	424.027400000006
547	507916.626435379	5503903.63617604	425.662100000001
548	507663.614919678	5504046.17294888	409.736699999994
549	507583.550541705	5504101.89242099	399.082699999999
550	507766.234075118	5503991.04438677	417.646699999998
551	507399.028332357	5503995.36046122	395.171100000007
552	507637.766302079	5503979.11824806	416.939299999998
553	507637.728043896	5504068.50201044	405.580300000001
554	507556.25432274	5504099.36549723	399.281900000002
555	507944.193251674	5503800.96276359	423.212599999999
556	507867.35233461	5503719.3497596	421.301600000006
557	507516.559502419	5504038.85410338	402.0723
558	507692.344780013	5504169.94937374	398.091899999999
559	507437.742287562	5503947.19891497	406.365900000004
560	507656.247250699	5503992.73101776	415.882500000007
561	507931.727724162	5504130.01263023	422.196100000001
562	507518.751332521	5504170.86017183	382.370200000005
563	507984.317709869	5503865.64374018	421.798299999995
564	507886.296604888	5504137.55604915	417.372399999993
565	507471.304931626	5504077.74830326	393.912500000006
566	507838.437909108	5503741.50702584	422.216700000005
567	507493.293518656	5504020.88959196	404.517399999997
568	507891.163262464	5503694.52797625	418.7399
569	507771.212255105	5503881.25795796	425.224300000002
570	507889.707314898	5503764.7952896	424.082399999999
571	507850.284531701	5504152.46394705	412.762300000002
572	507394.544566509	5503968.80903507	396.387199999997
573	507422.224194853	5504071.12486845	378.396200000003
574	507929.859833688	5503763.49766339	422.2065
575	507691.300063424	5504102.59116073	401.996599999999
576	507722.962416287	5503899.61116355	425.252099999998
577	507496.136413521	5504089.00184073	397.721699999995
578	507803.490016105	5503729.69166994	417.127399999998
579	507807.222919286	5504046.4717673	423.004799999995
580	507676.551379196	5503939.60026951	422.506099999999
581	507973.172954146	5504035.41342102	421.654899999994
582	507659.316731018	5504142.49743615	391.617100000003
583	507941.725827329	5504017.3356898	422.878599999996
584	507616.777525746	5504071.92378114	404.225900000005
585	507559.972056528	5504050.37767832	405.657200000001
586	507905.797704014	5503859.62927183	425.098199999993
587	507849.344479521	5504125.46866988	415.859200000006
588	507369.511058463	5504017.07519145	384.130999999994
589	507826.650560939	5504163.09454719	410.660399999993
590	507882.583588796	5504088.76512755	420.631999999998
591	507550.239083098	5504145.72556014	390.724400000006
592	507522.123008758	5504119.00619025	395.130000000005
593	507540.341864569	5504024.81899319	406.506999999998
594	507757.965672858	5503840.54381899	424.214600000007
595	507704.043624836	5503797.79978095	420.919200000004
596	508025.30492161	5503751.23005142	415.958400000003
597	507498.92349327	5503981.94890554	409.402499999997
598	507479.821809988	5504102.58676836	391.475300000006
599	507847.559286392	5503778.41947521	425.345499999996
600	507642.688103823	5503957.43472285	419.423800000004
601	507628.161627773	5504144.73735855	392.739199999996
602	507537.42662214	5504163.38812518	384.944399999993
603	507722.058155587	5503996.85076229	416.933000000005
604	507630.790947666	5503840.46747291	419.286099999998
605	507919.004597987	5503956.18949906	424.029299999995
606	507588.88149077	5504075.01884183	403.622700000007
607	507425.788956308	5503988.44963521	400.494399999996
608	507986.549077914	5503741.86024456	418.167799999996
609	507870.850020153	5503668.68823023	416.437699999995
610	507419.587989392	5504081.44819228	379.673800000004
611	507792.227682052	5503856.22818372	425.2255
612	507929.75001286	5503829.07579215	424.037800000006
613	507772.74174434	5503943.67350797	422.979200000002
614	507623.745998118	5504038.63233708	409.368900000001
615	507782.006507128	5504009.89265864	418.754300000001
616	507412.166525305	5504017.48714747	398.301800000001
617	507546.296311145	5503889.19992652	418.053899999999
618	507710.304527578	5504066.26207434	407.065100000007
619	507590.014951054	5503932.54434108	418.843099999998
620	507862.324896632	5503859.70929564	426.379199999996
621	507657.865549221	5503872.13830017	421.743199999997
622	507546.142096291	5504121.99752733	395.605100000001
623	507908.515527112	5504055.23008597	423.711800000005
624	507519.61682979	5503956.59815703	412.849400000006
625	507868.981055978	5503915.98528072	425.293699999995
626	507892.834979459	5503878.4133353	426.054099999994
627	507483.151815185	5504146.85376611	383.948900000003
628	507826.53183631	5503882.04808192	427.492499999993
629	507695.385591978	5503924.88439825	424.697899999999
630	507502.478203313	5504147.24493797	387.017399999997
631	507377.388888826	5504006.37353857	390.599300000002
632	507526.723325063	5504149.56429021	387.931500000006
633	507750.974858373	5503864.47309661	423.968699999998
634	507827.483427515	5503994.01117175	423.805699999997
635	507974.788577675	5503706.99887774	417.639500000005
636	507944.644244238	5503861.18388899	423.861300000004
637	507689.430045709	5504019.4524452	413.6872
638	507571.860469472	5504153.6556351	386.643800000005
639	507585.498654208	5503966.49303095	416.665299999993
640	507597.512942257	5504152.75980586	386.373399999997
641	507619.543893857	5503905.80533305	421.017500000002
642	507498.785404606	5504169.74664082	380.598599999998
643	507980.994172945	5504069.68174224	421.616999999998
644	507678.029955892	5503984.47422516	417.3606
645	507523.260389504	5503900.1022137	417.128299999997
646	507971.902365858	5503943.33341478	421.242400000003
647	507703.843275634	5504033.02849595	411.254100000006
648	507905.613927915	5503994.59644631	424.916100000002
649	507696.124890435	5504143.36076656	401.736000000004
650	507989.461923965	5503765.38609448	419.009600000005
651	507902.487345219	5503809.70611633	424.500599999999
652	507695.800137479	5503998.9011198	416.176800000001
653	507567.908407602	5504123.83347691	395.153399999996
654	507773.987018066	5504029.95709501	418.773100000006
655	507942.875492201	5503681.19047518	417.6106
656	507772.945123139	5504065.56473465	417.9421
657	507743.346331352	5503914.92000427	425.174700000003
658	507952.319356355	5503762.45063328	420.884900000005
659	507921.933990896	5503698.64902694	418.868499999997
660	507515.712386105	5504158.7749332	384.860000000001
661	507596.695173743	5504183.20830424	377.534700000004
662	507471.919503075	5503933.1057345	411.679000000004
663	507524.39921065	5504065.04761261	401.700700000001
664	507639.912007309	5504174.06073943	384.405199999994
665	507740.336578616	5504042.84951118	413.547500000001
666	507561.258811707	5503907.93587145	419.358900000007
667	507872.601279378	5503798.21459667	426.012000000002
668	507969.601263691	5503731.40802036	418.516499999998
669	507478.964358462	5503951.07764009	409.921700000006
670	507475.57632069	5504132.34259658	386.108099999998
671	507867.207293279	5503983.20279743	424.496899999998
672	507770.050608086	5504141.14023383	409.804499999998
673	507504.726345375	5504100.24899285	396.6734
674	507981.835020461	5503888.72267074	421.719800000006
675	507972.509733866	5503923.36409274	422.194099999993
676	507674.884137793	5503851.28535664	422.180099999998
677	507582.785170614	5504169.38796327	379.063800000004
678	507432.067613663	5504054.66118747	384.124200000006
679	507611.002675614	5504120.00484175	395.170800000007
680	507749.968182545	5504108.63193129	411.424899999998
681	507677.379593666	5503892.37247806	422.366599999994
682	507677.669308793	5504079.53888278	403.801600000006
683	507971.03553033	5503984.74146485	422.608399999997
684	507821.754920341	5504083.32970393	419.956000000006
685	508006.101898709	5503797.87414429	419.226299999995
686	507724.670517047	5503973.71146358	419.680699999997
687	507458.130305129	5504127.53252892	377.067200000005
688	507463.399164295	5504129.54211161	379.4853
689	507921.895028577	5504025.0331272	422.838199999998
690	507621.918034426	5503987.81278434	415.457399999999
691	507542.261026903	5504050.91783395	404.366099999999
692	507810.028772296	5504145.91200656	411.563099999999
693	507612.555435136	5503945.50865453	419.648700000005
694	507708.328272812	5503958.78462508	421.882199999993
695	507651.755116077	5503914.14838779	421.652499999997
696	507637.803220044	5504116.00921696	398.690700000006
697	507594.202840813	5504114.28812778	392.402900000001
698	507939.769649293	5503943.10283973	423.714500000002
699	507503.063392989	5504122.07904495	393.390599999999
700	507846.190770539	5504022.51909894	424.668799999999
701	507655.017214621	5504082.66558635	404.616299999994
702	507909.282297611	5503753.64403481	422.503800000006
703	507469.898584331	5504127.63837006	383.074200000003
704	507907.731528149	5504108.55848148	421.259699999995
705	507377.966686423	5504028.67228173	382.1008
706	507913.836742473	5503670.57789314	417.385899999994
707	507508.590555214	5504175.64191525	380.114300000001
708	507459.998581042	5504058.15609611	391.311499999996
709	507527.494029233	5503985.15890009	410.741500000004
710	507491.918322545	5504038.25909122	400.315600000002
711	507641.268235891	5504134.43858778	394.868900000001
712	507610.006441049	5504055.73960674	406.709799999997
713	507845.671929737	5503912.50025623	425.718200000003
714	507753.779600085	5504173.5351634	404.505499999999
715	507412.254550238	5503994.94089665	399.284100000004
716	507532.872339881	5504037.10050683	404.320800000001
717	507586.662256195	5504061.97349314	405.468800000002
718	507742.424767209	5503966.26273912	420.645300000004
719	507668.107894247	5504026.54260893	412.316200000001
720	507609.752873408	5504136.93147417	393.0095
721	507566.752682143	5504037.62304103	407.388000000006
722	507643.726112299	5503828.24890718	419.177599999995
723	507471.657987974	5504118.66884088	383.323799999998
724	507466.102025948	5504034.4395783	400.727700000003
725	507856.758131494	5503815.48821695	425.605899999995
726	507713.609756767	5504176.92861996	400.000599999999
727	507813.114198676	5504025.0341625	422.968999999997
728	507512.885274787	5504137.13837116	389.598400000003
729	507583.784330824	5504128.88694958	390.144199999995
730	507526.517186248	5504080.51940551	400.656099999993
731	507970.513995655	5504102.82105889	421.569099999993
732	507490.964454237	5504133.16312596	390.8223
733	507786.060704942	5503814.99418071	424.508300000001
734	507701.132452692	5504049.79117021	407.239700000006
735	507737.87510001	5503825.41512125	423.451799999995
736	507767.107761928	5503920.02288095	424.982999999993
737	507801.762024825	5503786.41302055	424.136199999994
738	507527.852547064	5503918.51618711	417.283800000005
739	507662.811641724	5503953.16773497	420.518700000001
740	507722.099621739	5504085.60147517	409.782699999996
741	507810.105735177	5503893.09953322	427.005699999994
742	507512.482511559	5503988.72421537	409.545400000003
743	507562.569175764	5503941.61904243	416.763900000005
744	507355.113218072	5503992.55941973	376.953899999993
745	507784.525776921	5504083.61478754	417.647100000002
746	507875.128903069	5503734.23085808	422.633600000001
747	507728.375237388	5503861.84780553	423.625499999995
748	507981.054743402	5503799.84650276	420.778099999996
749	507787.440891843	5504175.88567868	405.025500000003
750	507714.259647766	5503936.05096037	423.883199999997
751	508037.045102312	5503736.05925835	414.994200000001
752	507479.965768914	5504057.7411204	394.419699999999
753	507354.607550243	5503982.19209328	380.912500000006
754	507433.500273896	5504088.07025593	384.425700000007
755	507599.594805345	5503854.10757797	416.962199999994
756	507940.978860457	5503731.16151704	419.834900000002
757	507454.698957902	5504131.65943304	376.307400000005
758	507511.969297339	5504117.05638347	394.807499999995
759	507503.529498442	5504045.10474915	399.244600000005
760	507713.055940527	5504107.38082867	407.070099999997
761	507530.63698746	5504169.58115092	381.962899999999
762	507551.660693974	5503968.49386459	414.137000000002
763	507870.77509279	5504152.06883324	415.878200000006
764	507806.226518186	5503964.44626934	421.743199999997
765	507448.513989382	5504081.01417844	387.895900000003
766	507553.533464956	5503996.29384513	411.290599999993
767	507747.177737637	5504007.34411401	414.4948
768	507745.922104724	5503766.79188167	417.839999999997
769	507742.638931753	5504086.70647242	413.226699999999
770	507805.400191259	5504071.25522407	420.953200000004
771	507578.904954419	5503946.23965737	417.368499999997
772	507925.949151732	5503867.34564254	424.860400000005
773	507714.707897538	5504138.84080442	404.732900000003
774	507579.557920999	5504085.23963787	401.988700000002
775	507352.662532158	5504004.61991016	377.040699999998
776	507561.75036185	5503873.65482828	417.058099999995
777	507457.201318115	5504118.57113853	376.965700000001
778	507547.368526497	5504072.28524326	402.8416
779	507507.617789912	5504078.91858307	399.270000000004
780	507818.058156637	5504103.81727798	417.069099999993
781	507889.166524016	5503841.69433745	425.100000000006
782	507533.75286464	5503970.30763223	412.695699999997
783	507434.968105864	5504033.87376752	391.886100000003
784	507367.370832697	5503978.23608701	386.367100000003
785	507791.481824556	5503874.81814873	425.952900000004
786	507484.858803785	5504094.15575555	396.093900000007
787	507871.310248454	5504121.0970404	417.428400000004
788	507952.908940082	5503973.38647428	423.905799999993
789	507772.098059001	5503749.83091013	416.851599999995
790	507529.637101769	5504012.25760015	407.666299999997
791	507506.321856001	5503936.45868903	414.181800000006
792	507736.021703363	5503935.8433721	424.032000000007
793	507485.337163208	5504127.48437773	390.192200000005
794	507637.326859648	5503862.88023554	420.485199999996
795	507421.392773436	5503974.84619578	400.3122
796	507642.000478762	5504051.38605082	407.960500000001
797	507817.698052277	5503801.07311307	424.851200000005
798	507661.537030292	5504109.0075684	399.436400000006
799	507540.297350792	5504102.97994282	398.104999999996
800	507939.13686435	5503926.1244606	423.911200000002
801	507855.500038598	5503754.21747445	424.629100000006
802	507412.87293788	5504084.53723845	378.536099999997
803	507452.040003791	5504049.40063428	392.277199999997
804	507591.441230436	5503999.03102283	413.066399999996
805	507955.221681068	5503953.07168395	423.702600000004
806	507781.155380521	5503908.17364278	426.028900000005
807	507749.104091366	5504128.89531515	409.326499999996
808	507536.982176752	5503997.93616772	409.902799999996
809	507992.066470952	5503708.31762572	416.922900000005
810	507572.267393474	5504105.31978486	398.787200000006
811	507589.660136682	5503889.92744052	419.808099999995
812	507489.698623501	5503917.39247723	414.806200000006
813	507939.950390643	5504000.54562122	423.710600000006
814	507394.53028096	5504004.35906555	396.703899999993
815	507449.775797096	5503962.7572997	405.864900000001
816	507963.940272808	5503854.36660053	422.801099999997
817	507835.530663149	5503694.89777901	417.897100000002
818	507945.476628548	5503819.61218051	423.688399999999
819	507996.98027064	5503846.13958821	419.9476
820	507794.995510395	5503941.48377844	423.621599999999
821	507921.376740328	5504140.9882637	421.729200000002
822	507468.766985633	5504102.84810007	387.405100000004
823	507415.903352777	5504066.07647548	377.143500000006
824	507505.073138027	5504157.92961478	384.541200000007
825	507751.940064878	5503884.95703549	424.578200000004
826	507605.67033073	5504176.33401891	379.482300000003
827	507390.338176918	5503985.55472185	388.512199999997
828	507966.199511311	5503830.50304725	422.479699999996
829	507868.890961146	5504058.1347011	423.007599999997
830	507486.337486407	5504154.25934171	381.8655
831	507900.636043047	5503668.64425748	417.209700000007
832	507696.8773166	5503879.5742416	422.839900000006
833	507753.521772268	5504027.56334854	414.7068
834	507521.218639223	5504129.08599495	392.811300000001
835	507822.470199595	5503758.21354647	423.608500000002
836	507826.011886694	5503831.25401198	425.476899999994
837	507493.866914598	5504114.27358997	391.727899999998
838	508031.051026013	5503726.4253915	414.387700000007
839	507807.581795938	5503986.75539178	421.445699999997
840	507836.892533856	5503974.55940287	423.277100000007
841	507439.618972982	5504004.71227938	401.418300000005
842	507825.24553215	5504123.60117571	415.117899999997
843	507847.113262312	5503723.73400285	420.540699999998
844	507560.326513078	5504011.28680114	410.021599999993
845	507955.632648209	5503685.42897564	417.346900000004
846	507947.13085944	5504121.39984025	421.912100000001
847	507535.214166851	5504138.434711	391.3842
848	507601.783421487	5504078.81529257	402.954599999997
849	507561.983399186	5504062.99903053	404.542600000001
850	507742.724688529	5503896.27153001	425.045599999998
851	507534.011589276	5504155.33821559	387.451499999996
852	507606.015489482	5503871.12582539	419.103000000003
853	507672.422900719	5503811.75830088	421.310200000007
854	507577.637118727	5504012.79985893	410.7307
855	507921.587570702	5503920.78609564	424.829400000002
856	507972.103099231	5504001.24730891	422.271900000007
857	507614.710892538	5504015.25139368	411.9611
858	507465.747016923	5504008.54832209	403.974900000001
859	507860.471333093	5503705.34573676	419.397100000002
860	507803.900671355	5503755.02683852	420.4375
861	507961.469704287	5503794.49752427	421.9997
862	507514.632384483	5504096.16294916	398.197799999994
863	507946.533036171	5503706.66873978	418.722999999998
864	507604.570971112	5503962.28713308	417.745899999995
865	507949.175737074	5503897.5527509	424.292100000006
866	507751.047397482	5503950.82775674	422.256599999993
867	507925.824306011	5503728.02358216	420.660900000003
868	507508.785018733	5504067.04808403	399.758199999997
869	507809.168329121	5503817.2691903	425.005399999995
870	507851.833380476	5503946.4761896	423.909799999994
871	507452.68794557	5503982.67493545	405.105899999995
872	507847.320970616	5503851.68337941	426.400200000004
873	507554.032288955	5504026.42304777	407.453999999998
874	507537.764171195	5504061.94156854	403.285699999993
875	507900.214996357	5503965.11654441	424.218399999998
876	507909.896993491	5503794.77873664	424.664399999994
877	507770.728750283	5503779.56661527	421.138800000001
878	507874.781622242	5503684.55806069	417.926000000007
879	507727.466279692	5504148.33172708	405.559500000003
880	507911.174460559	5504073.21530622	423.1976
881	507596.957327608	5504100.11004531	397.732999999993
882	507610.820327747	5504163.92607439	385.191399999996
883	507760.271258095	5503799.02277885	422.997799999997
884	507851.222338643	5503967.38679302	423.526100000003
885	507516.697701945	5504085.93876721	399.509000000005
886	507908.882842097	5503937.41828295	424.728000000003
887	507556.800868622	5504138.87263887	392.221999999994
888	507788.130040969	5504156.11668626	409.077699999994
889	507682.723487275	5503830.04969952	422.387400000007
890	507639.70342188	5503900.25539417	421.336500000005
891	507947.569688497	5504069.59290374	422.674599999998
892	507568.385013503	5504082.87255649	402.129799999995
893	507839.986690007	5503892.71259356	427.925900000002
894	507386.560262499	5504008.48007027	395.000400000004
895	507927.44987558	5503894.86172853	425.346799999999
896	507843.523225924	5504006.56258663	424.1734
897	507453.702974191	5503933.53165244	409.586899999995
898	507981.393736769	5504051.29058514	421.465100000001
899	507396.005877937	5504046.9213538	378.736399999994
900	507610.890239917	5504043.29198886	408.457399999999
901	507940.879522317	5503749.73757271	420.597800000003
902	507684.281886565	5503798.98492383	419.2405
903	507721.347339201	5504031.4469381	410.248200000002
904	507627.119568375	5504160.46252766	386.7261
905	507705.937965525	5503821.71135055	422.861199999999
906	507920.802074978	5503990.11518228	424.903000000006
907	507624.684971154	5503926.64360298	420.996799999994
908	507444.456187354	5504022.55964632	398.553100000005
909	507501.741895944	5503968.19125535	410.706600000005
910	507363.284669683	5503995.67613849	378.846799999999
911	507513.148648429	5504027.8531178	403.595400000006
912	507752.82770303	5504066.23408668	415.421799999996
913	507539.780525454	5504114.22233154	396.781400000007
914	507904.853432987	5503705.73051372	419.7022
915	507692.924149386	5503862.60051095	422.867499999993
916	507588.698824294	5504165.79100111	380.459400000007
917	507954.435890783	5503915.99799742	423.625799999994
918	507807.987494647	5503850.6251741	425.792499999996
919	507438.521353894	5504079.08140065	384.387300000002
920	507555.662883157	5504118.76849308	396.342000000004
921	507901.005523183	5503897.03007212	425.991099999999
922	507351.963276926	5503999.66113995	376.601800000004
923	507420.707163023	5504051.59590328	382.300399999993
924	507785.95362336	5504045.18926981	420.884600000005
925	507922.923752052	5504084.08916868	423.143599999996
926	507640.030542429	5503927.00969071	421.3658
927	507777.667435858	5503972.57636908	420.226899999994
928	507902.771881531	5503722.66760817	421.358699999997
929	507838.61300381	5503800.77363898	425.649399999995
930	507716.296771424	5503881.01266881	423.382700000002
931	507781.210866231	5504123.34661365	412.619500000001
932	507594.509870273	5504138.08958875	387.296499999997
933	507710.213353635	5503914.36268351	425.426500000001
934	507770.001079705	5504106.20839076	413.573499999999
935	507936.656964362	5504033.95208056	422.829500000007
936	507470.662416956	5504054.48125011	393.954899999997
937	507883.210122823	5503958.31515556	424.021299999993
938	507389.251940202	5504040.45102189	379.330900000001
939	507851.420448007	5504089.67960609	419.967600000004
940	507642.425573709	5504352.0102349	389.824999999997
941	507662.880738679	5504272.48679744	399.012600000002
942	507614.499984894	5504378.87122566	383.088000000003
943	507749.485433942	5504283.38846345	405.369500000001
944	507620.104505691	5504257.29638673	388.958599999998
945	507953.076767085	5504221.31565237	417.473199999993
946	507606.31362533	5504354.27771654	382.6826
947	507880.595897952	5504244.67319112	416.593399999998
948	507630.118308568	5504302.59940626	386.2739
949	507697.156262357	5504327.66542948	397.941200000001
950	507587.838021071	5504232.05718597	389.385200000004
951	507819.914308885	5504274.50894053	409.820000000007
952	507601.206189279	5504287.41456698	380.726699999999
953	507590.209238713	5504347.04984548	378.536900000006
954	507606.529168553	5504331.10343838	381.8603
955	507712.44791567	5504247.78694025	403.999200000006
956	507557.890185324	5504234.78992324	383.365099999995
957	507601.360845948	5504386.59044668	379.313200000004
958	507596.026305114	5504269.11998035	381.267300000007
959	507973.677773628	5504178.9735767	418.671100000007
960	507908.825191356	5504205.68968818	418.767000000007
961	507741.976701784	5504328.38274964	401.993100000007
962	507925.585946036	5504261.00580303	415.351299999995
963	507782.077204319	5504240.26294592	406.973299999998
964	507784.305857839	5504310.96591641	405.543099999995
965	507678.451372763	5504363.00412925	394.460999999996
966	507660.801073298	5504324.76354413	392.914600000004
967	507650.458264497	5504233.03534399	395.976599999995
968	507836.359312045	5504228.92693578	410.437900000004
969	507992.389240135	5504241.40371385	417.3701
970	507863.665621629	5504284.8165495	412.587
971	507702.413476685	5504285.84589663	403.456399999996
972	507646.455663267	5504380.59328044	389.626900000003
973	507606.639924568	5504307.58035657	379.827000000005
974	507615.919207051	5504398.32232643	381.330199999997
975	507622.771857067	5504409.54394234	379.829800000007
976	507585.137423866	5504252.08544741	385.896099999998
977	507591.351033043	5504358.2298355	379.0245
978	507620.184085329	5504223.94983935	391.955900000001
979	507601.235693366	5504370.79166047	380.210999999996
980	507958.925616841	5504259.96842444	416.1538
981	507631.860119888	5504328.1902614	387.694000000003
982	507869.589886987	5504208.82155397	414.882500000007
983	507938.580253183	5504188.7143516	418.413499999995
984	507622.745268745	5504279.84158235	389.268599999996
985	507745.79671567	5504231.85992376	404.987699999998
986	507590.631106437	5504338.19415409	378.3315
987	507716.194422335	5504355.24799897	398.396699999997
988	507897.967416959	5504282.08260942	413.329599999997
989	507825.829858678	5504308.51564303	407.939899999998
990	507601.182565255	5504397.34813801	378.042499999996
991	507992.80949328	5504206.47077551	418.409599999999
992	507784.508125482	5504277.41616581	408.218299999993
993	507622.523012889	5504364.29910421	385.447700000004
994	507621.490477621	5504344.76436707	386.137700000007
995	507676.551111559	5504300.22894863	396.139200000005
996	507570.815662231	5504220.39685975	386.152900000001
997	507605.893399403	5504248.06763592	389.160799999998
998	507683.92494414	5504223.73373716	398.251900000003
999	507541.531574273	5504238.09639185	379.563800000004
1000	507595.512791846	5504390.47662433	377.577699999994
1001	507592.928071593	5504384.28638357	377.280599999998
1002	507723.226181352	5504311.1781595	401.555200000003
1003	507602.157423599	5504340.35818339	381.409299999999
1004	507593.342217566	5504206.78412858	384.211899999995
1005	507985.76126885	5504149.20521502	419.567599999995
1006	507924.599294127	5504229.70503718	416.726699999999
1007	507644.258504257	5504265.45374152	395.982199999999
1008	507843.778945943	5504265.98301906	411.174700000003
1009	507773.266932278	5504336.87610124	403.560299999997
1010	507646.680116903	5504282.70419847	395.400999999998
1011	507804.60561609	5504224.17238248	406.969100000002
1012	507568.222251624	5504249.23449974	383.727199999994
1013	507679.858222882	5504256.07826807	399.492100000003
1014	507618.005085697	5504318.03630615	383.126900000003
1015	507588.028276786	5504273.20053902	378.429399999994
1016	507660.384778268	5504349.76507445	392.687300000005
1017	507723.663117685	5504269.90791136	405.001699999994
1018	507585.737287633	5504344.79116568	377.511100000003
1019	507591.581147293	5504289.51811345	377.907900000006
1020	507597.242074735	5504327.7903273	378.932199999996
1021	507620.483482863	5504293.47392097	385.560599999997
1022	507548.276451899	5504247.32642723	380.806100000002
1023	507632.129308412	5504388.22505898	386.191099999996
1024	507759.064179279	5504307.23299041	404.5772
1025	507611.244851231	5504274.35986977	386.055900000007
1026	507987.947400781	5504263.37837242	416.8514
1027	507721.069267856	5504224.84350179	400.370299999995
1028	507583.168052163	5504263.94670721	381.528699999995
1029	507700.692080784	5504372.45944861	396.053199999995
1030	507652.176989924	5504307.86990079	390.937399999995
1031	507849.748132861	5504308.52079993	410.285099999994
1032	508009.587944783	5504254.66500998	417.549899999998
1033	507757.513367886	5504255.72403793	405.969200000007
1034	507843.668582905	5504204.92944285	412.155100000004
1035	507741.625720042	5504353.9355622	400.365900000004
1036	507805.849512077	5504250.57303586	409.196899999995
1037	507667.676915517	5504382.4794195	391.969400000002
1038	507887.460253118	5504188.41104036	419.538700000005
1039	507968.790404598	5504202.77830722	418.454800000007
1040	507597.443195301	5504298.09497907	378.267099999997
1041	507942.555487216	5504274.85011493	415.281300000002
1042	507956.17584974	5504160.87997492	418.846300000005
1043	507633.124191688	5504240.65404238	393.645499999999
1044	507678.355995691	5504338.35490823	395.622499999998
1045	507765.088023535	5504218.07722594	403.170299999998
1046	507590.618004438	5504366.4809336	378.2353
1047	507899.465319993	5504231.59371603	416.985799999995
1048	507803.862533368	5504337.27100849	405.6584
1049	507943.172345181	5504242.68371681	416.373000000007
1050	507572.475720954	5504235.08155785	387.267999999996
1051	507914.191645988	5504182.8757343	420.551500000001
1052	507650.28753127	5504363.95162017	390.392699999997
1053	507968.51897811	5504237.8932638	417.056800000006
1054	507595.654229117	5504279.89477665	380.4372
1055	507695.369453634	5504350.18643876	396.988400000002
1056	507718.056907186	5504329.26424476	400.073799999998
1057	507639.844027005	5504212.52805421	390.312999999995
1058	507596.602145087	5504352.0378293	380.405899999998
1059	507599.528631115	5504361.18976814	380.875599999999
1060	507610.553524521	5504364.52749981	383.056100000002
1061	507600.55004452	5504318.53636504	378.566999999995
1062	507997.182450569	5504183.58458208	419.165099999998
1063	507883.048102734	5504300.58590038	411.783500000005
1064	507901.273339603	5504257.61807749	414.278399999996
1065	507860.060487547	5504230.31925242	412.683799999999
1066	507585.549989936	5504354.27546511	377.665999999997
1067	507922.656832267	5504285.39018944	414.395199999999
1068	507804.401999989	5504294.31595468	407.852400000003
1069	507612.861496677	5504407.98439817	378.416200000007
1070	507615.228230749	5504416.0626681	377.348299999998
1071	507593.987096029	5504258.21976479	385.110400000005
1072	507606.644995798	5504263.1216035	384.880900000004
1073	507558.293037916	5504254.35797631	380.656799999997
1074	507934.055714433	5504210.59626885	418.459099999993
1075	507880.241904161	5504268.17442319	414.708299999998
1076	507838.052581308	5504288.87589782	409.451199999996
1077	507658.798869069	5504252.26415233	396.635800000004
1078	508006.772204032	5504219.51332755	418.169699999999
1079	507665.068875993	5504213.285066	393.601699999999
1080	507645.644133383	5504336.53823783	390.4084
1081	507557.084164343	5504221.79776751	381.013900000005
1082	507694.465845523	5504306.03226859	398.279699999999
1083	507684.136046086	5504274.1286156	401.588499999998
1084	507635.854446391	5504364.86995548	387.863899999997
1085	507678.857830849	5504317.94788297	395.255099999995
1086	507642.280070251	5504399.929409	385.929000000004
1087	507601.030580774	5504220.82239936	389.220499999996
1088	507596.271872878	5504308.20094014	377.660000000003
1089	507573.666959025	5504261.58030629	381.620599999995
1090	507605.601859901	5504378.78717484	380.801699999996
1091	507972.369348207	5504273.32612381	416.178400000004
1092	507733.797247303	5504249.30489838	405.775500000003
1093	507626.621632022	5504375.63814001	385.803
1094	507740.13206193	5504302.03027098	403.623099999997
1095	507820.837831614	5504209.90987521	409.232999999993
1096	507701.7832683	5504264.55016186	403.872399999993
1097	507610.815018466	5504344.58471027	383.774000000005
1098	507980.392847873	5504221.56250671	417.858099999998
1099	507596.892159428	5504400.29143397	377.048500000004
1100	507607.951307614	5504392.59433085	380.5245
1101	507620.09684389	5504333.46013203	385.458700000003
1102	507607.134592737	5504401.09017421	378.9139
1103	507616.475691761	5504354.3395016	384.852499999994
1104	507582.535497185	5504346.33313521	377.036900000006
1105	507986.355013867	5504131.66430215	420.038
1106	507644.584423598	5504320.58184169	389.411800000002
1107	507762.51947841	5504350.14481486	402.188500000004
1108	507618.332351683	5504242.49601105	391.740399999995
1109	507933.838890629	5504168.90723139	418.618499999997
1110	507741.872579182	5504212.38230807	398.508199999997
1111	507785.280604349	5504214.22806642	404.3364
1112	507723.533014119	5504291.38804765	403.455199999997
1113	507546.836426458	5504229.90400602	379.977700000003
1114	507576.102667733	5504207.06740816	383.210600000006
1115	507861.790719601	5504190.10780744	415.098400000003
1116	507828.223148895	5504249.99482341	410.512400000007
1117	507823.143510751	5504329.46047587	407.008900000001
1118	507585.496545484	5504359.90704684	377.668300000005
1119	507889.220771268	5504211.89161914	419.020099999994
1120	507614.791929556	5504207.91218136	385.400899999993
1121	507670.702496044	5504238.50800105	397.861900000004
1122	507591.145076764	5504390.8216499	376.792499999996
1123	507585.810291041	5504349.41136565	377.618700000006
1124	507660.043981416	5504293.44483172	395.013000000006
1125	507776.380618423	5504294.29201192	406.433300000004
1126	507587.991590978	5504331.37044127	377.401700000002
1127	507685.159521249	5504383.13358873	393.737399999998
1128	507702.130176727	5504213.77218188	395.399799999999
1129	507995.25202944	5504163.61752941	419.327999999994
1130	507955.997093128	5504189.89698859	418.506899999993
1131	507864.239064708	5504255.29374252	413.585099999997
1132	507585.384816814	5504339.5402146	377.326100000006
1133	507627.702405744	5504398.27718006	383.669999999998
1134	507593.850210119	5504244.33968833	388.383499999996
1135	507591.240446216	5504296.09060105	377.407200000001
1136	507722.292240403	5504371.24409376	397.9182
1137	507618.341068786	5504305.83907479	383.092399999994
1138	507657.5558225	5504394.61068228	389.268700000001
1139	507907.59385528	5504298.4523653	413.180699999997
1140	507580.570305803	5504244.33685711	386.75
1141	507970.550208964	5504144.21459797	419.6446
1142	507917.447142978	5504244.60595685	415.521500000003
1143	507999.145435588	5504120.14454793	420.203399999999
1144	507630.440528353	5504315.29492056	386.155700000003
1145	507631.959924713	5504341.19188068	388.154999999999
1146	508018.063082078	5504238.61116606	417.690799999997
1147	507594.952320729	5504342.76656507	379.642200000002
1148	507950.458756829	5504203.5418893	418.306599999996
1149	507868.064271444	5504310.39276996	410.984200000006
1150	507590.978641001	5504352.61414451	378.919399999999
1151	507801.450047639	5504269.2264353	409.5962
1152	507628.600563238	5504267.21350691	391.709499999997
1153	507596.469015506	5504335.25650353	379.654999999999
1154	507766.124161114	5504272.76316199	406.517999999996
1155	507610.889037294	5504284.38395649	384.749899999995
1156	507609.838678578	5504384.89299231	381.665900000007
1157	507608.309325115	5504296.16628831	381.329299999998
1158	507804.589485137	5504317.99478497	406.330900000001
1159	507538.663185234	5504245.20756381	379.187699999995
1160	507762.732328785	5504236.83906227	406.029399999999
1161	507559.422342645	5504244.55137801	383.280400000003
1162	507617.429536222	5504370.74062899	384.108500000002
1163	507878.631210095	5504226.093371	417.542799999996
1164	507976.074202404	5504252.89495301	416.732699999993
1165	507742.293099046	5504265.7070752	405.406499999997
1166	507665.816696661	5504310.64219879	393.598499999993
1167	508026.508829703	5504258.88936714	417.711800000005
1168	507943.331303367	5504259.5924633	415.821500000005
1169	507633.333622927	5504254.23184808	392.558099999995
1170	507594.308877137	5504375.07649045	378.069600000003
1171	507633.240337347	5504288.9959714	390.531300000002
1172	507609.864119782	5504372.74363796	382.205000000002
1173	507840.084793791	5504324.12658377	409.098899999997
1174	508007.847616986	5504197.15274377	418.854500000001
1175	507923.657859739	5504196.84118917	417.826100000006
1176	507982.556154316	5504193.20051472	418.722500000004
1177	507695.988041661	5504238.46754172	401.135899999994
1178	507588.903249756	5504280.23324444	378.108200000002
1179	507783.831693485	5504345.80260598	403.8799
1180	507595.58382344	5504396.01135894	377.176000000007
1181	507911.870883716	5504271.52416984	414.434299999994
1182	507635.634666991	5504276.92550889	393.819600000003
1183	507628.454854514	5504353.57917399	387.087
1184	507975.460660469	5504160.20886935	419.050600000002
1185	507600.727390518	5504392.09183617	378.654800000004
1186	507619.237503474	5504388.11732204	383.5815
1187	507822.049687213	5504291.55410902	408.638099999997
1188	507762.650924098	5504324.93293409	403.383799999996
1189	507583.600811721	5504220.36825661	388.438399999999
1190	507605.859496421	5504234.82028557	391.055399999997
1191	507958.158074946	5504281.71452845	415.451300000001
1192	507674.079622178	5504285.98644177	399.369300000006
1193	507782.920403086	5504260.99429714	407.882500000007
1194	507899.29134464	5504173.61649104	421.068400000004
1195	507999.543945037	5504141.89662861	419.664199999999
1196	507564.566433214	5504228.01652708	384.959799999997
1197	507599.111297894	5504379.52139834	378.903300000005
1198	507601.155779818	5504402.76485182	377.472200000004
1199	507846.95210256	5504245.25490524	411.552800000005
1200	507564.863705465	5504210.3424004	380.358600000007
1201	507591.70205214	5504323.34383279	377.369200000001
1202	507949.504875185	5504175.88353495	418.457299999995
1203	507582.07214064	5504274.68373183	377.321800000005
1204	507818.67433215	5504235.57408098	408.754199999996
1205	507708.703312779	5504340.71185537	398.916500000007
1206	507589.382954067	5504342.46838899	378.202000000005
1207	507686.786233144	5504289.64301547	400.645099999994
1208	507726.204720168	5504342.6330783	400.115600000005
1209	507617.868036941	5504268.36658985	388.335900000005
1210	507635.592574076	5504227.09503918	394.294500000004
1211	507708.341501364	5504314.84637309	399.728799999997
1212	507582.732420326	5504342.9111031	377.012400000007
1213	507602.447630452	5504347.53222396	381.747399999993
1214	508001.836921697	5504266.64455196	417.209799999997
1215	507550.16032036	5504238.49631489	381.642800000001
1216	507602.595884549	5504275.36792828	383.301000000007
1217	507644.536581594	5504248.21293436	394.290599999993
1218	507662.851822713	5504368.51512464	392.335200000001
1219	507785.783512498	5504327.99881503	404.7788
1220	507685.883544992	5504207.4973048	392.8753
1221	507709.940662836	5504301.35346738	401.416800000006
1222	507590.302432523	5504266.12174784	381.254400000005
1223	507938.726030206	5504226.0751688	417.249100000001
1224	507881.230761371	5504283.91487062	413.228400000007
1225	507577.048610916	5504253.74011039	384.398199999996
1226	507640.440532995	5504309.83927327	388.231100000005
1227	507643.783377858	5504297.57559699	390.451000000001
1228	507592.32517841	5504394.01792663	376.756699999998
1229	507632.463945789	5504406.24417451	382.680800000002
1230	507996.098143335	5503618.02636467	415.485499999995
1231	508035.611177884	5503569.98465523	413.791100000002
1232	508063.959528752	5503522.16540167	412.052299999996
1233	508021.164491449	5503659.3383121	414.896500000003
1234	507962.09673558	5503633.36164856	416.128500000006
1235	508087.643006514	5503487.90249462	412.060200000007
1236	508037.560461521	5503613.28437325	414.236900000004
1237	508104.915705257	5503455.07665047	412.141300000003
1238	507996.195411233	5503580.58574898	414.995999999999
1239	507988.327098205	5503653.53507707	416.294699999999
1240	507968.214826538	5503600.44708764	415.702399999995
1241	508120.209708454	5503424.49355571	412.358600000007
1242	508028.516875977	5503535.96122393	413.907800000001
1243	508066.466617378	5503560.78175611	412.390299999999
1244	507931.15931634	5503634.39030574	416.312999999995
1245	508138.367203404	5503391.15586638	413.029999999999
1246	508030.842064165	5503684.45760303	413.426500000001
1247	508058.068427824	5503595.5739404	413.159400000004
1248	508054.701519411	5503496.28874013	412.980100000001
1249	508041.700965953	5503639.14491938	414.480599999995
1250	508088.889257961	5503516.61230971	411.125899999999
1251	508004.529480438	5503555.1580813	414.611099999995
1252	508015.254113617	5503599.78412876	414.781400000007
1253	507952.802500624	5503612.56240738	415.864400000006
1254	508022.036446042	5503632.94361262	415.198199999999
1255	507954.828778047	5503652.26358903	416.431299999997
1256	508111.45160126	5503483.55182878	411.047999999995
1257	508081.57694504	5503463.65365021	412.886700000003
1258	508000.824286815	5503671.04762391	416.001199999999
1259	508036.383429287	5503512.13694304	413.251399999994
1260	508085.510251516	5503539.22227584	411.133199999997
1261	508048.334535402	5503665.0620413	412.959400000007
1262	507971.036706207	5503661.79725592	416.770999999993
1263	508118.926907107	5503400.91058896	413.987500000003
1264	507972.871409631	5503580.12475871	415.368700000006
1265	508099.685607982	5503433.34550344	413.2258
1266	508046.548123075	5503550.56013897	413.328699999998
1267	507936.824652548	5503649.53010597	416.787100000001
1268	508125.656156506	5503443.44125117	411.5092
1269	508137.93261673	5503410.09974527	412.313200000004
1270	508063.122590759	5503619.12225053	413.426399999997
1271	507919.807162165	5503644.11477498	416.560200000007
1272	507981.832731634	5503633.7268517	415.902100000007
1273	508065.291820534	5503477.56663513	412.888200000001
1274	508036.036555529	5503588.58268892	414.126399999994
1275	508037.777842272	5503703.41691811	412.519199999995
1276	508105.457574796	5503506.07398583	410.621899999998
1277	507986.654472283	5503599.59607377	415.384999999995
1278	507984.237092266	5503561.77909779	414.804900000003
1279	507904.047649271	5503639.64930864	415.9571
1280	508004.105030248	5503638.60963295	415.652600000001
1281	508018.688480568	5503574.73286832	414.523000000001
1282	508073.502004571	5503503.21984027	412.498000000007
1283	508077.275606881	5503577.97310018	411.794500000004
1284	508119.597532453	5503465.28119164	411.141799999998
1285	507973.666957193	5503616.9500575	415.751300000004
1286	508139.255567665	5503370.75760475	414.135999999999
1287	507984.440198246	5503672.25639137	416.763900000005
1288	508086.346196826	5503445.93929803	413.140899999999
1289	508053.372150209	5503573.41635747	413.127699999997
1290	508104.217546685	5503415.64681799	414.125
1291	508011.64157966	5503686.33690344	415.0481
1292	508009.630707182	5503534.97792177	414.091400000005
1293	507955.088272321	5503590.8895928	415.005099999995
1294	508024.504144708	5503554.30190672	414.181100000002
1295	508155.404169527	5503380.87966483	412.755900000004
1296	508047.446668428	5503687.69301229	411.970499999996
1297	507971.609493396	5503646.51393404	416.361799999999
1298	507945.194554237	5503633.31312609	416.057000000001
1299	508020.154029302	5503519.98897832	414.022500000006
1300	508004.18929177	5503655.79282597	415.614499999996
1301	508085.203809696	5503558.54607085	411.075700000001
1302	508101.448193377	5503527.98279059	409.997499999998
1303	508045.86023564	5503529.70312146	413.3321
1304	508014.617152211	5503617.72465651	415.055399999998
1305	508125.293728226	5503381.00467206	416.141699999993
1306	508066.097679195	5503543.30662134	412.414999999994
1307	508137.372546162	5503428.42729314	411.453200000004
1308	507919.527933457	5503622.72557691	415.980500000005
1309	508152.921436085	5503399.62961789	411.637400000007
1310	508101.036958105	5503471.09316315	411.864100000006
1311	508075.878277	5503599.10130317	412.119399999996
1312	508061.691217016	5503643.68930533	412.834400000007
1313	508022.324877219	5503698.06268492	414.089900000006
1314	507933.76847077	5503616.53428603	415.954100000003
