600 7.66666666666667e-08
900 1.26666666666667e-07
1200 1.53333333333333e-07
1500 1.76666666666667e-07
1800 1.53333333333333e-07
2100 1.53333333333333e-07
2400 1.26666666666667e-07
2700 1e-07
3000 1e-07
3300 1e-07
3600 1e-07
3900 1e-07
4200 1e-07
4500 1e-07
4800 1.26666666666667e-07
5100 1.26666666666667e-07
5400 1e-07
5700 1e-07
6000 7.66666666666667e-08
6300 7.66666666666667e-08
6600 7.66666666666667e-08
6900 1.76666666666667e-07
7200 2.76666666666667e-07
7500 4.3e-07
7800 5.56666666666667e-07
8100 5.83333333333333e-07
8400 5.83333333333333e-07
8700 5.56666666666667e-07
9000 7.33333333333333e-07
9300 1.16333333333333e-06
9600 2.32666666666667e-06
9900 4.63e-06
10200 1.44466666666667e-05
10500 2.583e-05
10800 3.661e-05
11100 4.52866666666667e-05
11400 3.56966666666667e-05
11700 2.23133333333333e-05
12000 1.389e-05
12300 6.85666666666667e-06
12600 4.25e-06
12900 2.78333333333333e-06
13200 2.30333333333333e-06
13500 2.32666666666667e-06
13800 2.25333333333333e-06
14100 2.05e-06
14400 1.82e-06
14700 1.54333333333333e-06
15000 1.21333333333333e-06
15300 8.6e-07
15600 9.6e-07
15900 1.54333333333333e-06
16200 1.74666666666667e-06
16500 1.46666666666667e-06
16800 1.19e-06
17100 8.6e-07
17400 5.83333333333333e-07
17700 6.06666666666667e-07
18000 6.33333333333333e-07
18300 6.06666666666667e-07
18600 6.06666666666667e-07
18900 6.33333333333333e-07
19200 6.83333333333333e-07
19500 7.6e-07
19800 7.6e-07
20100 7.33333333333333e-07
20400 6.56666666666667e-07
20700 5.06666666666667e-07
21000 3.53333333333333e-07
21300 2.26666666666667e-07
