  

     0.000000000000E+000     0.400000000000E+001     0.600000000000E+000    -0.387919591273E-013    -0.316760384743E+003     0.316760384743E-004
     0.100000000000E-006     0.400000000000E+001     0.600000000000E+000    -0.383571161186E-013    -0.313209622115E+003     0.629970006859E-004
     0.206000000000E-006     0.400000000000E+001     0.600000000000E+000    -0.379000434934E-013    -0.309477340894E+003     0.958015988206E-004
     0.318360000000E-006     0.400000000000E+001     0.600000000000E+000    -0.374199580233E-013    -0.305557145533E+003     0.130133999693E-003
     0.437461600000E-006     0.400000000000E+001     0.600000000000E+000    -0.369161117031E-013    -0.301442928106E+003     0.166036334739E-003
     0.563709296000E-006     0.400000000000E+001     0.600000000000E+000    -0.363878065351E-013    -0.297128989031E+003     0.203548185019E-003
     0.697531853760E-006     0.400000000000E+001     0.600000000000E+000    -0.358344121005E-013    -0.292610180547E+003     0.242706027806E-003
     0.839383764986E-006     0.400000000000E+001     0.600000000000E+000    -0.352553863065E-013    -0.287882076130E+003     0.283542650513E-003
     0.989746790885E-006     0.400000000000E+001     0.600000000000E+000    -0.346502997162E-013    -0.282941169163E+003     0.326086540860E-003
     0.114913159834E-005     0.400000000000E+001     0.600000000000E+000    -0.340188638597E-013    -0.277785104108E+003     0.370361266191E-003
     0.131807949424E-005     0.400000000000E+001     0.600000000000E+000    -0.333609638887E-013    -0.272412943160E+003     0.416384859754E-003
     0.149716426389E-005     0.400000000000E+001     0.600000000000E+000    -0.326766958472E-013    -0.266825470576E+003     0.464169237690E-003
     0.168699411973E-005     0.400000000000E+001     0.600000000000E+000    -0.319664086686E-013    -0.261025535614E+003     0.513719677485E-003
     0.188821376691E-005     0.400000000000E+001     0.600000000000E+000    -0.312307507394E-013    -0.255018432753E+003     0.565034396548E-003
     0.210150659292E-005     0.400000000000E+001     0.600000000000E+000    -0.304707204651E-013    -0.248812314590E+003     0.618104278274E-003
     0.232759698850E-005     0.400000000000E+001     0.600000000000E+000    -0.296877196670E-013    -0.242418627866E+003     0.672912801744E-003
     0.256725280781E-005     0.400000000000E+001     0.600000000000E+000    -0.288836078156E-013    -0.235852556310E+003     0.729436239362E-003
     0.282128797628E-005     0.400000000000E+001     0.600000000000E+000    -0.280607539911E-013    -0.229133444930E+003     0.787644192647E-003
     0.309056525485E-005     0.400000000000E+001     0.600000000000E+000    -0.272220820710E-013    -0.222285168997E+003     0.847500538022E-003
     0.337599917015E-005     0.400000000000E+001     0.600000000000E+000    -0.263711029955E-013    -0.215336397514E+003     0.908964849069E-003
     0.367855912035E-005     0.400000000000E+001     0.600000000000E+000    -0.255119261961E-013    -0.208320686535E+003     0.971994345615E-003
     0.399927266758E-005     0.400000000000E+001     0.600000000000E+000    -0.246492406626E-013    -0.201276324568E+003     0.103654638964E-002
     0.433922902763E-005     0.400000000000E+001     0.600000000000E+000    -0.237882551551E-013    -0.194245844367E+003     0.110258149985E-002
     0.469958276929E-005     0.400000000000E+001     0.600000000000E+000    -0.229345874143E-013    -0.187275118265E+003     0.117006678943E-002
     0.508155773545E-005     0.400000000000E+001     0.600000000000E+000    -0.220940947715E-013    -0.180411975003E+003     0.123897964748E-002
