  

     0.000000000000E+000     0.400000000000E+001     0.600000000000E+000    -0.244952569514E-012    -0.200018952146E+004     0.200018952146E-003
     0.100000000000E-006     0.400000000000E+001     0.600000000000E+000    -0.244720932445E-012    -0.199829806125E+004     0.399848758271E-003
     0.206000000000E-006     0.400000000000E+001     0.600000000000E+000    -0.244475761699E-012    -0.199629609018E+004     0.611456143829E-003
     0.318360000000E-006     0.400000000000E+001     0.600000000000E+000    -0.244216289499E-012    -0.199417733888E+004     0.835521909626E-003
     0.437461600000E-006     0.400000000000E+001     0.600000000000E+000    -0.243941707317E-012    -0.199193520521E+004     0.107276457966E-002
     0.563709296000E-006     0.400000000000E+001     0.600000000000E+000    -0.243651164054E-012    -0.198956273942E+004     0.132394229156E-002
     0.697531853760E-006     0.400000000000E+001     0.600000000000E+000    -0.243343764182E-012    -0.198705262898E+004     0.158985475678E-002
     0.839383764986E-006     0.400000000000E+001     0.600000000000E+000    -0.243018565864E-012    -0.198439718319E+004     0.187134528984E-002
     0.989746790885E-006     0.400000000000E+001     0.600000000000E+000    -0.242674579035E-012    -0.198158831757E+004     0.216930290536E-002
     0.114913159834E-005     0.400000000000E+001     0.600000000000E+000    -0.242310763478E-012    -0.197861753811E+004     0.248466448070E-002
     0.131807949424E-005     0.400000000000E+001     0.600000000000E+000    -0.241926026888E-012    -0.197547592544E+004     0.281841698170E-002
     0.149716426389E-005     0.400000000000E+001     0.600000000000E+000    -0.241519222936E-012    -0.197215411908E+004     0.317159974784E-002
     0.168699411973E-005     0.400000000000E+001     0.600000000000E+000    -0.241089149352E-012    -0.196864230176E+004     0.354530683217E-002
     0.188821376691E-005     0.400000000000E+001     0.600000000000E+000    -0.240634546037E-012    -0.196493018399E+004     0.394068939053E-002
     0.210150659292E-005     0.400000000000E+001     0.600000000000E+000    -0.240154093224E-012    -0.196100698905E+004     0.435895811306E-002
     0.232759698850E-005     0.400000000000E+001     0.600000000000E+000    -0.239646409695E-012    -0.195686143843E+004     0.480138568976E-002
     0.256725280781E-005     0.400000000000E+001     0.600000000000E+000    -0.239110051089E-012    -0.195248173804E+004     0.526930930038E-002
     0.282128797628E-005     0.400000000000E+001     0.600000000000E+000    -0.238543508317E-012    -0.194785556524E+004     0.576413311705E-002
     0.309056525485E-005     0.400000000000E+001     0.600000000000E+000    -0.237945206109E-012    -0.194297005695E+004     0.628733080634E-002
     0.337599917015E-005     0.400000000000E+001     0.600000000000E+000    -0.237313501718E-012    -0.193781179915E+004     0.684044801527E-002
     0.367855912035E-005     0.400000000000E+001     0.600000000000E+000    -0.236646683823E-012    -0.193236681783E+004     0.742510482346E-002
     0.399927266758E-005     0.400000000000E+001     0.600000000000E+000    -0.235942971648E-012    -0.192662057185E+004     0.804299814120E-002
     0.433922902763E-005     0.400000000000E+001     0.600000000000E+000    -0.235200514349E-012    -0.192055794792E+004     0.869590403045E-002
     0.469958276929E-005     0.400000000000E+001     0.600000000000E+000    -0.234417390698E-012    -0.191416325802E+004     0.938567992262E-002
     0.508155773545E-005     0.400000000000E+001     0.600000000000E+000    -0.233591609101E-012    -0.190742023957E+004     0.101142667041E-001
