  

     0.000000000000E+000     0.400000000000E+001     0.600000000000E+000    -0.466536878499E-015    -0.380956271493E+001     0.380956271493E-006
     0.100000000000E-006     0.400000000000E+001     0.600000000000E+000    -0.466536878498E-015    -0.380956271492E+001     0.761912542985E-006
     0.206000000000E-006     0.400000000000E+001     0.600000000000E+000    -0.466536878497E-015    -0.380956271491E+001     0.116572619077E-005
     0.318360000000E-006     0.400000000000E+001     0.600000000000E+000    -0.466536878496E-015    -0.380956271490E+001     0.159376865741E-005
     0.437461600000E-006     0.400000000000E+001     0.600000000000E+000    -0.466536878495E-015    -0.380956271489E+001     0.204749367206E-005
     0.563709296000E-006     0.400000000000E+001     0.600000000000E+000    -0.466536878494E-015    -0.380956271488E+001     0.252844218758E-005
     0.697531853760E-006     0.400000000000E+001     0.600000000000E+000    -0.466536878492E-015    -0.380956271487E+001     0.303824761403E-005
     0.839383764986E-006     0.400000000000E+001     0.600000000000E+000    -0.466536878491E-015    -0.380956271486E+001     0.357864136607E-005
     0.989746790885E-006     0.400000000000E+001     0.600000000000E+000    -0.466536878490E-015    -0.380956271485E+001     0.415145874322E-005
     0.114913159834E-005     0.400000000000E+001     0.600000000000E+000    -0.466536878488E-015    -0.380956271484E+001     0.475864516301E-005
     0.131807949424E-005     0.400000000000E+001     0.600000000000E+000    -0.466536878486E-015    -0.380956271483E+001     0.540226276798E-005
     0.149716426389E-005     0.400000000000E+001     0.600000000000E+000    -0.466536878485E-015    -0.380956271481E+001     0.608449742925E-005
     0.168699411973E-005     0.400000000000E+001     0.600000000000E+000    -0.466536878483E-015    -0.380956271480E+001     0.680766617019E-005
     0.188821376691E-005     0.400000000000E+001     0.600000000000E+000    -0.466536878481E-015    -0.380956271478E+001     0.757422503558E-005
     0.210150659292E-005     0.400000000000E+001     0.600000000000E+000    -0.466536878479E-015    -0.380956271477E+001     0.838677743289E-005
     0.232759698850E-005     0.400000000000E+001     0.600000000000E+000    -0.466536878477E-015    -0.380956271475E+001     0.924808297404E-005
     0.256725280781E-005     0.400000000000E+001     0.600000000000E+000    -0.466536878475E-015    -0.380956271473E+001     0.101610668477E-004
     0.282128797628E-005     0.400000000000E+001     0.600000000000E+000    -0.466536878473E-015    -0.380956271471E+001     0.111288297537E-004
     0.309056525485E-005     0.400000000000E+001     0.600000000000E+000    -0.466536878470E-015    -0.380956271469E+001     0.121546584341E-004
     0.337599917015E-005     0.400000000000E+001     0.600000000000E+000    -0.466536878467E-015    -0.380956271467E+001     0.132420368353E-004
     0.367855912035E-005     0.400000000000E+001     0.600000000000E+000    -0.466536878465E-015    -0.380956271465E+001     0.143946579405E-004
     0.399927266758E-005     0.400000000000E+001     0.600000000000E+000    -0.466536878462E-015    -0.380956271462E+001     0.156164363121E-004
     0.433922902763E-005     0.400000000000E+001     0.600000000000E+000    -0.466536878458E-015    -0.380956271460E+001     0.169115213859E-004
     0.469958276929E-005     0.400000000000E+001     0.600000000000E+000    -0.466536878455E-015    -0.380956271457E+001     0.182843115642E-004
     0.508155773545E-005     0.400000000000E+001     0.600000000000E+000    -0.466536878452E-015    -0.380956271454E+001     0.197394691532E-004
