  

     0.000000000000E+000     0.400000000000E+001     0.600000000000E+000    -0.739711529118E-012    -0.604020301717E+004     0.604020301717E-003
     0.100000000000E-006     0.400000000000E+001     0.600000000000E+000    -0.426360343714E-012    -0.348149641195E+004     0.952169942912E-003
     0.206000000000E-006     0.400000000000E+001     0.600000000000E+000    -0.277399364516E-012    -0.226513770917E+004     0.119227454008E-002
     0.318360000000E-006     0.400000000000E+001     0.600000000000E+000    -0.207194923644E-012    -0.169187494540E+004     0.138237360895E-002
     0.437461600000E-006     0.400000000000E+001     0.600000000000E+000    -0.169232917237E-012    -0.138189163892E+004     0.154695911417E-002
     0.563709296000E-006     0.400000000000E+001     0.600000000000E+000    -0.145115072994E-012    -0.118495449541E+004     0.169655688908E-002
     0.697531853760E-006     0.400000000000E+001     0.600000000000E+000    -0.127981034127E-012    -0.104504445050E+004     0.183640741042E-002
     0.839383764986E-006     0.400000000000E+001     0.600000000000E+000    -0.114935510258E-012    -0.938519664100E+003     0.196953821850E-002
     0.989746790885E-006     0.400000000000E+001     0.600000000000E+000    -0.104552153431E-012    -0.853733121289E+003     0.209790811392E-002
     0.114913159834E-005     0.400000000000E+001     0.600000000000E+000    -0.960343247736E-013    -0.784179772000E+003     0.222289445589E-002
     0.131807949424E-005     0.400000000000E+001     0.600000000000E+000    -0.888900480610E-013    -0.725842325500E+003     0.234552398954E-002
     0.149716426389E-005     0.400000000000E+001     0.600000000000E+000    -0.827910931853E-013    -0.676040579561E+003     0.246659256101E-002
     0.168699411973E-005     0.400000000000E+001     0.600000000000E+000    -0.775067745747E-013    -0.632890843537E+003     0.258673413860E-002
     0.188821376691E-005     0.400000000000E+001     0.600000000000E+000    -0.728696218788E-013    -0.595025618240E+003     0.270646498356E-002
     0.210150659292E-005     0.400000000000E+001     0.600000000000E+000    -0.687553053455E-013    -0.561429674200E+003     0.282621390538E-002
     0.232759698850E-005     0.400000000000E+001     0.600000000000E+000    -0.650696606858E-013    -0.531334101645E+003     0.294634344261E-002
     0.256725280781E-005     0.400000000000E+001     0.600000000000E+000    -0.617394647468E-013    -0.504140988159E+003     0.306716376417E-002
     0.282128797628E-005     0.400000000000E+001     0.600000000000E+000    -0.587116130074E-013    -0.479416702418E+003     0.318895246694E-002
     0.309056525485E-005     0.400000000000E+001     0.600000000000E+000    -0.559536426219E-013    -0.456896165170E+003     0.331198422289E-002
     0.337599917015E-005     0.400000000000E+001     0.600000000000E+000    -0.534168791838E-013    -0.436181919725E+003     0.343648533601E-002
     0.367855912035E-005     0.400000000000E+001     0.600000000000E+000    -0.510712780007E-013    -0.417028632551E+003     0.356266149831E-002
     0.399927266758E-005     0.400000000000E+001     0.600000000000E+000    -0.488928634706E-013    -0.399240528000E+003     0.369070334424E-002
     0.433922902763E-005     0.400000000000E+001     0.600000000000E+000    -0.468618960093E-013    -0.382656420136E+003     0.382078982798E-002
     0.469958276929E-005     0.400000000000E+001     0.600000000000E+000    -0.449619173046E-013    -0.367141916640E+003     0.395309079136E-002
     0.508155773545E-005     0.400000000000E+001     0.600000000000E+000    -0.431790716223E-013    -0.352583876856E+003     0.408776900579E-002
