  

     0.000000000000E+000     0.400000000000E+001     0.600000000000E+000    -0.185673515333E-013    -0.151613931023E+003     0.151613931023E-004
     0.100000000000E-006     0.400000000000E+001     0.600000000000E+000    -0.185665840378E-013    -0.151607663947E+003     0.303221594970E-004
     0.206000000000E-006     0.400000000000E+001     0.600000000000E+000    -0.185657704553E-013    -0.151601020541E+003     0.463918676743E-004
     0.318360000000E-006     0.400000000000E+001     0.600000000000E+000    -0.185649080160E-013    -0.151593978190E+003     0.634249670637E-004
     0.437461600000E-006     0.400000000000E+001     0.600000000000E+000    -0.185639937833E-013    -0.151586512913E+003     0.814791632901E-004
     0.563709296000E-006     0.400000000000E+001     0.600000000000E+000    -0.185630246437E-013    -0.151578599288E+003     0.100615612213E-003
     0.697531853760E-006     0.400000000000E+001     0.600000000000E+000    -0.185619972965E-013    -0.151570210361E+003     0.120899125444E-003
     0.839383764986E-006     0.400000000000E+001     0.600000000000E+000    -0.185609082417E-013    -0.151561317554E+003     0.142398388007E-003
     0.989746790885E-006     0.400000000000E+001     0.600000000000E+000    -0.185597537686E-013    -0.151551890566E+003     0.165186188853E-003
     0.114913159834E-005     0.400000000000E+001     0.600000000000E+000    -0.185585299431E-013    -0.151541897272E+003     0.189339664971E-003
     0.131807949424E-005     0.400000000000E+001     0.600000000000E+000    -0.185572325935E-013    -0.151531303608E+003     0.214940559878E-003
     0.149716426389E-005     0.400000000000E+001     0.600000000000E+000    -0.185558572967E-013    -0.151520073458E+003     0.242075497332E-003
     0.168699411973E-005     0.400000000000E+001     0.600000000000E+000    -0.185543993628E-013    -0.151508168524E+003     0.270836271120E-003
     0.188821376691E-005     0.400000000000E+001     0.600000000000E+000    -0.185528538188E-013    -0.151495548200E+003     0.301320151879E-003
     0.210150659292E-005     0.400000000000E+001     0.600000000000E+000    -0.185512153917E-013    -0.151482169427E+003     0.333630211887E-003
     0.232759698850E-005     0.400000000000E+001     0.600000000000E+000    -0.185494784899E-013    -0.151467986548E+003     0.367875668882E-003
     0.256725280781E-005     0.400000000000E+001     0.600000000000E+000    -0.185476371840E-013    -0.151452951144E+003     0.404172249976E-003
     0.282128797628E-005     0.400000000000E+001     0.600000000000E+000    -0.185456851865E-013    -0.151437011875E+003     0.442642576800E-003
     0.309056525485E-005     0.400000000000E+001     0.600000000000E+000    -0.185436158295E-013    -0.151420114292E+003     0.483416573098E-003
     0.337599917015E-005     0.400000000000E+001     0.600000000000E+000    -0.185414220420E-013    -0.151402200658E+003     0.526631896015E-003
     0.367855912035E-005     0.400000000000E+001     0.600000000000E+000    -0.185390963249E-013    -0.151383209737E+003     0.572434392416E-003
     0.399927266758E-005     0.400000000000E+001     0.600000000000E+000    -0.185366307254E-013    -0.151363076589E+003     0.620978581627E-003
     0.433922902763E-005     0.400000000000E+001     0.600000000000E+000    -0.185340168086E-013    -0.151341732339E+003     0.672428166077E-003
     0.469958276929E-005     0.400000000000E+001     0.600000000000E+000    -0.185312456287E-013    -0.151319103937E+003     0.726956571366E-003
     0.508155773545E-005     0.400000000000E+001     0.600000000000E+000    -0.185283076971E-013    -0.151295113905E+003     0.784747517379E-003
