  

     0.000000000000E+000     0.400000000000E+001     0.600000000000E+000    -0.294439867098E-014    -0.240428397235E+002     0.240428397235E-005
     0.100000000000E-006     0.400000000000E+001     0.600000000000E+000    -0.294409414391E-014    -0.240403530713E+002     0.480831927947E-005
     0.206000000000E-006     0.400000000000E+001     0.600000000000E+000    -0.294377135724E-014    -0.240377173181E+002     0.735631731519E-005
     0.318360000000E-006     0.400000000000E+001     0.600000000000E+000    -0.294342921689E-014    -0.240349235301E+002     0.100568813230E-004
     0.437461600000E-006     0.400000000000E+001     0.600000000000E+000    -0.294306656331E-014    -0.240319622389E+002     0.129191264768E-004
     0.563709296000E-006     0.400000000000E+001     0.600000000000E+000    -0.294268216759E-014    -0.240288234096E+002     0.159527100699E-004
     0.697531853760E-006     0.400000000000E+001     0.600000000000E+000    -0.294227472732E-014    -0.240254964074E+002     0.191678634506E-004
     0.839383764986E-006     0.400000000000E+001     0.600000000000E+000    -0.294184286222E-014    -0.240219699612E+002     0.225754258010E-004
     0.989746790885E-006     0.400000000000E+001     0.600000000000E+000    -0.294138510948E-014    -0.240182321264E+002     0.261868798602E-004
     0.114913159834E-005     0.400000000000E+001     0.600000000000E+000    -0.294089991884E-014    -0.240142702441E+002     0.300143896992E-004
     0.131807949424E-005     0.400000000000E+001     0.600000000000E+000    -0.294038564742E-014    -0.240100708993E+002     0.340708406581E-004
     0.149716426389E-005     0.400000000000E+001     0.600000000000E+000    -0.293984055419E-014    -0.240056198753E+002     0.383698815639E-004
     0.168699411973E-005     0.400000000000E+001     0.600000000000E+000    -0.293926279412E-014    -0.240009021064E+002     0.429259693506E-004
     0.188821376691E-005     0.400000000000E+001     0.600000000000E+000    -0.293865041203E-014    -0.239959016271E+002     0.477544162099E-004
     0.210150659292E-005     0.400000000000E+001     0.600000000000E+000    -0.293800133601E-014    -0.239906015192E+002     0.528714394057E-004
     0.232759698850E-005     0.400000000000E+001     0.600000000000E+000    -0.293731337052E-014    -0.239849838547E+002     0.582942138933E-004
     0.256725280781E-005     0.400000000000E+001     0.600000000000E+000    -0.293658418907E-014    -0.239790296362E+002     0.640409278870E-004
     0.282128797628E-005     0.400000000000E+001     0.600000000000E+000    -0.293581132640E-014    -0.239727187336E+002     0.701308415291E-004
     0.309056525485E-005     0.400000000000E+001     0.600000000000E+000    -0.293499217033E-014    -0.239660298167E+002     0.765843488165E-004
     0.337599917015E-005     0.400000000000E+001     0.600000000000E+000    -0.293412395303E-014    -0.239589402844E+002     0.834230429481E-004
     0.367855912035E-005     0.400000000000E+001     0.600000000000E+000    -0.293320374181E-014    -0.239514261896E+002     0.906697852635E-004
     0.399927266758E-005     0.400000000000E+001     0.600000000000E+000    -0.293222842942E-014    -0.239434621595E+002     0.983487779454E-004
     0.433922902763E-005     0.400000000000E+001     0.600000000000E+000    -0.293119472370E-014    -0.239350213118E+002     0.106485640668E-003
     0.469958276929E-005     0.400000000000E+001     0.600000000000E+000    -0.293009913674E-014    -0.239260751654E+002     0.115107491377E-003
     0.508155773545E-005     0.400000000000E+001     0.600000000000E+000    -0.292893797330E-014    -0.239165935463E+002     0.124243031388E-003
