  

     0.000000000000E+000     0.400000000000E+001     0.600000000000E+000    -0.117245083116E-012    -0.957378757674E+003     0.957378757674E-004
     0.100000000000E-006     0.400000000000E+001     0.600000000000E+000    -0.117245048376E-012    -0.957378474000E+003     0.191475723167E-003
     0.206000000000E-006     0.400000000000E+001     0.600000000000E+000    -0.117245011551E-012    -0.957378173306E+003     0.292957809538E-003
     0.318360000000E-006     0.400000000000E+001     0.600000000000E+000    -0.117244972517E-012    -0.957377854571E+003     0.400528785277E-003
     0.437461600000E-006     0.400000000000E+001     0.600000000000E+000    -0.117244931142E-012    -0.957377516711E+003     0.514553979322E-003
     0.563709296000E-006     0.400000000000E+001     0.600000000000E+000    -0.117244887283E-012    -0.957377158580E+003     0.635420639795E-003
     0.697531853760E-006     0.400000000000E+001     0.600000000000E+000    -0.117244840793E-012    -0.957376778960E+003     0.763539249096E-003
     0.839383764986E-006     0.400000000000E+001     0.600000000000E+000    -0.117244791514E-012    -0.957376376563E+003     0.899344917874E-003
     0.989746790885E-006     0.400000000000E+001     0.600000000000E+000    -0.117244739278E-012    -0.957375950023E+003     0.104329886264E-002
     0.114913159834E-005     0.400000000000E+001     0.600000000000E+000    -0.117244683907E-012    -0.957375497889E+003     0.119588997203E-002
     0.131807949424E-005     0.400000000000E+001     0.600000000000E+000    -0.117244625215E-012    -0.957375018628E+003     0.135763646702E-002
     0.149716426389E-005     0.400000000000E+001     0.600000000000E+000    -0.117244563000E-012    -0.957374510611E+003     0.152908766072E-002
     0.168699411973E-005     0.400000000000E+001     0.600000000000E+000    -0.117244497053E-012    -0.957373972112E+003     0.171082582383E-002
     0.188821376691E-005     0.400000000000E+001     0.600000000000E+000    -0.117244427149E-012    -0.957373401303E+003     0.190346816186E-002
     0.210150659292E-005     0.400000000000E+001     0.600000000000E+000    -0.117244353051E-012    -0.957372796246E+003     0.210766891112E-002
     0.232759698850E-005     0.400000000000E+001     0.600000000000E+000    -0.117244274507E-012    -0.957372154884E+003     0.232412156033E-002
     0.256725280781E-005     0.400000000000E+001     0.600000000000E+000    -0.117244191250E-012    -0.957371475041E+003     0.255356120557E-002
     0.282128797628E-005     0.400000000000E+001     0.600000000000E+000    -0.117244102998E-012    -0.957370754407E+003     0.279676704645E-002
     0.309056525485E-005     0.400000000000E+001     0.600000000000E+000    -0.117244009451E-012    -0.957369990534E+003     0.305456503209E-002
     0.337599917015E-005     0.400000000000E+001     0.600000000000E+000    -0.117243910290E-012    -0.957369180828E+003     0.332783066576E-002
     0.367855912035E-005     0.400000000000E+001     0.600000000000E+000    -0.117243805180E-012    -0.957368322540E+003     0.361749197775E-002
     0.399927266758E-005     0.400000000000E+001     0.600000000000E+000    -0.117243693764E-012    -0.957367412753E+003     0.392453267669E-002
     0.433922902763E-005     0.400000000000E+001     0.600000000000E+000    -0.117243575662E-012    -0.957366448379E+003     0.424999548972E-002
     0.469958276929E-005     0.400000000000E+001     0.600000000000E+000    -0.117243450474E-012    -0.957365426141E+003     0.459498570317E-002
     0.508155773545E-005     0.400000000000E+001     0.600000000000E+000    -0.117243317774E-012    -0.957364342568E+003     0.496067491552E-002
