  

     0.000000000000E+000     0.400000000000E+001     0.600000000000E+000    -0.322644870587E-015    -0.263459530382E+001     0.263459530382E-006
     0.100000000000E-006     0.400000000000E+001     0.600000000000E+000    -0.322420996267E-015    -0.263276723126E+001     0.526736253508E-006
     0.206000000000E-006     0.400000000000E+001     0.600000000000E+000    -0.322183731044E-015    -0.263082981369E+001     0.805604213759E-006
     0.318360000000E-006     0.400000000000E+001     0.600000000000E+000    -0.321932276844E-015    -0.262877653433E+001     0.110097354516E-005
     0.437461600000E-006     0.400000000000E+001     0.600000000000E+000    -0.321665788424E-015    -0.262660049124E+001     0.141380586622E-005
     0.563709296000E-006     0.400000000000E+001     0.600000000000E+000    -0.321383370634E-015    -0.262429437498E+001     0.174511698469E-005
     0.697531853760E-006     0.400000000000E+001     0.600000000000E+000    -0.321084075537E-015    -0.262185044505E+001     0.209597971731E-005
     0.839383764986E-006     0.400000000000E+001     0.600000000000E+000    -0.320766899369E-015    -0.261926050509E+001     0.246752682596E-005
     0.989746790885E-006     0.400000000000E+001     0.600000000000E+000    -0.320430779335E-015    -0.261651587672E+001     0.286095407049E-005
     0.114913159834E-005     0.400000000000E+001     0.600000000000E+000    -0.320074590232E-015    -0.261360737197E+001     0.327752337823E-005
     0.131807949424E-005     0.400000000000E+001     0.600000000000E+000    -0.319697140898E-015    -0.261052526427E+001     0.371856612883E-005
     0.149716426389E-005     0.400000000000E+001     0.600000000000E+000    -0.319297170473E-015    -0.260725925790E+001     0.418548655246E-005
     0.168699411973E-005     0.400000000000E+001     0.600000000000E+000    -0.318873344470E-015    -0.260379845595E+001     0.467976523797E-005
     0.188821376691E-005     0.400000000000E+001     0.600000000000E+000    -0.318424250647E-015    -0.260013132659E+001     0.520296274613E-005
     0.210150659292E-005     0.400000000000E+001     0.600000000000E+000    -0.317948394673E-015    -0.259624566768E+001     0.575672332162E-005
     0.232759698850E-005     0.400000000000E+001     0.600000000000E+000    -0.317444195591E-015    -0.259212856974E+001     0.634277869534E-005
     0.256725280781E-005     0.400000000000E+001     0.600000000000E+000    -0.316909981062E-015    -0.258776637707E+001     0.696295196662E-005
     0.282128797628E-005     0.400000000000E+001     0.600000000000E+000    -0.316343982396E-015    -0.258314464722E+001     0.761916155225E-005
     0.309056525485E-005     0.400000000000E+001     0.600000000000E+000    -0.315744329359E-015    -0.257824810859E+001     0.831342518643E-005
     0.337599917015E-005     0.400000000000E+001     0.600000000000E+000    -0.315109044774E-015    -0.257306061628E+001     0.904786395242E-005
     0.367855912035E-005     0.400000000000E+001     0.600000000000E+000    -0.314436038893E-015    -0.256756510622E+001     0.982470632311E-005
     0.399927266758E-005     0.400000000000E+001     0.600000000000E+000    -0.313723103568E-015    -0.256174354750E+001     0.106462921833E-004
     0.433922902763E-005     0.400000000000E+001     0.600000000000E+000    -0.312967906221E-015    -0.255557689318E+001     0.115150768017E-004
     0.469958276929E-005     0.400000000000E+001     0.600000000000E+000    -0.312167983624E-015    -0.254904502949E+001     0.124336347158E-004
     0.508155773545E-005     0.400000000000E+001     0.600000000000E+000    -0.311320735520E-015    -0.254212672370E+001     0.134046634850E-004
