  

     0.000000000000E+000     0.400000000000E+001     0.600000000000E+000    -0.126202099042E-012    -0.103051834316E+004     0.103051834316E-003
     0.100000000000E-006     0.400000000000E+001     0.600000000000E+000    -0.124447142750E-012    -0.101618803754E+004     0.204670638070E-003
     0.206000000000E-006     0.400000000000E+001     0.600000000000E+000    -0.122616459198E-012    -0.100123937190E+004     0.310802011491E-003
     0.318360000000E-006     0.400000000000E+001     0.600000000000E+000    -0.120708813449E-012    -0.985662262238E+003     0.421551023276E-003
     0.437461600000E-006     0.400000000000E+001     0.600000000000E+000    -0.118723238483E-012    -0.969448812226E+003     0.537013927930E-003
     0.563709296000E-006     0.400000000000E+001     0.600000000000E+000    -0.116659080444E-012    -0.952593682723E+003     0.657276685598E-003
     0.697531853760E-006     0.400000000000E+001     0.600000000000E+000    -0.114516047626E-012    -0.935094491779E+003     0.782413422235E-003
     0.839383764986E-006     0.400000000000E+001     0.600000000000E+000    -0.112294263042E-012    -0.916952243862E+003     0.912484850530E-003
     0.989746790885E-006     0.400000000000E+001     0.600000000000E+000    -0.109994320257E-012    -0.898171785808E+003     0.104753667802E-002
     0.114913159834E-005     0.400000000000E+001     0.600000000000E+000    -0.107617342007E-012    -0.878762285438E+003     0.118759803568E-002
     0.131807949424E-005     0.400000000000E+001     0.600000000000E+000    -0.105165040849E-012    -0.858737726850E+003     0.133267996776E-002
     0.149716426389E-005     0.400000000000E+001     0.600000000000E+000    -0.102639780845E-012    -0.838117414068E+003     0.148277403181E-002
     0.168699411973E-005     0.400000000000E+001     0.600000000000E+000    -0.100044638890E-012    -0.816926471862E+003     0.163785106619E-002
     0.188821376691E-005     0.400000000000E+001     0.600000000000E+000    -0.973834639348E-013    -0.795196329281E+003     0.179786019101E-002
     0.210150659292E-005     0.400000000000E+001     0.600000000000E+000    -0.946609318384E-013    -0.772965167624E+003     0.196272811602E-002
     0.232759698850E-005     0.400000000000E+001     0.600000000000E+000    -0.918825931252E-013    -0.750278310360E+003     0.213235883600E-002
     0.256725280781E-005     0.400000000000E+001     0.600000000000E+000    -0.890549103170E-013    -0.727188527982E+003     0.230663379847E-002
     0.282128797628E-005     0.400000000000E+001     0.600000000000E+000    -0.861852809808E-013    -0.703756226210E+003     0.248541262995E-002
     0.309056525485E-005     0.400000000000E+001     0.600000000000E+000    -0.832820420905E-013    -0.680049481601E+003     0.266853450366E-002
     0.337599917015E-005     0.400000000000E+001     0.600000000000E+000    -0.803544508763E-013    -0.656143885178E+003     0.285582022180E-002
     0.367855912035E-005     0.400000000000E+001     0.600000000000E+000    -0.774126370878E-013    -0.632122152621E+003     0.304707506882E-002
     0.399927266758E-005     0.400000000000E+001     0.600000000000E+000    -0.744675216488E-013    -0.608073460043E+003     0.324209246516E-002
     0.433922902763E-005     0.400000000000E+001     0.600000000000E+000    -0.715306971624E-013    -0.584092468230E+003     0.344065841460E-002
     0.469958276929E-005     0.400000000000E+001     0.600000000000E+000    -0.686142667774E-013    -0.560278006893E+003     0.364255669075E-002
     0.508155773545E-005     0.400000000000E+001     0.600000000000E+000    -0.657306397009E-013    -0.536731404897E+003     0.384757465097E-002
