  

     0.000000000000E+000     0.400000000000E+001     0.600000000000E+000    -0.353874153893E-012    -0.288960175407E+004     0.288960175407E-003
     0.100000000000E-006     0.400000000000E+001     0.600000000000E+000    -0.353132292427E-012    -0.288354399549E+004     0.577314574956E-003
     0.206000000000E-006     0.400000000000E+001     0.600000000000E+000    -0.352347038773E-012    -0.287713191279E+004     0.882290557712E-003
     0.318360000000E-006     0.400000000000E+001     0.600000000000E+000    -0.351515925214E-012    -0.287034535557E+004     0.120480256186E-002
     0.437461600000E-006     0.400000000000E+001     0.600000000000E+000    -0.350636352292E-012    -0.286316309761E+004     0.154580986785E-002
     0.563709296000E-006     0.400000000000E+001     0.600000000000E+000    -0.349705582828E-012    -0.285556278816E+004     0.190631809064E-002
     0.697531853760E-006     0.400000000000E+001     0.600000000000E+000    -0.348720735821E-012    -0.284752090205E+004     0.228738062102E-002
     0.839383764986E-006     0.400000000000E+001     0.600000000000E+000    -0.347678780219E-012    -0.283901268889E+004     0.269009999694E-002
     0.989746790885E-006     0.400000000000E+001     0.600000000000E+000    -0.346576528606E-012    -0.283001212143E+004     0.311562918285E-002
     0.114913159834E-005     0.400000000000E+001     0.600000000000E+000    -0.345410630802E-012    -0.282049184338E+004     0.356517273223E-002
     0.131807949424E-005     0.400000000000E+001     0.600000000000E+000    -0.344177567441E-012    -0.281042311694E+004     0.403998780442E-002
     0.149716426389E-005     0.400000000000E+001     0.600000000000E+000    -0.342873643526E-012    -0.279977577017E+004     0.454138500331E-002
     0.168699411973E-005     0.400000000000E+001     0.600000000000E+000    -0.341494982038E-012    -0.278851814479E+004     0.507072900072E-002
     0.188821376691E-005     0.400000000000E+001     0.600000000000E+000    -0.340037517617E-012    -0.277661704464E+004     0.562943890281E-002
     0.210150659292E-005     0.400000000000E+001     0.600000000000E+000    -0.338496990397E-012    -0.276403768525E+004     0.621898831191E-002
     0.232759698850E-005     0.400000000000E+001     0.600000000000E+000    -0.336868940049E-012    -0.275074364530E+004     0.684090503080E-002
     0.256725280781E-005     0.400000000000E+001     0.600000000000E+000    -0.335148700114E-012    -0.273669682023E+004     0.749677034945E-002
     0.282128797628E-005     0.400000000000E+001     0.600000000000E+000    -0.333331392715E-012    -0.272185737918E+004     0.818821784732E-002
     0.309056525485E-005     0.400000000000E+001     0.600000000000E+000    -0.331411923757E-012    -0.270618372569E+004     0.891693163631E-002
     0.337599917015E-005     0.400000000000E+001     0.600000000000E+000    -0.329384978726E-012    -0.268963246346E+004     0.968464396105E-002
     0.367855912035E-005     0.400000000000E+001     0.600000000000E+000    -0.327245019245E-012    -0.267215836821E+004     0.104931320639E-001
     0.399927266758E-005     0.400000000000E+001     0.600000000000E+000    -0.324986280531E-012    -0.265371436693E+004     0.113442142118E-001
     0.433922902763E-005     0.400000000000E+001     0.600000000000E+000    -0.322602769967E-012    -0.263425152617E+004     0.122397447721E-001
     0.469958276929E-005     0.400000000000E+001     0.600000000000E+000    -0.320088266988E-012    -0.261371905117E+004     0.131816082118E-001
     0.508155773545E-005     0.400000000000E+001     0.600000000000E+000    -0.317436324569E-012    -0.259206429797E+004     0.141717118843E-001
