  

     0.000000000000E+000     0.400000000000E+001     0.600000000000E+000    -0.888666805178E-014    -0.725651515030E+002     0.725651515030E-005
     0.100000000000E-006     0.400000000000E+001     0.600000000000E+000    -0.888666804673E-014    -0.725651514618E+002     0.145130302965E-004
     0.206000000000E-006     0.400000000000E+001     0.600000000000E+000    -0.888666804138E-014    -0.725651514181E+002     0.222049363468E-004
     0.318360000000E-006     0.400000000000E+001     0.600000000000E+000    -0.888666803570E-014    -0.725651513717E+002     0.303583567549E-004
     0.437461600000E-006     0.400000000000E+001     0.600000000000E+000    -0.888666802968E-014    -0.725651513226E+002     0.390009823817E-004
     0.563709296000E-006     0.400000000000E+001     0.600000000000E+000    -0.888666802331E-014    -0.725651512705E+002     0.481621655395E-004
     0.697531853760E-006     0.400000000000E+001     0.600000000000E+000    -0.888666801655E-014    -0.725651512153E+002     0.578730196793E-004
     0.839383764986E-006     0.400000000000E+001     0.600000000000E+000    -0.888666800938E-014    -0.725651511568E+002     0.681665250593E-004
     0.989746790885E-006     0.400000000000E+001     0.600000000000E+000    -0.888666800178E-014    -0.725651510947E+002     0.790776407527E-004
     0.114913159834E-005     0.400000000000E+001     0.600000000000E+000    -0.888666799373E-014    -0.725651510290E+002     0.906434233773E-004
     0.131807949424E-005     0.400000000000E+001     0.600000000000E+000    -0.888666798520E-014    -0.725651509593E+002     0.102903152948E-003
     0.149716426389E-005     0.400000000000E+001     0.600000000000E+000    -0.888666797615E-014    -0.725651508854E+002     0.115898466279E-003
     0.168699411973E-005     0.400000000000E+001     0.600000000000E+000    -0.888666796656E-014    -0.725651508071E+002     0.129673498395E-003
     0.188821376691E-005     0.400000000000E+001     0.600000000000E+000    -0.888666795639E-014    -0.725651507241E+002     0.144275032422E-003
     0.210150659292E-005     0.400000000000E+001     0.600000000000E+000    -0.888666794562E-014    -0.725651506361E+002     0.159752658471E-003
     0.232759698850E-005     0.400000000000E+001     0.600000000000E+000    -0.888666793419E-014    -0.725651505429E+002     0.176158942062E-003
     0.256725280781E-005     0.400000000000E+001     0.600000000000E+000    -0.888666792209E-014    -0.725651504440E+002     0.193549602645E-003
     0.282128797628E-005     0.400000000000E+001     0.600000000000E+000    -0.888666790925E-014    -0.725651503392E+002     0.211983702837E-003
     0.309056525485E-005     0.400000000000E+001     0.600000000000E+000    -0.888666789565E-014    -0.725651502281E+002     0.231523849009E-003
     0.337599917015E-005     0.400000000000E+001     0.600000000000E+000    -0.888666788123E-014    -0.725651501104E+002     0.252236403919E-003
     0.367855912035E-005     0.400000000000E+001     0.600000000000E+000    -0.888666786594E-014    -0.725651499855E+002     0.274191712086E-003
     0.399927266758E-005     0.400000000000E+001     0.600000000000E+000    -0.888666784974E-014    -0.725651498532E+002     0.297464338700E-003
     0.433922902763E-005     0.400000000000E+001     0.600000000000E+000    -0.888666783257E-014    -0.725651497130E+002     0.322133322863E-003
     0.469958276929E-005     0.400000000000E+001     0.600000000000E+000    -0.888666781436E-014    -0.725651495644E+002     0.348282446022E-003
     0.508155773545E-005     0.400000000000E+001     0.600000000000E+000    -0.888666779507E-014    -0.725651494068E+002     0.376000516511E-003
