  

     0.000000000000E+000     0.400000000000E+001     0.600000000000E+000    -0.140952524865E-014    -0.115096471051E+002     0.115096471051E-005
     0.100000000000E-006     0.400000000000E+001     0.600000000000E+000    -0.122274391146E-014    -0.998446174285E+001     0.214941088479E-005
     0.206000000000E-006     0.400000000000E+001     0.600000000000E+000    -0.103726131890E-014    -0.846988143542E+001     0.304721831695E-005
     0.318360000000E-006     0.400000000000E+001     0.600000000000E+000    -0.866975396184E-015    -0.707939135421E+001     0.384265872951E-005
     0.437461600000E-006     0.400000000000E+001     0.600000000000E+000    -0.727600609051E-015    -0.594130984997E+001     0.455027823873E-005
     0.563709296000E-006     0.400000000000E+001     0.600000000000E+000    -0.626238184088E-015    -0.511362283822E+001     0.519586134027E-005
     0.697531853760E-006     0.400000000000E+001     0.600000000000E+000    -0.555960897767E-015    -0.453976524623E+001     0.580338433715E-005
     0.839383764986E-006     0.400000000000E+001     0.600000000000E+000    -0.504513127156E-015    -0.411966231821E+001     0.638776631059E-005
     0.989746790885E-006     0.400000000000E+001     0.600000000000E+000    -0.463614087421E-015    -0.378569631459E+001     0.695699506359E-005
     0.114913159834E-005     0.400000000000E+001     0.600000000000E+000    -0.429548518899E-015    -0.350752983797E+001     0.751604203145E-005
     0.131807949424E-005     0.400000000000E+001     0.600000000000E+000    -0.400587504436E-015    -0.327104520842E+001     0.806867823681E-005
     0.149716426389E-005     0.400000000000E+001     0.600000000000E+000    -0.375569350581E-015    -0.306675647903E+001     0.861788761444E-005
     0.168699411973E-005     0.400000000000E+001     0.600000000000E+000    -0.353604119357E-015    -0.288739675475E+001     0.916600172413E-005
     0.188821376691E-005     0.400000000000E+001     0.600000000000E+000    -0.334058809186E-015    -0.272779718543E+001     0.971488811137E-005
     0.210150659292E-005     0.400000000000E+001     0.600000000000E+000    -0.316496439759E-015    -0.258438955607E+001     0.102661198633E-004
     0.232759698850E-005     0.400000000000E+001     0.600000000000E+000    -0.300583359307E-015    -0.245444939321E+001     0.108210472975E-004
     0.256725280781E-005     0.400000000000E+001     0.600000000000E+000    -0.286030693705E-015    -0.233561786063E+001     0.113807917095E-004
     0.282128797628E-005     0.400000000000E+001     0.600000000000E+000    -0.272585672352E-015    -0.222583092971E+001     0.119462310447E-004
     0.309056525485E-005     0.400000000000E+001     0.600000000000E+000    -0.260048660073E-015    -0.212345845556E+001     0.125180301588E-004
     0.337599917015E-005     0.400000000000E+001     0.600000000000E+000    -0.248286511080E-015    -0.202741322031E+001     0.130967226522E-004
     0.367855912035E-005     0.400000000000E+001     0.600000000000E+000    -0.237227797747E-015    -0.193711197312E+001     0.136828151543E-004
     0.399927266758E-005     0.400000000000E+001     0.600000000000E+000    -0.226842024112E-015    -0.185230569557E+001     0.142768746845E-004
     0.433922902763E-005     0.400000000000E+001     0.600000000000E+000    -0.217113615090E-015    -0.177286720743E+001     0.148795721672E-004
     0.469958276929E-005     0.400000000000E+001     0.600000000000E+000    -0.208021395158E-015    -0.169862359746E+001     0.154916775362E-004
     0.508155773545E-005     0.400000000000E+001     0.600000000000E+000    -0.199529061254E-015    -0.162927842863E+001     0.161140211089E-004
