  

     0.000000000000E+000     0.400000000000E+001     0.600000000000E+000    -0.974395542319E-015    -0.795654341315E+001     0.795654341315E-006
     0.100000000000E-006     0.400000000000E+001     0.600000000000E+000    -0.974383598441E-015    -0.795644588398E+001     0.159129892971E-005
     0.206000000000E-006     0.400000000000E+001     0.600000000000E+000    -0.974370938036E-015    -0.795634250393E+001     0.243467123513E-005
     0.318360000000E-006     0.400000000000E+001     0.600000000000E+000    -0.974357518125E-015    -0.795623292204E+001     0.332863356625E-005
     0.437461600000E-006     0.400000000000E+001     0.600000000000E+000    -0.974343293153E-015    -0.795611676633E+001     0.427621980291E-005
     0.563709296000E-006     0.400000000000E+001     0.600000000000E+000    -0.974328214832E-015    -0.795599364249E+001     0.528064566966E-005
     0.697531853760E-006     0.400000000000E+001     0.600000000000E+000    -0.974312231979E-015    -0.795586313260E+001     0.634531962325E-005
     0.839383764986E-006     0.400000000000E+001     0.600000000000E+000    -0.974295290345E-015    -0.795572479366E+001     0.747385439042E-005
     0.989746790885E-006     0.400000000000E+001     0.600000000000E+000    -0.974277332425E-015    -0.795557815611E+001     0.867007919475E-005
     0.114913159834E-005     0.400000000000E+001     0.600000000000E+000    -0.974258297268E-015    -0.795542272226E+001     0.993805271354E-005
     0.131807949424E-005     0.400000000000E+001     0.600000000000E+000    -0.974238120269E-015    -0.795525796456E+001     0.112820768080E-004
     0.149716426389E-005     0.400000000000E+001     0.600000000000E+000    -0.974216732952E-015    -0.795508332386E+001     0.127067110726E-004
     0.168699411973E-005     0.400000000000E+001     0.600000000000E+000    -0.974194062734E-015    -0.795489820748E+001     0.142167882525E-004
     0.188821376691E-005     0.400000000000E+001     0.600000000000E+000    -0.974170032682E-015    -0.795470198722E+001     0.158174305799E-004
     0.210150659292E-005     0.400000000000E+001     0.600000000000E+000    -0.974144561255E-015    -0.795449399724E+001     0.175140670840E-004
     0.232759698850E-005     0.400000000000E+001     0.600000000000E+000    -0.974117562022E-015    -0.795427353177E+001     0.193124519334E-004
     0.256725280781E-005     0.400000000000E+001     0.600000000000E+000    -0.974088943375E-015    -0.795403984278E+001     0.212186838687E-004
     0.282128797628E-005     0.400000000000E+001     0.600000000000E+000    -0.974058608214E-015    -0.795379213739E+001     0.232392267943E-004
     0.309056525485E-005     0.400000000000E+001     0.600000000000E+000    -0.974026453624E-015    -0.795352957524E+001     0.253809315934E-004
     0.337599917015E-005     0.400000000000E+001     0.600000000000E+000    -0.973992370524E-015    -0.795325126561E+001     0.276510592414E-004
     0.367855912035E-005     0.400000000000E+001     0.600000000000E+000    -0.973956243297E-015    -0.795295626441E+001     0.300573052928E-004
     0.399927266758E-005     0.400000000000E+001     0.600000000000E+000    -0.973917949402E-015    -0.795264357103E+001     0.326078258222E-004
     0.433922902763E-005     0.400000000000E+001     0.600000000000E+000    -0.973877358958E-015    -0.795231212490E+001     0.353112649062E-004
     0.469958276929E-005     0.400000000000E+001     0.600000000000E+000    -0.973834334307E-015    -0.795196080196E+001     0.381767837347E-004
     0.508155773545E-005     0.400000000000E+001     0.600000000000E+000    -0.973788729546E-015    -0.795158841083E+001     0.412140914489E-004
