  

     0.000000000000E+000     0.400000000000E+001     0.600000000000E+000    -0.154455066198E-011    -0.126122132769E+005     0.126122132769E-002
     0.100000000000E-006     0.400000000000E+001     0.600000000000E+000    -0.154455065694E-011    -0.126122132358E+005     0.252244265127E-002
     0.206000000000E-006     0.400000000000E+001     0.600000000000E+000    -0.154455065160E-011    -0.126122131922E+005     0.385933724965E-002
     0.318360000000E-006     0.400000000000E+001     0.600000000000E+000    -0.154455064594E-011    -0.126122131460E+005     0.527644551873E-002
     0.437461600000E-006     0.400000000000E+001     0.600000000000E+000    -0.154455063994E-011    -0.126122130970E+005     0.677858027813E-002
     0.563709296000E-006     0.400000000000E+001     0.600000000000E+000    -0.154455063358E-011    -0.126122130451E+005     0.837084311653E-002
     0.697531853760E-006     0.400000000000E+001     0.600000000000E+000    -0.154455062684E-011    -0.126122129901E+005     0.100586417179E-001
     0.839383764986E-006     0.400000000000E+001     0.600000000000E+000    -0.154455061970E-011    -0.126122129317E+005     0.118477082270E-001
     0.989746790885E-006     0.400000000000E+001     0.600000000000E+000    -0.154455061212E-011    -0.126122128699E+005     0.137441187174E-001
     0.114913159834E-005     0.400000000000E+001     0.600000000000E+000    -0.154455060410E-011    -0.126122128043E+005     0.157543138268E-001
     0.131807949424E-005     0.400000000000E+001     0.600000000000E+000    -0.154455059559E-011    -0.126122127348E+005     0.178851206310E-001
     0.149716426389E-005     0.400000000000E+001     0.600000000000E+000    -0.154455058657E-011    -0.126122126612E+005     0.201437758302E-001
     0.168699411973E-005     0.400000000000E+001     0.600000000000E+000    -0.154455057701E-011    -0.126122125831E+005     0.225379503266E-001
     0.188821376691E-005     0.400000000000E+001     0.600000000000E+000    -0.154455056687E-011    -0.126122125003E+005     0.250757752762E-001
     0.210150659292E-005     0.400000000000E+001     0.600000000000E+000    -0.154455055613E-011    -0.126122124126E+005     0.277658697039E-001
     0.232759698850E-005     0.400000000000E+001     0.600000000000E+000    -0.154455054474E-011    -0.126122123196E+005     0.306173697764E-001
     0.256725280781E-005     0.400000000000E+001     0.600000000000E+000    -0.154455053267E-011    -0.126122122211E+005     0.336399598295E-001
     0.282128797628E-005     0.400000000000E+001     0.600000000000E+000    -0.154455051987E-011    -0.126122121166E+005     0.368439052593E-001
     0.309056525485E-005     0.400000000000E+001     0.600000000000E+000    -0.154455050631E-011    -0.126122120058E+005     0.402400873851E-001
     0.337599917015E-005     0.400000000000E+001     0.600000000000E+000    -0.154455049193E-011    -0.126122118884E+005     0.438400404049E-001
     0.367855912035E-005     0.400000000000E+001     0.600000000000E+000    -0.154455047669E-011    -0.126122117640E+005     0.476559905682E-001
     0.399927266758E-005     0.400000000000E+001     0.600000000000E+000    -0.154455046054E-011    -0.126122116321E+005     0.517008976991E-001
     0.433922902763E-005     0.400000000000E+001     0.600000000000E+000    -0.154455044342E-011    -0.126122114923E+005     0.559884992102E-001
     0.469958276929E-005     0.400000000000E+001     0.600000000000E+000    -0.154455042527E-011    -0.126122113441E+005     0.605333567586E-001
     0.508155773545E-005     0.400000000000E+001     0.600000000000E+000    -0.154455040603E-011    -0.126122111870E+005     0.653509056999E-001
