p 9985 1.2464960165960039e-01 2.2522536449041515 1.7440314860375120e-01 
p 9986 3.9428604065653016e-04 1.9245701235633921 2.7633848809881352e-02 
p 9987 3.9425048705823446e-02 3.8914013692130087 1.0995153893702234 
p 9988 3.9411041329955356e-03 2.9080387175234961 2.0952908395739040e-03 
p 9989 3.9431417518625500e-01 1.5967135173874198 3.3221224265174687 
p 9990 2.2173105094831324e-04 3.5634011578428373 8.3424240894438062e-02 
p 9991 2.2168900480586867e-02 2.5798756168724046 1.3222004177341588e-02 
p 9992 2.2171910892531130e-03 1.1595063410415607 5.2627545530022635e-01 
p 9993 2.2181343327686467e-01 3.1264642341162885 1.4494775065125964e-03 
p 9994 7.0138288394354809e-04 2.1428223856866921 2.2984576474091463 
p 9995 7.0091656429736596e-02 1.8150929043504322 5.7736214209199860e-02 
p 9996 7.0120899040881767e-03 3.7818045174984949 9.1513192360801604e-03 
p 9997 7.0128222176664878e-01 2.7985312857009932 3.6420683198768111e-01 
p 9998 1.6621093465551666e-04 1.4872169834798965 3.0300410801360651e-03 
p 9999 1.6626049726081910e-02 3.4540276746842364 4.7996513540128110 
p 10000 1.6619627992810911e-03 2.4707147668572187 1.2065244991324917e-01 
