91 8e-07
155 -2.8925e-06
161 -3.394e-06
166 -4.654e-06
171 -5.497e-06
177 -6.437e-06
182 -7.257e-06
188 -6.36466666666667e-06
194 -7.04466666666667e-06
199 -6.943e-06
204 -7.463e-06
209 -7.928e-06
214 -8.2295e-06
220 -8.3095e-06
225 -8.5495e-06
230 -8.8045e-06
235 -8.848e-06
241 -9.0495e-06
247 -9.003e-06
254 -9.033e-06
259 -9.0695e-06
265 -9.1895e-06
270 -9.2745e-06
275 -9.4595e-06
280 -9.433e-06
285 -9.463e-06
291 -9.5245e-06
297 -9.668e-06
302 -9.678e-06
307 -9.7185e-06
313 -9.7885e-06
318 -9.7035e-06
324 -9.6535e-06
330 -9.7935e-06
336 -9.717e-06
341 -9.747e-06
347 -9.6935e-06
352 -9.6635e-06
357 -9.8235e-06
363 -9.825e-06
368 -9.8585e-06
373 -9.752e-06
378 -9.877e-06
383 -9.867e-06
389 -9.875e-06
394 -9.925e-06
399 -1.00235e-05
404 -9.9135e-06
409 -9.9035e-06
415 -9.92e-06
420 -9.92e-06
426 -1.007e-05
431 -1.0035e-05
436 -1.0045e-05
442 -1.0028e-05
447 -9.968e-06
453 -1.0128e-05
459 -1.0023e-05
464 -1.0013e-05
470 -1.00415e-05
475 -1.00815e-05
480 -9.9645e-06
486 -9.9445e-06
491 -9.9545e-06
497 -1.0043e-05
502 -9.9515e-06
507 -9.82e-06
513 -9.86e-06
518 -9.87e-06
523 -9.8615e-06
528 -9.8715e-06
534 -9.817e-06
539 -9.8335e-06
545 -9.8735e-06
550 -1.0017e-05
556 -1.0077e-05
562 -9.9955e-06
567 -1.01305e-05
572 -1.01405e-05
578 -1.0104e-05
583 -1.0004e-05
590 -1.01875e-05
596 -1.02725e-05
601 -1.02125e-05
606 -1.0174e-05
611 -1.02855e-05
617 -1.0467e-05
622 -1.04435e-05
627 -1.05135e-05
633 -1.05555e-05
638 -1.05755e-05
645 -1.05755e-05
651 -1.0644e-05
656 -1.0499e-05
662 -1.0479e-05
667 -1.0469e-05
672 -1.05505e-05
678 -1.0449e-05
683 -1.0389e-05
689 -1.04855e-05
694 -1.06205e-05
701 -1.05705e-05
706 -1.05155e-05
712 -1.05355e-05
717 -1.0519e-05
722 -1.0524e-05
727 -1.0394e-05
733 -1.04375e-05
738 -1.0331e-05
743 -1.04275e-05
749 -1.04275e-05
754 -1.0522e-05
759 -1.0442e-05
764 -1.04335e-05
770 -1.04635e-05
776 -1.05035e-05
781 -1.04135e-05
787 -1.03885e-05
793 -1.04785e-05
798 -1.04585e-05
803 -1.035e-05
808 -1.048e-05
813 -1.05e-05
819 -1.03945e-05
824 -1.0403e-05
829 -1.0388e-05
835 -1.03945e-05
841 -1.04545e-05
846 -1.04375e-05
851 -1.04275e-05
857 -1.04075e-05
862 -1.0311e-05
867 -1.0401e-05
874 -1.04945e-05
880 -1.03995e-05
885 -1.04095e-05
891 -1.04795e-05
896 -1.0686e-05
902 -1.0756e-05
907 -1.06875e-05
913 -1.0821e-05
919 -1.07325e-05
924 -1.07525e-05
929 -1.07965e-05
935 -1.0763e-05
941 -1.0763e-05
948 -1.08365e-05
954 -1.0758e-05
959 -1.09015e-05
965 -1.08615e-05
970 -1.08915e-05
976 -1.0858e-05
981 -1.0863e-05
987 -1.0753e-05
993 -1.0928e-05
998 -1.0785e-05
1000 -1.0835e-05
1010 -1.073e-05
1020 -1.069e-05
1020 -1.07785e-05
1030 -1.07385e-05
1030 -1.0747e-05
1040 -1.0707e-05
1040 -1.07735e-05
1050 -1.09135e-05
1060 -1.09335e-05
1060 -1.0885e-05
1070 -1.09935e-05
1070 -1.09235e-05
1080 -1.09735e-05
1080 -1.10135e-05
1090 -1.11135e-05
1090 -1.10385e-05
1100 -1.11485e-05
1100 -1.0965e-05
1110 -1.1118e-05
1120 -1.10145e-05
1120 -1.10695e-05
1130 -1.0938e-05
1130 -1.0958e-05
1140 -1.0988e-05
1140 -1.0948e-05
1150 -1.0973e-05
1150 -1.1028e-05
1160 -1.0813e-05
1160 -1.0948e-05
1170 -1.08965e-05
1180 -1.08565e-05
1180 -1.07915e-05
1190 -1.07915e-05
1190 -1.07315e-05
1200 -1.07915e-05
1200 -1.09015e-05
1210 -1.0708e-05
1210 -1.08115e-05
1220 -1.08815e-05
1230 -1.1005e-05
1230 -1.1015e-05
1240 -1.10565e-05
1240 -1.10065e-05
1250 -1.0875e-05
1250 -1.1005e-05
1260 -1.085e-05
1260 -1.084e-05
1270 -1.1055e-05
1270 -1.07985e-05
1280 -1.09935e-05
1280 -1.0825e-05
1290 -1.108e-05
1290 -1.09915e-05
1300 -1.0913e-05
1310 -1.0893e-05
1310 -1.0863e-05
1320 -1.09965e-05
1320 -1.10065e-05
1330 -1.09565e-05
1330 -1.09765e-05
1340 -1.09465e-05
1340 -1.08215e-05
1350 -1.10215e-05
1360 -1.1098e-05
1360 -1.1033e-05
1370 -1.1203e-05
1370 -1.1133e-05
1380 -1.1273e-05
1380 -1.1248e-05
1390 -1.1348e-05
1390 -1.14915e-05
1400 -1.12865e-05
1400 -1.1255e-05
1410 -1.13135e-05
1410 -1.13935e-05
1420 -1.1297e-05
1420 -1.1422e-05
1430 -1.13335e-05
1440 -1.117e-05
1440 -1.109e-05
1450 -1.1e-05
1450 -1.1082e-05
1460 -1.0832e-05
1460 -1.0787e-05
1470 -1.0662e-05
1470 -1.04785e-05
1480 -1.05285e-05
1490 -1.03685e-05
1490 -1.0495e-05
1500 -1.035e-05
1500 -1.02985e-05
1510 -1.03535e-05
1510 -1.04235e-05
1520 -1.04835e-05
1520 -1.03135e-05
1530 -1.0455e-05
1540 -1.042e-05
1540 -1.04785e-05
1550 -1.03455e-05
1550 -1.03755e-05
1560 -1.04055e-05
1560 -1.05485e-05
1570 -1.06085e-05
1570 -1.04685e-05
1580 -1.06285e-05
1590 -1.07035e-05
1590 -1.062e-05
1600 -1.067e-05
1600 -1.072e-05
1610 -1.057e-05
1610 -1.06365e-05
1620 -1.06065e-05
1620 -1.06065e-05
1630 -1.048e-05
1630 -1.053e-05
1640 -1.0515e-05
1650 -1.04e-05
1650 -1.044e-05
1660 -1.06565e-05
1660 -1.058e-05
1670 -1.073e-05
1670 -1.078e-05
1680 -1.084e-05
1680 -1.1005e-05
1690 -1.1065e-05
1690 -1.12235e-05
1700 -1.1237e-05
1700 -1.1152e-05
1710 -1.1222e-05
1710 -1.1292e-05
1720 -1.1352e-05
1720 -1.1427e-05
1730 -1.1477e-05
1740 -1.15835e-05
1740 -1.1517e-05
1750 -1.1477e-05
1750 -1.14935e-05
1760 -1.15035e-05
1760 -1.15635e-05
1770 -1.158e-05
1770 -1.152e-05
1780 -1.13615e-05
1780 -1.13315e-05
1790 -1.13415e-05
1800 -1.13115e-05
1800 -1.12415e-05
1810 -1.12615e-05
1810 -1.13365e-05
1820 -1.12665e-05
1820 -1.124e-05
1830 -1.129e-05
1830 -1.1335e-05
1840 -1.1265e-05
1840 -1.1315e-05
1850 -1.14915e-05
1850 -1.14615e-05
1860 -1.163e-05
1870 -1.149e-05
1870 -1.149e-05
1880 -1.145e-05
1880 -1.145e-05
1890 -1.14685e-05
1890 -1.14885e-05
1900 -1.15535e-05
1900 -1.14635e-05
1910 -1.14835e-05
1910 -1.15935e-05
1920 -1.15235e-05
1920 -1.14235e-05
1930 -1.155e-05
1930 -1.151e-05
1940 -1.145e-05
1950 -1.154e-05
1950 -1.141e-05
1960 -1.138e-05
1960 -1.13e-05
1970 -1.11235e-05
1970 -1.12535e-05
1980 -1.12435e-05
1980 -1.14035e-05
1990 -1.14435e-05
1990 -1.1425e-05
2000 -1.1425e-05
2010 -1.1305e-05
2010 -1.1375e-05
2020 -1.1385e-05
2020 -1.1365e-05
2030 -1.1275e-05
2030 -1.1375e-05
2040 -1.1355e-05
2040 -1.10935e-05
2050 -1.11935e-05
2050 -1.11735e-05
2060 -1.11635e-05
2060 -1.10035e-05
2070 -1.11735e-05
2070 -1.11815e-05
2080 -1.12015e-05
2080 -1.12015e-05
2090 -1.10915e-05
2100 -1.12015e-05
2100 -1.1235e-05
2110 -1.1245e-05
2110 -1.13e-05
2120 -1.136e-05
2120 -1.1275e-05
2130 -1.131e-05
2130 -1.137e-05
2140 -1.1375e-05
2140 -1.1285e-05
2150 -1.17065e-05
2150 -1.14965e-05
2160 -1.15165e-05
2170 -1.15715e-05
2170 -1.17115e-05
2180 -1.16915e-05
2180 -1.168e-05
2190 -1.1585e-05
2190 -1.1575e-05
2200 -1.1665e-05
2200 -1.1425e-05
2210 -1.155e-05
2220 -1.157e-05
2220 -1.1755e-05
2230 -1.1825e-05
2230 -1.1915e-05
2240 -1.202e-05
2240 -1.219e-05
2250 -1.216e-05
2250 -1.233e-05
2260 -1.222e-05
2260 -1.243e-05
2270 -1.237e-05
2270 -1.2515e-05
2280 -1.2605e-05
2290 -1.2645e-05
2290 -1.2835e-05
2300 -1.2885e-05
2300 -1.2835e-05
2310 -1.2905e-05
2310 -1.3065e-05
2320 -1.3065e-05
2320 -1.3015e-05
2330 -1.2965e-05
2330 -1.2805e-05
2340 -1.2865e-05
2340 -1.2795e-05
2350 -1.2755e-05
2350 -1.284e-05
2360 -1.2705e-05
2360 -1.2585e-05
2370 -1.2435e-05
2380 -1.2665e-05
2380 -1.2445e-05
2390 -1.2385e-05
2390 -1.2415e-05
2400 -1.2295e-05
2400 -1.241e-05
2410 -1.252e-05
2410 -1.25e-05
2420 -1.241e-05
2430 -1.245e-05
2430 -1.2465e-05
2440 -1.2545e-05
2440 -1.2715e-05
2450 -1.276e-05
2450 -1.266e-05
2460 -1.275e-05
2460 -1.2815e-05
2470 -1.29e-05
2470 -1.303e-05
2480 -1.313e-05
2490 -1.292e-05
2490 -1.313e-05
2500 -1.318e-05
2500 -1.3075e-05
2510 -1.3255e-05
2510 -1.315e-05
2520 -1.3235e-05
2530 -1.317e-05
2530 -1.327e-05
2540 -1.3105e-05
2540 -1.315e-05
2550 -1.328e-05
2550 -1.3225e-05
2560 -1.3135e-05
2560 -1.3265e-05
2570 -1.3215e-05
2580 -1.317e-05
2580 -1.3115e-05
2590 -1.3105e-05
2590 -1.3135e-05
2600 -1.3095e-05
2600 -1.3045e-05
2610 -1.3095e-05
2620 -1.3035e-05
2620 -1.2955e-05
2630 -1.297e-05
2630 -1.2875e-05
2640 -1.2855e-05
2640 -1.2665e-05
2650 -1.282e-05
2650 -1.283e-05
2660 -1.252e-05
2660 -1.2745e-05
2670 -1.269e-05
2670 -1.255e-05
2680 -1.253e-05
2680 -1.2355e-05
2690 -1.245e-05
2700 -1.238e-05
2700 -1.227e-05
2710 -1.227e-05
2710 -1.245e-05
2720 -1.227e-05
2720 -1.228e-05
2730 -1.229e-05
2730 -1.237e-05
2740 -1.238e-05
2740 -1.2485e-05
2750 -1.2535e-05
2760 -1.2515e-05
2760 -1.2505e-05
2770 -1.2545e-05
2770 -1.2115e-05
2780 -1.222e-05
2780 -1.238e-05
2790 -1.237e-05
2790 -1.2405e-05
2800 -1.2445e-05
2800 -1.2545e-05
2810 -1.2625e-05
2810 -1.2705e-05
2820 -1.2615e-05
2830 -1.263e-05
2830 -1.2765e-05
2840 -1.2745e-05
2840 -1.2615e-05
2850 -1.2775e-05
2850 -1.268e-05
2860 -1.279e-05
2860 -1.268e-05
2870 -1.27e-05
2870 -1.264e-05
2880 -1.277e-05
2880 -1.272e-05
2890 -1.262e-05
2900 -1.264e-05
2900 -1.2665e-05
2910 -1.2685e-05
2910 -1.2585e-05
2920 -1.2645e-05
2920 -1.2745e-05
2930 -1.273e-05
2930 -1.2845e-05
2940 -1.2855e-05
2940 -1.269e-05
2950 -1.286e-05
2950 -1.281e-05
2960 -1.2965e-05
2970 -1.2855e-05
2970 -1.3055e-05
2980 -1.297e-05
2980 -1.313e-05
2990 -1.314e-05
2990 -1.339e-05
3000 -1.349e-05
3000 -1.3395e-05
3010 -1.354e-05
3010 -1.35e-05
3020 -1.356e-05
3020 -1.349e-05
3030 -1.3325e-05
3040 -1.329e-05
3040 -1.328e-05
3050 -1.329e-05
3050 -1.3505e-05
3060 -1.322e-05
3060 -1.311e-05
3070 -1.319e-05
3070 -1.312e-05
3080 -1.313e-05
3080 -1.29615e-05
3090 -1.28715e-05
3090 -1.27565e-05
3100 -1.24265e-05
3100 -1.23065e-05
3110 -1.23115e-05
3110 -1.2075e-05
3120 -1.1985e-05
3120 -1.1905e-05
3130 -1.1865e-05
3140 -1.198e-05
3140 -1.184e-05
3150 -1.17e-05
3150 -1.168e-05
3160 -1.162e-05
3160 -1.1755e-05
3170 -1.1725e-05
3170 -1.1585e-05
3180 -1.1765e-05
3180 -1.1705e-05
3190 -1.19785e-05
3200 -1.19585e-05
3200 -1.20435e-05
3210 -1.20585e-05
3210 -1.21485e-05
3220 -1.21335e-05
3220 -1.2215e-05
3230 -1.2185e-05
3230 -1.2275e-05
3240 -1.2365e-05
3240 -1.2355e-05
3250 -1.2535e-05
3260 -1.2545e-05
3260 -1.2475e-05
3270 -1.2335e-05
3270 -1.2475e-05
3280 -1.2525e-05
3280 -1.2475e-05
3290 -1.22965e-05
3290 -1.22965e-05
3300 -1.22265e-05
3300 -1.22965e-05
3310 -1.23765e-05
3320 -1.23515e-05
3320 -1.23115e-05
3330 -1.24215e-05
3330 -1.25065e-05
3340 -1.25215e-05
3340 -1.25115e-05
3350 -1.24815e-05
3350 -1.24165e-05
3360 -1.24115e-05
3360 -1.24715e-05
3370 -1.25715e-05
3370 -1.26465e-05
3380 -1.26365e-05
3390 -1.28165e-05
3390 -1.27565e-05
3400 -1.2845e-05
3400 -1.286e-05
3410 -1.292e-05
3410 -1.281e-05
3420 -1.291e-05
3420 -1.306e-05
3430 -1.316e-05
3440 -1.28935e-05
3440 -1.28835e-05
3450 -1.29285e-05
3450 -1.29085e-05
3460 -1.29535e-05
3460 -1.29685e-05
3470 -1.28635e-05
3470 -1.29235e-05
3480 -1.29285e-05
3490 -1.28885e-05
3490 -1.28385e-05
3500 -1.26085e-05
3500 -1.26085e-05
3510 -1.26135e-05
3510 -1.24585e-05
3520 -1.23735e-05
3520 -1.24835e-05
3530 -1.23085e-05
3540 -1.22485e-05
3540 -1.20385e-05
3550 -1.21135e-05
3550 -1.21035e-05
3560 -1.20735e-05
3560 -1.18585e-05
3570 -1.18685e-05
3580 -1.17085e-05
3580 -1.17335e-05
3590 -1.16435e-05
3590 -1.15285e-05
3600 -1.1487e-05
3600 -1.1462e-05
3610 -1.1492e-05
3610 -1.1472e-05
3620 -1.1507e-05
3630 -1.1567e-05
3630 -1.1612e-05
3640 -1.1592e-05
3640 -1.1567e-05
3650 -1.1597e-05
3650 -1.1652e-05
3660 -1.18285e-05
3660 -1.19085e-05
3670 -1.19885e-05
3670 -1.22235e-05
3680 -1.21685e-05
3680 -1.218e-05
3690 -1.2185e-05
3700 -1.229e-05
3700 -1.239e-05
3710 -1.25865e-05
3710 -1.25615e-05
3720 -1.26315e-05
3720 -1.26915e-05
3730 -1.27315e-05
3730 -1.26965e-05
3740 -1.2548e-05
3740 -1.2842e-05
3750 -1.2842e-05
3750 -1.26173333333333e-05
3760 -1.2523e-05
3770 -1.2623e-05
3770 -1.292e-05
3780 -1.254e-05
3780 -1.2146e-05
3790 -1.14433333333333e-05
3790 -9.83e-06
