   0.0000000000000000                         1
   9.9999999999999995E-008                    1
   2.0599999999999999E-007                    1
   3.1836000000000000E-007                    1
   4.3746159999999998E-007                    1
   5.6370929600000005E-007                    1
   6.9753185376000002E-007                    1
   8.3938376498560006E-007                    1
   9.8974679088473622E-007                    1
   1.1491315983378204E-006                    1
   1.3180794942380898E-006                    1
   1.4971642638923754E-006                    1
   1.6869941197259179E-006                    1
   1.8882137669094730E-006                    1
   2.1015065929240413E-006                    1
   2.3275969884994839E-006                    1
   2.5672528078094530E-006                    1
   2.8212879762780204E-006                    1
   3.0905652548547016E-006                    1
   3.3759991701459841E-006                    1
   3.6785591203547435E-006                    1
   3.9992726675760282E-006                    1
   4.3392290276305900E-006                    1
