                    1     0.0000000000000000          1.8652685571066123     
                    2     5.0000000000000001E-003     1.8572950388623686     
                    3     1.0000000000000000E-002     1.8492908267640438     
                    4     1.4999999999999999E-002     1.8412709359138792     
                    5     2.0000000000000000E-002     1.8332198617883035     
                    6     2.5000000000000001E-002     1.8251526416976882     
                    7     2.9999999999999999E-002     1.8170537317018141     
                    8     3.5000000000000003E-002     1.8089381914111058     
                    9     4.0000000000000001E-002     1.8007904364972718     
                   10     4.4999999999999998E-002     1.7926255489507470     
                   11     5.0000000000000003E-002     1.7844279030364840     
                   12     5.5000000000000000E-002     1.7762126031913170     
                   13     5.9999999999999998E-002     1.7679639812041237     
                   14     6.5000000000000002E-002     1.7596971640091645     
                   15     7.0000000000000007E-002     1.7513964397956061     
                   16     7.4999999999999997E-002     1.7430769580287881     
                   17     8.0000000000000002E-002     1.7347229621161786     
                   18     8.5000000000000006E-002     1.7263496240682219     
                   19     8.9999999999999997E-002     1.7179411412659271     
                   20     9.5000000000000001E-002     1.7095127082567103     
                   21    0.10000000000000001          1.7010484750827379     
                   22    0.10500000000000000          1.6925636587952602     
                   23    0.11000000000000000          1.6840423607122543     
                   24    0.11500000000000000          1.6754998203274645     
                   25    0.12000000000000000          1.6669200887704883     
                   26    0.12500000000000000          1.6583184278844147     
                   27    0.13000000000000000          1.6496788370609377     
                   28    0.13500000000000001          1.6410166003634632     
                   29    0.14000000000000001          1.6323156638037442     
                   30    0.14499999999999999          1.6235913334960079     
                   31    0.14999999999999999          1.6148275003295562     
                   32    0.15500000000000000          1.6060394922542747     
                   33    0.16000000000000000          1.5972111431852043     
                   34    0.16500000000000001          1.5883578026411660     
                   35    0.17000000000000001          1.5794632455919984     
                   36    0.17500000000000002          1.5705428428004955     
                   37    0.17999999999999999          1.5615803081902588     
                   38    0.18500000000000000          1.5525910333772530     
                   39    0.19000000000000000          1.5435586689954661     
                   40    0.19500000000000001          1.5344986270487373     
                   41    0.20000000000000001          1.5253944924819964     
                   42    0.20500000000000002          1.5162616971372891     
                   43    0.20999999999999999          1.5070837576995639     
                   44    0.21500000000000000          1.4978761252037416     
                   45    0.22000000000000000          1.4886222453150331     
                   46    0.22500000000000001          1.4793375875072985     
                   47    0.23000000000000001          1.4700055234578318     
                   48    0.23500000000000001          1.4606415402020312     
                   49    0.23999999999999999          1.4512289322305032     
                   50    0.24500000000000000          1.4417832031222066     
                   51    0.25000000000000000          1.4322875667265278     
                   52    0.25500000000000000          1.4227575419876908     
                   53    0.26000000000000001          1.4131762583749163     
                   54    0.26500000000000001          1.4035592488362363     
                   55    0.27000000000000002          1.3938895544046241     
                   56    0.27500000000000002          1.3841827204607999     
                   57    0.28000000000000003          1.3744216951907817     
                   58    0.28500000000000003          1.3646220345963662     
                   59    0.28999999999999998          1.3547665892081864     
                   60    0.29499999999999998          1.3448709235610234     
                   61    0.29999999999999999          1.3349177852742635     
                   62    0.30499999999999999          1.3249227450089753     
                   63    0.31000000000000000          1.3148684417124461     
                   64    0.31500000000000000          1.3047704493972425     
                   65    0.32000000000000001          1.2946112920058130     
                   66    0.32500000000000001          1.2844065437010033     
                   67    0.33000000000000002          1.2741386064377274     
                   68    0.33500000000000002          1.2638230508324353     
                   69    0.34000000000000002          1.2534421491283665     
                   70    0.34500000000000003          1.2430114641214367     
                   71    0.35000000000000003          1.2325131297699352     
                   72    0.35499999999999998          1.2219626960998120     
                   73    0.35999999999999999          1.2113421492346268     
                   74    0.36499999999999999          1.2006670206884165     
                   75    0.37000000000000000          1.1899191380723495     
                   76    0.37500000000000000          1.1791140077129567     
                   77    0.38000000000000000          1.1682332867226131     
                   78    0.38500000000000001          1.1572924484603455     
                   79    0.39000000000000001          1.1462729660273208     
                   80    0.39500000000000002          1.1351902707229482     
                   81    0.40000000000000002          1.1240256363362113     
                   82    0.40500000000000003          1.1127944414485753     
                   83    0.41000000000000003          1.1014777431280700     
                   84    0.41500000000000004          1.0900908547009642     
                   85    0.41999999999999998          1.0786145966070462     
                   86    0.42499999999999999          1.0670642021138492     
                   87    0.42999999999999999          1.0554202321455166     
                   88    0.43500000000000000          1.0436978223578843     
                   89    0.44000000000000000          1.0318772476938605     
                   90    0.44500000000000001          1.0199735252881013     
                   91    0.45000000000000001          1.0079666133097953     
                   92    0.45500000000000002         0.99587138533745856     
                   93    0.46000000000000002         0.98366744670178918     
                   94    0.46500000000000002         0.97136949728232547     
                   95    0.47000000000000003         0.95895674702934064     
                   96    0.47500000000000003         0.94644368560588321     
                   97    0.47999999999999998         0.93380907701168947     
                   98    0.48499999999999999         0.92106715615103818     
                   99    0.48999999999999999         0.90819618045648298     
                  100    0.49500000000000000         0.89521007533343522     
                  101    0.50000000000000000         0.88208651832647145     
                  102    0.50500000000000000         0.86883905750801182     
                  103    0.51000000000000001         0.85544470096515368     
                  104    0.51500000000000001         0.84191653459821358     
                  105    0.52000000000000002         0.82823078642413750     
                  106    0.52500000000000002         0.81439997296903410     
                  107    0.53000000000000003         0.80039940393765330     
                  108    0.53500000000000003         0.78624088945837445     
                  109    0.54000000000000004         0.77189864584872636     
                  110    0.54500000000000004         0.75738359942661082     
                  111    0.55000000000000004         0.74266864810621924     
                  112    0.55500000000000005         0.72776360132015139     
                  113    0.56000000000000005         0.71263974455156809     
                  114    0.56500000000000006         0.69730545904122698     
                  115    0.57000000000000006         0.68173002638394720     
                  116    0.57500000000000007         0.66591997588577245     
                  117    0.57999999999999996         0.64984205285013841     
                  118    0.58499999999999996         0.63350034511577924     
                  119    0.58999999999999997         0.61685831959835269     
                  120    0.59499999999999997         0.59991678131094861     
                  121    0.59999999999999998         0.58263485438545271     
                  122    0.60499999999999998         0.56500882359767934     
                  123    0.60999999999999999         0.54699189116824787     
                  124    0.61499999999999999         0.52857393504198846     
                  125    0.62000000000000000         0.50969979580619984     
                  126    0.62500000000000000         0.49034993935848431     
                  127    0.63000000000000000         0.47045688351228770     
                  128    0.63500000000000001         0.44998662679900719     
                  129    0.64000000000000001         0.42885251970757826     
                  130    0.64500000000000002         0.40699697580673538     
                  131    0.65000000000000002         0.38430135836373230     
                  132    0.65500000000000003         0.36066646217844084     
                  133    0.66000000000000003         0.33591488974968331     
                  134    0.66500000000000004         0.30986526224455441     
                  135    0.67000000000000004         0.28221606311861341     
                  136    0.67500000000000004         0.25259322629095382     
                  137    0.68000000000000005         0.22036716744602569     
                  138    0.68500000000000005         0.18455435510387108     
                  139    0.69000000000000006         0.14318935783482961     
                  140    0.69500000000000006          9.1437035932321845E-002
                  141    0.70000000000000007          0.0000000000000000     
