                    1     2.5000000000000001E-003     1.1606988076056073     
                    2     7.4999999999999997E-003     1.1557076243160394     
                    3     1.2500000000000001E-002     1.1507019670938230     
                    4     1.7500000000000002E-002     1.1456816833063859     
                    5     2.2499999999999999E-002     1.1406466271439293     
                    6     2.7500000000000000E-002     1.1355966406086198     
                    7     3.2500000000000001E-002     1.1305315725514475     
                    8     3.7500000000000006E-002     1.1254512593351769     
                    9     4.2499999999999996E-002     1.1203555441936146     
                   10     4.7500000000000001E-002     1.1152442575575268     
                   11     5.2500000000000005E-002     1.1101172367466012     
                   12     5.7499999999999996E-002     1.1049743059470032     
                   13     6.2500000000000000E-002     1.0998152962467949     
                   14     6.7500000000000004E-002     1.0946400252532258     
                   15     7.2500000000000009E-002     1.0894483174828777     
                   16     7.7499999999999999E-002     1.0842399836061722     
                   17     8.2500000000000004E-002     1.0790148412040523     
                   18     8.7499999999999994E-002     1.0737726936265228     
                   19     9.2499999999999999E-002     1.0685133511282563     
                   20     9.7500000000000003E-002     1.0632366093272765     
                   21    0.10250000000000001          1.0579422707324839     
                   22    0.10750000000000000          1.0526301227878319     
                   23    0.11250000000000000          1.0472999598054158     
                   24    0.11749999999999999          1.0419515605796756     
                   25    0.12250000000000000          1.0365847107403816     
                   26    0.12750000000000000          1.0311991799205180     
                   27    0.13250000000000001          1.0257947445442321     
                   28    0.13750000000000001          1.0203711645311087     
                   29    0.14250000000000002          1.0149282065349314     
                   30    0.14749999999999999          1.0094656201660284     
                   31    0.15250000000000000          1.0039831616975343     
                   32    0.15750000000000000         0.99848056978638400     
                   33    0.16250000000000001         0.99295758966464942     
                   34    0.16750000000000001         0.98741394833855534     
                   35    0.17250000000000001         0.98184937928342308     
                   36    0.17749999999999999         0.97626359709877897     
                   37    0.18250000000000000         0.97065632272644908     
                   38    0.18750000000000000         0.96502725753841689     
                   39    0.19250000000000000         0.95937610909870075     
                   40    0.19750000000000001         0.95370256465907188     
                   41    0.20250000000000001         0.94800631748650765     
                   42    0.20750000000000002         0.94228703974019545     
                   43    0.21249999999999999         0.93654440938759942     
                   44    0.21750000000000000         0.93077808243432902     
                   45    0.22250000000000000         0.92498772045318745     
                   46    0.22750000000000001         0.91917296213645927     
                   47    0.23250000000000001         0.91333345146373213     
                   48    0.23749999999999999         0.90746880854393308     
                   49    0.24249999999999999         0.90157865844923890     
                   50    0.24750000000000000         0.89566260131173536     
                   51    0.25250000000000000         0.88972024185236398     
                   52    0.25750000000000001         0.88375115869436516     
                   53    0.26250000000000001         0.87775493461795351     
                   54    0.26750000000000002         0.87173112504969674     
                   55    0.27250000000000002         0.86567928907547942     
                   56    0.27750000000000002         0.85959895706162226     
                   57    0.28250000000000003         0.85348966246068803     
                   58    0.28749999999999998         0.84735090851641104     
                   59    0.29249999999999998         0.84118220089902607     
                   60    0.29749999999999999         0.83498301344189518     
                   61    0.30249999999999999         0.82875282164530617     
                   62    0.30750000000000000         0.82249106738798217     
                   63    0.31250000000000000         0.81619719334069996     
                   64    0.31750000000000000         0.80987060659056398     
                   65    0.32250000000000001         0.80351071400833785     
                   66    0.32750000000000001         0.79711688471734932     
                   67    0.33250000000000002         0.79068848646110934     
                   68    0.33750000000000002         0.78422484684186755     
                   69    0.34250000000000003         0.77772529073789065     
                   70    0.34750000000000003         0.77118910022885545     
                   71    0.35250000000000004         0.76461555311505658     
                   72    0.35749999999999998         0.75800388143781594     
                   73    0.36249999999999999         0.75135331115585013     
                   74    0.36749999999999999         0.74466301915845579     
                   75    0.37250000000000000         0.73793217415723422     
                   76    0.37750000000000000         0.73115989207768584     
                   77    0.38250000000000001         0.72434527822738026     
                   78    0.38750000000000001         0.71748738093739228     
                   79    0.39250000000000002         0.71058523507068938     
                   80    0.39750000000000002         0.70363781376809076     
                   81    0.40250000000000002         0.69664407336294132     
                   82    0.40750000000000003         0.68960290306637329     
                   83    0.41250000000000003         0.68251317135597267     
                   84    0.41749999999999998         0.67537367341127219     
                   85    0.42249999999999999         0.66818317904471947     
                   86    0.42749999999999999         0.66094037766949798     
                   87    0.43250000000000000         0.65364392784010450     
                   88    0.43750000000000000         0.64629239949941697     
                   89    0.44250000000000000         0.63888432519276284     
                   90    0.44750000000000001         0.63141813929778134     
                   91    0.45250000000000001         0.62389223096884483     
                   92    0.45750000000000002         0.61630487999918526     
                   93    0.46250000000000002         0.60865431154016059     
                   94    0.46750000000000003         0.60093862817688359     
                   95    0.47250000000000003         0.59315586644654239     
                   96    0.47750000000000004         0.58530392462153324     
                   97    0.48249999999999998         0.57738062101900167     
                   98    0.48749999999999999         0.56938361687236938     
                   99    0.49249999999999999         0.56131047637466613     
                  100    0.49750000000000000         0.55315858387038919     
                  101    0.50249999999999995         0.54492520549919432     
                  102    0.50750000000000006         0.53660739974057448     
                  103    0.51249999999999996         0.52820208040832739     
                  104    0.51750000000000007         0.51970591930854493     
                  105    0.52249999999999996         0.51111541015731610     
                  106    0.52750000000000008         0.50242676173411593     
                  107    0.53249999999999997         0.49363596202062288     
                  108    0.53750000000000009         0.48473865969352137     
                  109    0.54249999999999998         0.47573022735395198     
                  110    0.54750000000000010         0.46660562841998060     
                  111    0.55249999999999999         0.45735947763792612     
                  112    0.55750000000000011         0.44798588926231009     
                  113    0.56250000000000000         0.43847853194593656     
                  114    0.56750000000000012         0.42883045228852223     
                  115    0.57250000000000001         0.41903411939550766     
                  116    0.57750000000000001         0.40908121499872718     
                  117    0.58250000000000002         0.39896265990646551     
                  118    0.58749999999999991         0.38866835713974718     
                  119    0.59250000000000003         0.37818718711200827     
                  120    0.59749999999999992         0.36750668200663528     
                  121    0.60250000000000004         0.35661296668796494     
                  122    0.60749999999999993         0.34549032763341248     
                  123    0.61250000000000004         0.33412105771615075     
                  124    0.61749999999999994         0.32248485431502838     
                  125    0.62250000000000005         0.31055848774715067     
                  126    0.62749999999999995         0.29831490397281291     
                  127    0.63250000000000006         0.28572255252191198     
                  128    0.63749999999999996         0.27274393606271596     
                  129    0.64250000000000007         0.25933423225070351     
                  130    0.64749999999999996         0.24543869864318718     
                  131    0.65250000000000008         0.23098967771753670     
                  132    0.65749999999999997         0.21590130055055334     
                  133    0.66250000000000009         0.20006222588138356     
                  134    0.66749999999999998         0.18332268458018686     
                  135    0.67250000000000010         0.16547327147683585     
                  136    0.67749999999999999         0.14620319242833474     
                  137    0.68250000000000011         0.12501354119695005     
                  138    0.68750000000000000         0.10099420638737774     
                  139    0.69250000000000012          7.2055290577804160E-002
                  140    0.69750000000000001          2.7992490062506127E-002
