                    1     0.0000000000000000          2.7636459950658772     
                    2     5.0000000000000001E-003     2.7518549869858693     
                    3     1.0000000000000000E-002     2.7400185541261650     
                    4     1.4999999999999999E-002     2.7281589179004957     
                    5     2.0000000000000000E-002     2.7162531320132990     
                    6     2.5000000000000001E-002     2.7043234512676104     
                    7     2.9999999999999999E-002     2.6923468704851610     
                    8     3.5000000000000003E-002     2.6803456780071544     
                    9     4.0000000000000001E-002     2.6682968083205378     
                   10     4.4999999999999998E-002     2.6562225834363216     
                   11     5.0000000000000003E-002     2.6440998759840317     
                   12     5.5000000000000000E-002     2.6319510417565639     
                   13     5.9999999999999998E-002     2.6197528899277969     
                   14     6.5000000000000002E-002     2.6075278101623924     
                   15     7.0000000000000007E-002     2.5952525464992799     
                   16     7.4999999999999997E-002     2.5829495225396220     
                   17     8.0000000000000002E-002     2.5705954154210033     
                   18     8.5000000000000006E-002     2.5582126827173766     
                   19     8.9999999999999997E-002     2.5457779328049024     
                   20     9.5000000000000001E-002     2.5333136572344501     
                   21    0.10000000000000001          2.5207963936597668     
                   22    0.10500000000000000          2.5082486675764231     
                   23    0.11000000000000000          2.4956469438458928     
                   24    0.11500000000000000          2.4830137818351989     
                   25    0.12000000000000000          2.4703255714260495     
                   26    0.12500000000000000          2.4576049057373335     
                   27    0.13000000000000000          2.4448280973561975     
                   28    0.13500000000000001          2.4320177729814971     
                   29    0.14000000000000001          2.4191501654530230     
                   30    0.14499999999999999          2.4062479348186323     
                   31    0.14999999999999999          2.3932872315681095     
                   32    0.15500000000000000          2.3802907488006348     
                   33    0.16000000000000000          2.3672345518903306     
                   34    0.16500000000000001          2.3541413666146451     
                   35    0.17000000000000001          2.3409871702887286     
                   36    0.17500000000000002          2.3277947209100289     
                   37    0.17999999999999999          2.3145399045974449     
                   38    0.18500000000000000          2.3012455110137506     
                   39    0.19000000000000000          2.2878873317320907     
                   40    0.19500000000000001          2.2744881874167477     
                   41    0.20000000000000001          2.2610237715129542     
                   42    0.20500000000000002          2.2475169348989850     
                   43    0.20999999999999999          2.2339432690544005     
                   44    0.21500000000000000          2.2203256541436036     
                   45    0.22000000000000000          2.2066395755612866     
                   46    0.22500000000000001          2.1929079416706991     
                   47    0.23000000000000001          2.1791061273518699     
                   48    0.23500000000000001          2.1652570678982781     
                   49    0.23999999999999999          2.1513360229018876     
                   50    0.24500000000000000          2.1373659531112241     
                   51    0.25000000000000000          2.1233219976757236     
                   52    0.25500000000000000          2.1092271410880739     
                   53    0.26000000000000001          2.0950563964770113     
                   54    0.26500000000000001          2.0808327700990961     
                   55    0.27000000000000002          2.0665311430117863     
                   56    0.27500000000000002          2.0521745409466994     
                   57    0.28000000000000003          2.0377377063112441     
                   58    0.28500000000000003          2.0232436816692281     
                   59    0.28999999999999998          2.0086670636069295     
                   60    0.29499999999999998          1.9940309084702812     
                   61    0.29999999999999999          1.9793096591870720     
                   62    0.30499999999999999          1.9645263823658745     
                   63    0.31000000000000000          1.9496553586867225     
                   64    0.31500000000000000          1.9347196609587991     
                   65    0.32000000000000001          1.9196933981736954     
                   66    0.32500000000000001          1.9045996446504185     
                   67    0.33000000000000002          1.8894123272838854     
                   68    0.33500000000000002          1.8741545164813418     
                   69    0.34000000000000002          1.8587999455291742     
                   70    0.34500000000000003          1.8433716746492437     
                   71    0.35000000000000003          1.8278432307437533     
                   72    0.35499999999999998          1.8122376565788390     
                   73    0.35999999999999999          1.7965282584436566     
                   74    0.36499999999999999          1.7807380532081676     
                   75    0.37000000000000000          1.7648401106412919     
                   76    0.37500000000000000          1.7488574118974676     
                   77    0.38000000000000000          1.7327627723709247     
                   78    0.38500000000000001          1.7165791260496457     
                   79    0.39000000000000001          1.7002790138283890     
                   80    0.39500000000000002          1.6838853091387507     
                   81    0.40000000000000002          1.6673702555905288     
                   82    0.40500000000000003          1.6507566503538549     
                   83    0.41000000000000003          1.6340164138327533     
                   84    0.41500000000000004          1.6171722484526496     
                   85    0.41999999999999998          1.6001957217747533     
                   86    0.42499999999999999          1.5831094196447486     
                   87    0.42999999999999999          1.5658845227117915     
                   88    0.43500000000000000          1.5485434743393685     
                   89    0.44000000000000000          1.5310570288740504     
                   90    0.44500000000000001          1.5134474563278615     
                   91    0.45000000000000001          1.4956850389199527     
                   92    0.45500000000000002          1.4777918363354043     
                   93    0.46000000000000002          1.4597376050014497     
                   94    0.46500000000000002          1.4415441497385844     
                   95    0.47000000000000003          1.4231806378868936     
                   96    0.47500000000000003          1.4046685654246935     
                   97    0.47999999999999998          1.3859764353733723     
                   98    0.48499999999999999          1.3671253690050844     
                   99    0.48999999999999999          1.3480831148543495     
                  100    0.49500000000000000          1.3288703385144160     
                  101    0.50000000000000000          1.3094539249775441     
                  102    0.50500000000000000          1.2898539837809639     
                  103    0.51000000000000001          1.2700364031629132     
                  104    0.51500000000000001          1.2500206110213006     
                  105    0.52000000000000002          1.2297713343448016     
                  106    0.52500000000000002          1.2093071606523964     
                  107    0.53000000000000003          1.1885914501124830     
                  108    0.53500000000000003          1.1676417469001732     
                  109    0.54000000000000004          1.1464197840343651     
                  110    0.54500000000000004          1.1249417994689170     
                  111    0.55000000000000004          1.1031675644958390     
                  112    0.55500000000000005          1.0811116653812936     
                  113    0.56000000000000005          1.0587314745075778     
                  114    0.56500000000000006          1.0360394648788831     
                  115    0.57000000000000006          1.0129900279181021     
                  116    0.57500000000000007         0.98959289487401569     
                  117    0.57999999999999996         0.96579868457062179     
                  118    0.58499999999999996         0.94161351180954211     
                  119    0.58999999999999997         0.91698311931934684     
                  120    0.59499999999999997         0.89190875668247060     
                  121    0.59999999999999998         0.86632970763492700     
                  122    0.60499999999999998         0.84024051923879595     
                  123    0.60999999999999999         0.81357166755623656     
                  124    0.61499999999999999         0.78630819478360059     
                  125    0.62000000000000000         0.75836813996383390     
                  126    0.62500000000000000         0.72972257446447586     
                  127    0.63000000000000000         0.70027120617270211     
                  128    0.63500000000000001         0.66996361919058056     
                  129    0.64000000000000001         0.63867100200858296     
                  130    0.64500000000000002         0.60630788676680658     
                  131    0.65000000000000002         0.57269785043120680     
                  132    0.65500000000000003         0.53769352279411686     
                  133    0.66000000000000003         0.50103096802383462     
                  134    0.66500000000000004         0.46244046934501509     
                  135    0.67000000000000004         0.42147306592007744     
                  136    0.67500000000000004         0.37757172604701383     
                  137    0.68000000000000005         0.32979760176038941     
                  138    0.68500000000000005         0.27668245152588294     
                  139    0.69000000000000006         0.21528469851710025     
                  140    0.69500000000000006         0.13833113776489603     
                  141    0.70000000000000007          0.0000000000000000     
