                    1     2.5000000000000001E-003     1.0107156686939551     
                    2     7.4999999999999997E-003     1.0063697655028800     
                    3     1.2500000000000001E-002     1.0020112483898589     
                    4     1.7500000000000002E-002    0.99763998437757406     
                    5     2.2499999999999999E-002    0.99325584641147990     
                    6     2.7500000000000000E-002    0.98885869684013039     
                    7     3.2500000000000001E-002    0.98444840395730449     
                    8     3.7500000000000006E-002    0.98002482519861633     
                    9     4.2499999999999996E-002    0.97558782396401122     
                   10     4.7500000000000001E-002    0.97113725252127547     
                   11     5.2500000000000005E-002    0.96667296911784384     
                   12     5.7499999999999996E-002    0.96219482058135997     
                   13     6.2500000000000000E-002    0.95770265973015201     
                   14     6.7500000000000004E-002    0.95319632766049200     
                   15     7.2500000000000009E-002    0.94867567146553888     
                   16     7.7499999999999999E-002    0.94414052619840971     
                   17     8.2500000000000004E-002    0.93959073290985917     
                   18     8.7499999999999994E-002    0.93502612027570042     
                   19     9.2499999999999999E-002    0.93044652296398955     
                   20     9.7500000000000003E-002    0.92585176291471849     
                   21    0.10250000000000001         0.92124166804780061     
                   22    0.10750000000000000         0.91661605318229999     
                   23    0.11250000000000000         0.91197473909707805     
                   24    0.11749999999999999         0.90731753307611085     
                   25    0.12250000000000000         0.90264424833425716     
                   26    0.12750000000000000         0.89795468417445279     
                   27    0.13250000000000001         0.89324864579169716     
                   28    0.13750000000000001         0.88852592402708930     
                   29    0.14250000000000002         0.88378631556381027     
                   30    0.14749999999999999         0.87902960226207683     
                   31    0.15250000000000000         0.87425557176162361     
                   32    0.15750000000000000         0.86946399638068350     
                   33    0.16250000000000001         0.86465465414024933     
                   34    0.16750000000000001         0.85982730720914979     
                   35    0.17250000000000001         0.85498172336619382     
                   36    0.17749999999999999         0.85011765397227834     
                   37    0.18250000000000000         0.84523485588740388     
                   38    0.18750000000000000         0.84033306894951676     
                   39    0.19250000000000000         0.83541203836432953     
                   40    0.19750000000000001         0.83047149166925771     
                   41    0.20250000000000001         0.82551116161498617     
                   42    0.20750000000000002         0.82053076259139823     
                   43    0.21249999999999999         0.81553001402090686     
                   44    0.21750000000000000         0.81050861622166970     
                   45    0.22250000000000000         0.80546627433386064     
                   46    0.22750000000000001         0.80040267359370254     
                   47    0.23250000000000001         0.79531750381509281     
                   48    0.23749999999999999         0.79021043404605129     
                   49    0.24249999999999999         0.78508113762943565     
                   50    0.24750000000000000         0.77992926621126801     
                   51    0.25250000000000000         0.77475447540569409     
                   52    0.25750000000000001         0.76955639812229282     
                   53    0.26250000000000001         0.76433467086194706     
                   54    0.26750000000000002         0.75908890632762660     
                   55    0.27250000000000002         0.75381872037945863     
                   56    0.27750000000000002         0.74852370389056455     
                   57    0.28250000000000003         0.74320345039134961     
                   58    0.28749999999999998         0.73785752712872643     
                   59    0.29249999999999998         0.73248550343148988     
                   60    0.29749999999999999         0.72708692092762650     
                   61    0.30249999999999999         0.72166132266460314     
                   62    0.30750000000000000         0.71620822243537530     
                   63    0.31250000000000000         0.71072713468950521     
                   64    0.31750000000000000         0.70521754291386962     
                   65    0.32250000000000001         0.69967893037272988     
                   66    0.32750000000000001         0.69411074748391144     
                   67    0.33250000000000002         0.68851244342827056     
                   68    0.33750000000000002         0.68288343245616834     
                   69    0.34250000000000003         0.67722312640920257     
                   70    0.34750000000000003         0.67153089988498860     
                   71    0.35250000000000004         0.66580612371653869     
                   72    0.35749999999999998         0.66004812891553133     
                   73    0.36249999999999999         0.65425624115727921     
                   74    0.36749999999999999         0.64842974341361403     
                   75    0.37250000000000000         0.64256791149395220     
                   76    0.37750000000000000         0.63666997526837821     
                   77    0.38250000000000001         0.63073515531781565     
                   78    0.38750000000000001         0.62476262263554738     
                   79    0.39250000000000002         0.61875153644181191     
                   80    0.39750000000000002         0.61270100223743906     
                   81    0.40250000000000002         0.60661011084016503     
                   82    0.40750000000000003         0.60047789464675572     
                   83    0.41250000000000003         0.59430336794973360     
                   84    0.41749999999999998         0.58808548124362447     
                   85    0.42249999999999999         0.58182316288127522     
                   86    0.42749999999999999         0.57551527123479651     
                   87    0.43250000000000000         0.56916063774973236     
                   88    0.43750000000000000         0.56275801674068404     
                   89    0.44250000000000000         0.55630612989856565     
                   90    0.44750000000000001         0.54980361346317919     
                   91    0.45250000000000001         0.54324906423261732     
                   92    0.45750000000000002         0.53664098380803615     
                   93    0.46250000000000002         0.52997782614342670     
                   94    0.46750000000000003         0.52325793849849789     
                   95    0.47250000000000003         0.51647961054928981     
                   96    0.47750000000000004         0.50964101160921493     
                   97    0.48249999999999998         0.50274024129298756     
                   98    0.48749999999999999         0.49577526246749104     
                   99    0.49249999999999999         0.48874395341819321     
                  100    0.49750000000000000         0.48164403586195637     
                  101    0.50249999999999995         0.47447312849877904     
                  102    0.50750000000000006         0.46722866924517986     
                  103    0.51249999999999996         0.45990796995279054     
                  104    0.51750000000000007         0.45250813178433935     
                  105    0.52249999999999996         0.44502610072544735     
                  106    0.52750000000000008         0.43745857469605592     
                  107    0.53249999999999997         0.42980205924241860     
                  108    0.53750000000000009         0.42205276450870821     
                  109    0.54249999999999998         0.41420666012287966     
                  110    0.54750000000000010         0.40625935947130154     
                  111    0.55249999999999999         0.39820617220117571     
                  112    0.55750000000000011         0.39004197222094272     
                  113    0.56250000000000000         0.38176124528857480     
                  114    0.56750000000000012         0.37335793558857416     
                  115    0.57250000000000001         0.36482548430162443     
                  116    0.57750000000000001         0.35615664710491218     
                  117    0.58250000000000002         0.34734351694721222     
                  118    0.58749999999999991         0.33837730067754818     
                  119    0.59250000000000003         0.32924831456145254     
                  120    0.59749999999999992         0.31994570109205234     
                  121    0.60250000000000004         0.31045737721891348     
                  122    0.60749999999999993         0.30076965941955069     
                  123    0.61250000000000004         0.29086712819257421     
                  124    0.61749999999999994         0.28073210450296227     
                  125    0.62250000000000005         0.27034436069935996     
                  126    0.62749999999999995         0.25968033993018486     
                  127    0.63250000000000006         0.24871257059472163     
                  128    0.63749999999999996         0.23740840447853373     
                  129    0.64250000000000007         0.22572881657557070     
                  130    0.64749999999999996         0.21362614729773916     
                  131    0.65250000000000008         0.20104149516286401     
                  132    0.65749999999999997         0.18790010893762646     
                  133    0.66250000000000009         0.17410506849873586     
                  134    0.66749999999999998         0.15952601451345971     
                  135    0.67250000000000010         0.14398069731169244     
                  136    0.67749999999999999         0.12719866397393287     
                  137    0.68250000000000011         0.10874584560893477     
                  138    0.68750000000000000          8.7830647648118376E-002
                  139    0.69250000000000012          6.2636394901571066E-002
                  140    0.69750000000000001          2.4323555292845401E-002
