                    1     2.5000000000000001E-003    -1.6727367091889476E-005
                    2     7.4999999999999997E-003    -1.6607667385922746E-005
                    3     1.2500000000000001E-002    -1.6487965745259929E-005
                    4     1.7500000000000002E-002    -1.6368262152406011E-005
                    5     2.2499999999999999E-002    -1.6248556593103534E-005
                    6     2.7500000000000000E-002    -1.6128849049280426E-005
                    7     3.2500000000000001E-002    -1.6009139506162185E-005
                    8     3.7500000000000006E-002    -1.5889427945071161E-005
                    9     4.2499999999999996E-002    -1.5769714350688809E-005
                   10     4.7500000000000001E-002    -1.5649998703701487E-005
                   11     5.2500000000000005E-002    -1.5530280988217742E-005
                   12     5.7499999999999996E-002    -1.5410561184255498E-005
                   13     6.2500000000000000E-002    -1.5290839275319534E-005
                   14     6.7500000000000004E-002    -1.5171115240724675E-005
                   15     7.2500000000000009E-002    -1.5051389063338897E-005
                   16     7.7499999999999999E-002    -1.4931660721736851E-005
                   17     8.2500000000000004E-002    -1.4811930198114303E-005
                   18     8.7499999999999994E-002    -1.4692197470266041E-005
                   19     9.2499999999999999E-002    -1.4572462519677647E-005
                   20     9.7500000000000003E-002    -1.4452725323321508E-005
                   21    0.10250000000000001         -1.4332985861932232E-005
                   22    0.10750000000000000         -1.4213244111614158E-005
                   23    0.11250000000000000         -1.4093500052307054E-005
                   24    0.11749999999999999         -1.3973753659198180E-005
                   25    0.12250000000000000         -1.3854004911385238E-005
                   26    0.12750000000000000         -1.3734253783085663E-005
                   27    0.13250000000000001         -1.3614500252504198E-005
                   28    0.13750000000000001         -1.3494744292831645E-005
                   29    0.14250000000000002         -1.3374985881324850E-005
                   30    0.14749999999999999         -1.3255224990086718E-005
                   31    0.15250000000000000         -1.3135461595366821E-005
                   32    0.15750000000000000         -1.3015695668114023E-005
                   33    0.16250000000000001         -1.2895927183506354E-005
                   34    0.16750000000000001         -1.2776156111267086E-005
                   35    0.17250000000000001         -1.2656382425433074E-005
                   36    0.17749999999999999         -1.2536606094424517E-005
                   37    0.18250000000000000         -1.2416827091061490E-005
                   38    0.18750000000000000         -1.2297045382377084E-005
                   39    0.19250000000000000         -1.2177260939892410E-005
                   40    0.19750000000000001         -1.2057473729162147E-005
                   41    0.20250000000000001         -1.1937683720318959E-005
                   42    0.20750000000000002         -1.1817890877339764E-005
                   43    0.21249999999999999         -1.1698095168871177E-005
                   44    0.21750000000000000         -1.1578296557204056E-005
                   45    0.22250000000000000         -1.1458495009392333E-005
                   46    0.22750000000000001         -1.1338690485922546E-005
                   47    0.23250000000000001         -1.1218882952139229E-005
                   48    0.23749999999999999         -1.1099072366595238E-005
                   49    0.24249999999999999         -1.0979258692797687E-005
                   50    0.24750000000000000         -1.0859441887223954E-005
                   51    0.25250000000000000         -1.0739621911403098E-005
                   52    0.25750000000000001         -1.0619798719581262E-005
                   53    0.26250000000000001         -1.0499972271154606E-005
                   54    0.26750000000000002         -1.0380142517966628E-005
                   55    0.27250000000000002         -1.0260309417109691E-005
                   56    0.27750000000000002         -1.0140472917835578E-005
                   57    0.28250000000000003         -1.0020632974743919E-005
                   58    0.28749999999999998         -9.9007895342857183E-006
                   59    0.29249999999999998         -9.7809425483584148E-006
                   60    0.29749999999999999         -9.6610919603805619E-006
                   61    0.30249999999999999         -9.5412377193146570E-006
                   62    0.30750000000000000         -9.4213797652894094E-006
                   63    0.31250000000000000         -9.3015180440730621E-006
                   64    0.31750000000000000         -9.1816524922177329E-006
                   65    0.32250000000000001         -9.0617830520077657E-006
                   66    0.32750000000000001         -8.9419096560983509E-006
                   67    0.33250000000000002         -8.8220322429654247E-006
                   68    0.33750000000000002         -8.7021507410083672E-006
                   69    0.34250000000000003         -8.5822650845300732E-006
                   70    0.34750000000000003         -8.4623751972707788E-006
                   71    0.35250000000000004         -8.3424810089493349E-006
                   72    0.35749999999999998         -8.2225824381920671E-006
                   73    0.36249999999999999         -8.1026794096689236E-006
                   74    0.36749999999999999         -7.9827718363777927E-006
                   75    0.37250000000000000         -7.8628596374121473E-006
                   76    0.37750000000000000         -7.7429427195571703E-006
                   77    0.38250000000000001         -7.6230209957288064E-006
                   78    0.38750000000000001         -7.5030943658335168E-006
                   79    0.39250000000000002         -7.3831627359222570E-006
                   80    0.39750000000000002         -7.2632259982604430E-006
                   81    0.40250000000000002         -7.1432840512444136E-006
                   82    0.40750000000000003         -7.0233367786221529E-006
                   83    0.41250000000000003         -6.9033840702243230E-006
                   84    0.41749999999999998         -6.7834258002692664E-006
                   85    0.42249999999999999         -6.6634618489657509E-006
                   86    0.42749999999999999         -6.5434920798275688E-006
                   87    0.43250000000000000         -6.4235163622107776E-006
                   88    0.43750000000000000         -6.3035345475535809E-006
                   89    0.44250000000000000         -6.1835464929171468E-006
                   90    0.44750000000000001         -6.0635520360550003E-006
                   91    0.45250000000000001         -5.9435510200335450E-006
                   92    0.45750000000000002         -5.8235432670215389E-006
                   93    0.46250000000000002         -5.7035286040741659E-006
                   94    0.46750000000000003         -5.5835068355167302E-006
                   95    0.47250000000000003         -5.4634777699847025E-006
                   96    0.47750000000000004         -5.3434411912556087E-006
                   97    0.48249999999999998         -5.2233968866468415E-006
                   98    0.48749999999999999         -5.1033446161248823E-006
                   99    0.49249999999999999         -4.9832841421726944E-006
                  100    0.49750000000000000         -4.8632151969743665E-006
                  101    0.50249999999999995         -4.7431375138742341E-006
                  102    0.50750000000000006         -4.6230507923956813E-006
                  103    0.51249999999999996         -4.5029547314242925E-006
                  104    0.51750000000000007         -4.3828489917686766E-006
                  105    0.52249999999999996         -4.2627332312088392E-006
                  106    0.52750000000000008         -4.1426070642400340E-006
                  107    0.53249999999999997         -4.0224700991329910E-006
                  108    0.53750000000000009         -3.9023218944120459E-006
                  109    0.54249999999999998         -3.7821619980721829E-006
                  110    0.54750000000000010         -3.6619899002191453E-006
                  111    0.55249999999999999         -3.5418050745725580E-006
                  112    0.55750000000000011         -3.4216069265210539E-006
                  113    0.56250000000000000         -3.3013948369982145E-006
                  114    0.56750000000000012         -3.1811681049508890E-006
                  115    0.57250000000000001         -3.0609259935813411E-006
                  116    0.57750000000000001         -2.9406676658416598E-006
                  117    0.58250000000000002         -2.8203922328446332E-006
                  118    0.58749999999999991         -2.7000986803904234E-006
                  119    0.59250000000000003         -2.5797859189672712E-006
                  120    0.59749999999999992         -2.4594526983150379E-006
                  121    0.60250000000000004         -2.3390976576704389E-006
                  122    0.60749999999999993         -2.2187192236262390E-006
                  123    0.61250000000000004         -2.0983156576974942E-006
                  124    0.61749999999999994         -1.9778849294912783E-006
                  125    0.62250000000000005         -1.8574247552810255E-006
                  126    0.62749999999999995         -1.7369324319993136E-006
                  127    0.63250000000000006         -1.6164048527740548E-006
                  128    0.63749999999999996         -1.4958382729671798E-006
                  129    0.64250000000000007         -1.3752282694528208E-006
                  130    0.64749999999999996         -1.2545693747025726E-006
                  131    0.65250000000000008         -1.1338548933233870E-006
                  132    0.65749999999999997         -1.0130762394226182E-006
                  133    0.66250000000000009         -8.9222235038326619E-007
                  134    0.66749999999999998         -7.7127820889225611E-007
                  135    0.67250000000000010         -6.5022287769629572E-007
                  136    0.67749999999999999         -5.2902499618502733E-007
                  137    0.68250000000000011         -4.0763409212687444E-007
                  138    0.68750000000000000         -2.8595682866364670E-007
                  139    0.69250000000000012         -1.6377475036026957E-007
                  140    0.69750000000000001         -3.9916291840763582E-008
